timestamp;(0,34);(14,17);(25,24);(8,13);(8,22);(14,10);(14,11);(28,27);(28,29);(28,30);(2,3);(2,32);(5,4);(9,12);(23,15);(23,19);(23,20);(18,21);(6,7);(2,16);(25,26);(33,1);(33,31);(34,9);(9,18);(18,2);(2,5);(5,23);(23,25);(25,28);(28,14);(14,8);(8,6);(6,33);(33,34);(25,25.1);(8,8.1);(14,14.1);(28,28.1);(2,2.1);(5,5.1);(9,9.1);(23,23.1);(18,18.1);(6,6.1);(33,33.1);(34,34.1)
1769443082.5429265;0.00;0.00;97.00;0.00;0.00;0.00;0.00;0.00;0.00;0.00;0.00;0.00;0.00;0.00;0.00;0.00;0.00;0.00;0.00;0.00;0.00;0.00;0.00;0.00;0.00;0.00;0.00;0.00;0.00;0.00;0.00;0.00;0.00;0.00;0.00;0.00;0.00;0.00;0.00;0.00;0.00;0.00;0.00;0.00;0.00;0.00;0.00
1769443082.5433855;0.00;0.00;97.00;0.00;0.00;0.00;0.00;0.00;0.00;0.00;0.00;0.00;0.00;0.00;0.00;0.00;0.00;0.00;0.00;0.00;0.00;0.00;0.00;0.00;0.00;0.00;0.00;0.00;0.00;0.00;0.00;0.00;0.00;0.00;0.00;0.00;0.00;0.00;0.00;0.00;0.00;0.00;0.00;0.00;0.00;0.00;0.00
1769443082.558996;0.00;0.00;194.00;0.00;0.00;0.00;0.00;0.00;0.00;0.00;0.00;0.00;0.00;0.00;0.00;0.00;0.00;0.00;0.00;0.00;0.00;0.00;0.00;0.00;0.00;0.00;0.00;0.00;0.00;0.00;0.00;0.00;0.00;0.00;0.00;0.00;0.00;0.00;0.00;0.00;0.00;0.00;0.00;0.00;0.00;0.00;0.00
1769443082.559354;0.00;0.00;194.00;0.00;0.00;0.00;0.00;0.00;0.00;0.00;0.00;0.00;0.00;0.00;0.00;0.00;0.00;0.00;0.00;0.00;0.00;0.00;0.00;0.00;0.00;0.00;0.00;0.00;0.00;0.00;0.00;0.00;0.00;0.00;0.00;0.00;0.00;0.00;0.00;0.00;0.00;0.00;0.00;0.00;0.00;0.00;0.00
1769443082.5761597;0.00;0.00;291.00;0.00;0.00;0.00;0.00;0.00;0.00;0.00;0.00;0.00;0.00;0.00;0.00;0.00;0.00;0.00;0.00;0.00;0.00;0.00;0.00;0.00;0.00;0.00;0.00;0.00;0.00;0.00;0.00;0.00;0.00;0.00;0.00;0.00;0.00;0.00;0.00;0.00;0.00;0.00;0.00;0.00;0.00;0.00;0.00
1769443082.5765183;0.00;0.00;291.00;0.00;0.00;0.00;0.00;0.00;0.00;0.00;0.00;0.00;0.00;0.00;0.00;0.00;0.00;0.00;0.00;0.00;0.00;0.00;0.00;0.00;0.00;0.00;0.00;0.00;0.00;0.00;0.00;0.00;0.00;0.00;0.00;0.00;0.00;0.00;0.00;0.00;0.00;0.00;0.00;0.00;0.00;0.00;0.00
1769443082.5982618;0.00;0.00;388.00;0.00;0.00;0.00;0.00;0.00;0.00;0.00;0.00;0.00;0.00;0.00;0.00;0.00;0.00;0.00;0.00;0.00;0.00;0.00;0.00;0.00;0.00;0.00;0.00;0.00;0.00;0.00;0.00;0.00;0.00;0.00;0.00;0.00;0.00;0.00;0.00;0.00;0.00;0.00;0.00;0.00;0.00;0.00;0.00
1769443082.598626;0.00;0.00;388.00;0.00;0.00;0.00;0.00;0.00;0.00;0.00;0.00;0.00;0.00;0.00;0.00;0.00;0.00;0.00;0.00;0.00;0.00;0.00;0.00;0.00;0.00;0.00;0.00;0.00;0.00;0.00;0.00;0.00;0.00;0.00;0.00;0.00;0.00;0.00;0.00;0.00;0.00;0.00;0.00;0.00;0.00;0.00;0.00
1769443082.617317;0.00;0.00;485.00;0.00;0.00;0.00;0.00;0.00;0.00;0.00;0.00;0.00;0.00;0.00;0.00;0.00;0.00;0.00;0.00;0.00;0.00;0.00;0.00;0.00;0.00;0.00;0.00;0.00;0.00;0.00;0.00;0.00;0.00;0.00;0.00;0.00;0.00;0.00;0.00;0.00;0.00;0.00;0.00;0.00;0.00;0.00;0.00
1769443082.6176639;0.00;0.00;485.00;0.00;0.00;0.00;0.00;0.00;0.00;0.00;0.00;0.00;0.00;0.00;0.00;0.00;0.00;0.00;0.00;0.00;0.00;0.00;0.00;0.00;0.00;0.00;0.00;0.00;0.00;0.00;0.00;0.00;0.00;0.00;0.00;0.00;0.00;0.00;0.00;0.00;0.00;0.00;0.00;0.00;0.00;0.00;0.00
1769443082.6340213;0.00;0.00;582.00;0.00;0.00;0.00;0.00;0.00;0.00;0.00;0.00;0.00;0.00;0.00;0.00;0.00;0.00;0.00;0.00;0.00;0.00;0.00;0.00;0.00;0.00;0.00;0.00;0.00;0.00;160.00;160.00;0.00;0.00;0.00;0.00;0.00;0.00;0.00;0.00;0.00;0.00;0.00;0.00;0.00;0.00;0.00;0.00
1769443082.6343765;0.00;0.00;582.00;0.00;0.00;0.00;0.00;0.00;0.00;0.00;0.00;0.00;0.00;0.00;0.00;0.00;0.00;0.00;0.00;0.00;0.00;0.00;0.00;0.00;0.00;0.00;0.00;0.00;0.00;160.00;160.00;0.00;0.00;0.00;0.00;0.00;0.00;0.00;0.00;0.00;0.00;0.00;0.00;0.00;0.00;0.00;0.00
1769443093.5319521;0.00;0.00;582.00;0.00;0.00;0.00;0.00;0.00;0.00;0.00;0.00;0.00;0.00;0.00;0.00;0.00;97.00;0.00;0.00;0.00;0.00;0.00;0.00;0.00;0.00;0.00;64.67;64.67;32.33;240.00;240.00;0.00;0.00;0.00;0.00;0.00;0.00;0.00;0.00;0.00;0.00;0.00;0.00;0.00;0.00;0.00;0.00
1769443093.5323749;0.00;0.00;582.00;0.00;0.00;0.00;0.00;0.00;0.00;0.00;0.00;0.00;0.00;0.00;0.00;0.00;97.00;0.00;0.00;0.00;0.00;0.00;0.00;0.00;0.00;0.00;64.67;64.67;32.33;240.00;240.00;0.00;0.00;0.00;0.00;0.00;0.00;0.00;0.00;0.00;0.00;0.00;0.00;0.00;0.00;0.00;0.00
1769443093.5523295;0.00;0.00;582.00;0.00;0.00;0.00;0.00;0.00;0.00;0.00;0.00;0.00;0.00;0.00;0.00;0.00;194.00;0.00;0.00;0.00;0.00;0.00;0.00;0.00;0.00;0.00;129.34;129.34;64.66;320.00;320.00;0.00;0.00;0.00;0.00;112.33;0.00;0.00;0.00;0.00;0.00;0.00;0.00;0.00;0.00;0.00;0.00
1769443093.5527065;0.00;0.00;582.00;0.00;0.00;0.00;0.00;0.00;0.00;0.00;0.00;0.00;0.00;0.00;0.00;0.00;194.00;0.00;0.00;0.00;0.00;0.00;0.00;0.00;0.00;0.00;129.34;129.34;64.66;320.00;320.00;0.00;0.00;0.00;0.00;112.33;0.00;0.00;0.00;0.00;0.00;0.00;0.00;0.00;0.00;0.00;0.00
1769443093.5705645;0.00;0.00;582.00;0.00;0.00;0.00;0.00;0.00;0.00;0.00;0.00;0.00;0.00;0.00;0.00;0.00;291.00;0.00;0.00;0.00;0.00;0.00;0.00;0.00;0.00;0.00;129.34;129.34;209.33;464.67;560.00;0.00;0.00;0.00;0.00;112.33;0.00;0.00;0.00;0.00;0.00;0.00;112.33;0.00;0.00;0.00;0.00
1769443093.570941;0.00;0.00;582.00;0.00;0.00;0.00;0.00;0.00;0.00;0.00;0.00;0.00;0.00;0.00;0.00;0.00;291.00;0.00;0.00;0.00;0.00;0.00;0.00;0.00;0.00;0.00;129.34;129.34;209.33;464.67;560.00;0.00;0.00;0.00;0.00;112.33;0.00;0.00;0.00;0.00;0.00;0.00;112.33;0.00;0.00;0.00;0.00
1769443093.589941;0.00;0.00;582.00;0.00;0.00;0.00;0.00;0.00;0.00;0.00;0.00;0.00;0.00;0.00;0.00;0.00;388.00;0.00;0.00;0.00;0.00;0.00;0.00;0.00;0.00;0.00;129.34;129.34;306.33;561.67;704.67;0.00;0.00;0.00;0.00;112.33;0.00;0.00;0.00;0.00;0.00;0.00;112.33;0.00;0.00;0.00;0.00
1769443093.5903118;0.00;0.00;582.00;0.00;0.00;0.00;0.00;0.00;0.00;0.00;0.00;0.00;0.00;0.00;0.00;0.00;388.00;0.00;0.00;0.00;0.00;0.00;0.00;0.00;0.00;0.00;129.34;129.34;306.33;561.67;704.67;0.00;0.00;0.00;0.00;112.33;0.00;0.00;0.00;0.00;0.00;0.00;112.33;0.00;0.00;0.00;0.00
1769443093.609725;0.00;0.00;582.00;0.00;0.00;0.00;0.00;0.00;0.00;0.00;0.00;0.00;0.00;0.00;0.00;0.00;485.00;0.00;0.00;0.00;0.00;0.00;0.00;0.00;0.00;0.00;129.34;129.34;403.33;658.67;944.67;0.00;0.00;0.00;0.00;112.33;0.00;0.00;0.00;0.00;0.00;0.00;112.33;0.00;0.00;0.00;0.00
1769443093.6101394;0.00;0.00;582.00;0.00;0.00;0.00;0.00;0.00;0.00;0.00;0.00;0.00;0.00;0.00;0.00;0.00;485.00;0.00;0.00;0.00;0.00;0.00;0.00;0.00;0.00;0.00;129.34;129.34;403.33;658.67;944.67;0.00;0.00;0.00;0.00;112.33;0.00;0.00;0.00;0.00;0.00;0.00;112.33;0.00;0.00;0.00;0.00
1769443093.6268752;0.00;0.00;582.00;0.00;0.00;0.00;0.00;0.00;0.00;0.00;0.00;0.00;0.00;0.00;0.00;0.00;582.00;0.00;0.00;0.00;0.00;0.00;0.00;0.00;0.00;0.00;129.34;129.34;500.33;755.67;1184.67;0.00;0.00;0.00;0.00;112.33;0.00;0.00;0.00;0.00;0.00;0.00;112.33;0.00;0.00;0.00;0.00
1769443093.6272492;0.00;0.00;582.00;0.00;0.00;0.00;0.00;0.00;0.00;0.00;0.00;0.00;0.00;0.00;0.00;0.00;582.00;0.00;0.00;0.00;0.00;0.00;0.00;0.00;0.00;0.00;129.34;129.34;500.33;755.67;1184.67;0.00;0.00;0.00;0.00;112.33;0.00;0.00;0.00;0.00;0.00;0.00;112.33;0.00;0.00;0.00;0.00
1769443113.5508711;0.00;0.00;582.00;0.00;0.00;0.00;0.00;0.00;0.00;0.00;0.00;0.00;0.00;0.00;0.00;97.00;582.00;0.00;0.00;0.00;0.00;0.00;0.00;0.00;0.00;0.00;161.67;161.67;565.00;820.34;1344.67;0.00;0.00;0.00;0.00;112.33;0.00;0.00;0.00;0.00;0.00;0.00;112.33;0.00;0.00;0.00;0.00
1769443113.5513349;0.00;0.00;582.00;0.00;0.00;0.00;0.00;0.00;0.00;0.00;0.00;0.00;0.00;0.00;0.00;97.00;582.00;0.00;0.00;0.00;0.00;0.00;0.00;0.00;0.00;0.00;161.67;161.67;565.00;820.34;1344.67;0.00;0.00;0.00;0.00;112.33;0.00;0.00;0.00;0.00;0.00;0.00;112.33;0.00;0.00;0.00;0.00
1769443113.573516;0.00;0.00;582.00;0.00;0.00;0.00;0.00;0.00;0.00;0.00;0.00;0.00;0.00;0.00;0.00;194.00;582.00;0.00;0.00;0.00;0.00;0.00;0.00;0.00;0.00;0.00;161.67;161.67;662.00;965.01;1584.67;0.00;0.00;0.00;0.00;224.66;0.00;0.00;0.00;0.00;0.00;0.00;112.33;0.00;0.00;0.00;0.00
1769443113.5739384;0.00;0.00;582.00;0.00;0.00;0.00;0.00;0.00;0.00;0.00;0.00;0.00;0.00;0.00;0.00;194.00;582.00;0.00;0.00;0.00;0.00;0.00;0.00;0.00;0.00;0.00;161.67;161.67;662.00;965.01;1584.67;0.00;0.00;0.00;0.00;224.66;0.00;0.00;0.00;0.00;0.00;0.00;112.33;0.00;0.00;0.00;0.00
1769443113.5927663;0.00;0.00;582.00;0.00;0.00;0.00;0.00;0.00;0.00;0.00;0.00;0.00;0.00;0.00;0.00;291.00;582.00;0.00;0.00;0.00;0.00;0.00;0.00;0.00;0.00;0.00;568.67;258.67;662.00;965.01;1584.67;0.00;0.00;0.00;0.00;224.66;0.00;0.00;0.00;0.00;310.00;0.00;112.33;0.00;0.00;0.00;0.00
1769443113.5932026;0.00;0.00;582.00;0.00;0.00;0.00;0.00;0.00;0.00;0.00;0.00;0.00;0.00;0.00;0.00;291.00;582.00;0.00;0.00;0.00;0.00;0.00;0.00;0.00;0.00;0.00;568.67;258.67;662.00;965.01;1584.67;0.00;0.00;0.00;0.00;224.66;0.00;0.00;0.00;0.00;310.00;0.00;112.33;0.00;0.00;0.00;0.00
1769443113.6171281;0.00;0.00;582.00;0.00;0.00;0.00;0.00;0.00;0.00;0.00;0.00;0.00;0.00;0.00;0.00;388.00;582.00;0.00;0.00;0.00;0.00;0.00;0.00;0.00;0.00;0.00;568.67;258.67;902.00;1205.01;1824.67;0.00;0.00;0.00;0.00;224.66;0.00;0.00;0.00;0.00;310.00;0.00;449.33;0.00;0.00;0.00;0.00
1769443113.6176457;0.00;0.00;582.00;0.00;0.00;0.00;0.00;0.00;0.00;0.00;0.00;0.00;0.00;0.00;0.00;388.00;582.00;0.00;0.00;0.00;0.00;0.00;0.00;0.00;0.00;0.00;568.67;258.67;902.00;1205.01;1824.67;0.00;0.00;0.00;0.00;224.66;0.00;0.00;0.00;0.00;310.00;0.00;449.33;0.00;0.00;0.00;0.00
1769443113.6365294;0.00;0.00;582.00;0.00;0.00;0.00;0.00;0.00;0.00;0.00;0.00;0.00;0.00;0.00;0.00;485.00;582.00;0.00;0.00;0.00;0.00;0.00;0.00;80.00;80.00;80.00;601.00;291.00;966.67;1269.68;1974.67;0.00;80.00;80.00;80.00;224.66;160.00;0.00;0.00;112.33;310.00;0.00;449.33;0.00;0.00;0.00;0.00
1769443113.6369286;0.00;0.00;582.00;0.00;0.00;0.00;0.00;0.00;0.00;0.00;0.00;0.00;0.00;0.00;0.00;485.00;582.00;0.00;0.00;0.00;0.00;0.00;0.00;80.00;80.00;80.00;601.00;291.00;966.67;1269.68;1974.67;0.00;80.00;80.00;80.00;224.66;160.00;0.00;0.00;112.33;310.00;0.00;449.33;0.00;0.00;0.00;0.00
1769443113.65937;0.00;0.00;582.00;0.00;0.00;0.00;0.00;0.00;0.00;0.00;0.00;0.00;0.00;0.00;0.00;582.00;582.00;0.00;0.00;0.00;0.00;0.00;0.00;80.00;160.00;160.00;633.33;323.33;1031.34;1334.35;2124.67;0.00;80.00;80.00;80.00;224.66;160.00;0.00;0.00;112.33;310.00;0.00;449.33;0.00;0.00;0.00;0.00
1769443113.6598625;0.00;0.00;582.00;0.00;0.00;0.00;0.00;0.00;0.00;0.00;0.00;0.00;0.00;0.00;0.00;582.00;582.00;0.00;0.00;0.00;0.00;0.00;0.00;80.00;160.00;160.00;633.33;323.33;1031.34;1334.35;2124.67;0.00;80.00;80.00;80.00;224.66;160.00;0.00;0.00;112.33;310.00;0.00;449.33;0.00;0.00;0.00;0.00
1769443135.5850608;0.00;0.00;582.00;0.00;0.00;0.00;0.00;0.00;0.00;0.00;0.00;0.00;0.00;0.00;0.00;679.00;582.00;0.00;0.00;0.00;0.00;0.00;0.00;160.00;240.00;240.00;665.66;355.66;1096.01;1399.02;2274.67;0.00;160.00;160.00;160.00;224.66;160.00;0.00;0.00;112.33;310.00;0.00;449.33;0.00;0.00;0.00;0.00
1769443135.5855846;0.00;0.00;582.00;0.00;0.00;0.00;0.00;0.00;0.00;0.00;0.00;0.00;0.00;0.00;0.00;679.00;582.00;0.00;0.00;0.00;0.00;0.00;0.00;160.00;240.00;240.00;665.66;355.66;1096.01;1399.02;2274.67;0.00;160.00;160.00;160.00;224.66;160.00;0.00;0.00;112.33;310.00;0.00;449.33;0.00;0.00;0.00;0.00
1769443135.6061;0.00;0.00;582.00;0.00;0.00;0.00;0.00;0.00;0.00;0.00;0.00;0.00;0.00;0.00;0.00;776.00;582.00;0.00;0.00;0.00;0.00;0.00;0.00;160.00;240.00;240.00;665.66;355.66;1716.01;1399.02;2274.67;0.00;160.00;160.00;160.00;544.66;160.00;0.00;0.00;112.33;310.00;0.00;449.33;0.00;0.00;0.00;0.00
1769443135.6065793;0.00;0.00;582.00;0.00;0.00;0.00;0.00;0.00;0.00;0.00;0.00;0.00;0.00;0.00;0.00;776.00;582.00;0.00;0.00;0.00;0.00;0.00;0.00;160.00;240.00;240.00;665.66;355.66;1716.01;1399.02;2274.67;0.00;160.00;160.00;160.00;544.66;160.00;0.00;0.00;112.33;310.00;0.00;449.33;0.00;0.00;0.00;0.00
1769443135.6309607;0.00;0.00;582.00;0.00;0.00;0.00;0.00;0.00;0.00;0.00;0.00;0.00;0.00;0.00;0.00;1193.00;582.00;0.00;0.00;0.00;0.00;0.00;0.00;160.00;240.00;240.00;815.66;515.66;1748.34;1479.02;2354.67;80.00;160.00;160.00;160.00;656.99;160.00;0.00;0.00;112.33;310.00;0.00;449.33;0.00;0.00;0.00;0.00
1769443135.6314323;0.00;0.00;582.00;0.00;0.00;0.00;0.00;0.00;0.00;0.00;0.00;0.00;0.00;0.00;0.00;1193.00;582.00;0.00;0.00;0.00;0.00;0.00;0.00;160.00;240.00;240.00;815.66;515.66;1748.34;1479.02;2354.67;80.00;160.00;160.00;160.00;656.99;160.00;0.00;0.00;112.33;310.00;0.00;449.33;0.00;0.00;0.00;0.00
1769443135.6562402;0.00;0.00;582.00;0.00;0.00;0.00;0.00;0.00;0.00;0.00;0.00;0.00;0.00;0.00;0.00;1290.00;582.00;0.00;0.00;0.00;0.00;0.00;0.00;160.00;240.00;240.00;815.66;515.66;2090.67;1479.02;2354.67;80.00;160.00;160.00;160.00;999.32;160.00;0.00;0.00;112.33;310.00;0.00;834.00;0.00;0.00;0.00;0.00
1769443135.6567333;0.00;0.00;582.00;0.00;0.00;0.00;0.00;0.00;0.00;0.00;0.00;0.00;0.00;0.00;0.00;1290.00;582.00;0.00;0.00;0.00;0.00;0.00;0.00;160.00;240.00;240.00;815.66;515.66;2090.67;1479.02;2354.67;80.00;160.00;160.00;160.00;999.32;160.00;0.00;0.00;112.33;310.00;0.00;834.00;0.00;0.00;0.00;0.00
1769443135.6816025;0.00;0.00;582.00;0.00;0.00;0.00;0.00;0.00;0.00;0.00;0.00;0.00;0.00;0.00;0.00;1387.00;582.00;0.00;0.00;0.00;0.00;0.00;0.00;160.00;400.00;400.00;1125.66;772.66;2090.67;1479.02;2354.67;80.00;160.00;160.00;160.00;999.32;160.00;0.00;0.00;112.33;534.67;320.00;834.00;0.00;0.00;0.00;0.00
1769443135.6820812;0.00;0.00;582.00;0.00;0.00;0.00;0.00;0.00;0.00;0.00;0.00;0.00;0.00;0.00;0.00;1387.00;582.00;0.00;0.00;0.00;0.00;0.00;0.00;160.00;400.00;400.00;1125.66;772.66;2090.67;1479.02;2354.67;80.00;160.00;160.00;160.00;999.32;160.00;0.00;0.00;112.33;534.67;320.00;834.00;0.00;0.00;0.00;0.00
1769443135.7076268;0.00;0.00;582.00;0.00;0.00;0.00;0.00;0.00;0.00;0.00;0.00;0.00;0.00;0.00;0.00;1484.00;582.00;0.00;0.00;0.00;0.00;0.00;0.00;160.00;400.00;400.00;1125.66;932.66;2347.67;1591.35;2354.67;80.00;160.00;160.00;160.00;1443.99;160.00;0.00;112.33;112.33;694.67;320.00;834.00;0.00;0.00;0.00;0.00
1769443135.708153;0.00;0.00;582.00;0.00;0.00;0.00;0.00;0.00;0.00;0.00;0.00;0.00;0.00;0.00;0.00;1484.00;582.00;0.00;0.00;0.00;0.00;0.00;0.00;160.00;400.00;400.00;1125.66;932.66;2347.67;1591.35;2354.67;80.00;160.00;160.00;160.00;1443.99;160.00;0.00;112.33;112.33;694.67;320.00;834.00;0.00;0.00;0.00;0.00
1769443139.1230164;0.00;97.00;582.00;0.00;0.00;0.00;0.00;0.00;0.00;0.00;0.00;0.00;0.00;0.00;0.00;1484.00;485.00;0.00;0.00;0.00;0.00;0.00;0.00;160.00;400.00;400.00;1125.66;932.66;2250.67;1494.35;2114.67;144.67;160.00;160.00;160.00;1443.99;160.00;0.00;112.33;112.33;694.67;320.00;834.00;0.00;0.00;0.00;0.00
1769443139.123559;0.00;97.00;582.00;0.00;0.00;0.00;0.00;0.00;0.00;0.00;0.00;0.00;0.00;0.00;0.00;1484.00;485.00;0.00;0.00;0.00;0.00;0.00;0.00;160.00;400.00;400.00;1125.66;932.66;2250.67;1494.35;2114.67;144.67;160.00;160.00;160.00;1443.99;160.00;0.00;112.33;112.33;694.67;320.00;834.00;0.00;0.00;0.00;0.00
1769443149.1251912;0.00;97.00;582.00;0.00;0.00;0.00;0.00;0.00;0.00;0.00;0.00;0.00;0.00;0.00;0.00;1387.00;582.00;0.00;0.00;0.00;0.00;0.00;0.00;160.00;320.00;320.00;1205.66;1012.66;2400.67;1494.35;2124.67;304.67;160.00;160.00;160.00;1443.99;160.00;0.00;112.33;112.33;694.67;320.00;834.00;0.00;0.00;0.00;0.00
1769443149.1257532;0.00;97.00;582.00;0.00;0.00;0.00;0.00;0.00;0.00;0.00;0.00;0.00;0.00;0.00;0.00;1387.00;582.00;0.00;0.00;0.00;0.00;0.00;0.00;160.00;320.00;320.00;1205.66;1012.66;2400.67;1494.35;2124.67;304.67;160.00;160.00;160.00;1443.99;160.00;0.00;112.33;112.33;694.67;320.00;834.00;0.00;0.00;0.00;0.00
1769443154.1298616;0.00;97.00;582.00;0.00;0.00;0.00;0.00;0.00;0.00;0.00;0.00;0.00;0.00;0.00;0.00;1096.00;485.00;0.00;0.00;0.00;0.00;0.00;0.00;80.00;240.00;240.00;734.00;851.00;2174.33;1268.01;1574.67;384.67;80.00;80.00;80.00;1443.99;0.00;0.00;112.33;0.00;384.67;320.00;834.00;0.00;0.00;0.00;0.00
1769443154.1303976;0.00;97.00;582.00;0.00;0.00;0.00;0.00;0.00;0.00;0.00;0.00;0.00;0.00;0.00;0.00;1096.00;485.00;0.00;0.00;0.00;0.00;0.00;0.00;80.00;240.00;240.00;734.00;851.00;2174.33;1268.01;1574.67;384.67;80.00;80.00;80.00;1443.99;0.00;0.00;112.33;0.00;384.67;320.00;834.00;0.00;0.00;0.00;0.00
1769443154.151358;0.00;97.00;582.00;0.00;0.00;0.00;0.00;0.00;0.00;0.00;0.00;0.00;0.00;0.00;0.00;1096.00;485.00;97.00;0.00;0.00;0.00;0.00;0.00;80.00;304.67;272.33;734.00;851.00;2174.33;1268.01;1574.67;384.67;80.00;80.00;80.00;1443.99;0.00;0.00;112.33;0.00;384.67;320.00;834.00;0.00;0.00;0.00;0.00
1769443154.1518104;0.00;97.00;582.00;0.00;0.00;0.00;0.00;0.00;0.00;0.00;0.00;0.00;0.00;0.00;0.00;1096.00;485.00;97.00;0.00;0.00;0.00;0.00;0.00;80.00;304.67;272.33;734.00;851.00;2174.33;1268.01;1574.67;384.67;80.00;80.00;80.00;1443.99;0.00;0.00;112.33;0.00;384.67;320.00;834.00;0.00;0.00;0.00;0.00
1769443154.1736174;0.00;97.00;582.00;0.00;0.00;0.00;0.00;0.00;0.00;0.00;0.00;0.00;0.00;0.00;0.00;1096.00;582.00;97.00;0.00;0.00;0.00;0.00;0.00;80.00;464.67;432.33;831.00;948.00;2174.33;1268.01;1574.67;384.67;80.00;80.00;80.00;1443.99;0.00;0.00;112.33;0.00;384.67;640.00;834.00;0.00;0.00;0.00;0.00
1769443154.1740716;0.00;97.00;582.00;0.00;0.00;0.00;0.00;0.00;0.00;0.00;0.00;0.00;0.00;0.00;0.00;1096.00;582.00;97.00;0.00;0.00;0.00;0.00;0.00;80.00;464.67;432.33;831.00;948.00;2174.33;1268.01;1574.67;384.67;80.00;80.00;80.00;1443.99;0.00;0.00;112.33;0.00;384.67;640.00;834.00;0.00;0.00;0.00;0.00
1769443154.197486;0.00;97.00;582.00;0.00;0.00;0.00;0.00;0.00;0.00;0.00;0.00;0.00;0.00;0.00;0.00;1193.00;582.00;97.00;0.00;0.00;0.00;0.00;0.00;80.00;464.67;432.33;831.00;948.00;2319.00;1412.68;1884.67;384.67;80.00;80.00;80.00;1443.99;0.00;150.00;112.33;0.00;384.67;640.00;834.00;0.00;0.00;0.00;0.00
1769443154.197981;0.00;97.00;582.00;0.00;0.00;0.00;0.00;0.00;0.00;0.00;0.00;0.00;0.00;0.00;0.00;1193.00;582.00;97.00;0.00;0.00;0.00;0.00;0.00;80.00;464.67;432.33;831.00;948.00;2319.00;1412.68;1884.67;384.67;80.00;80.00;80.00;1443.99;0.00;150.00;112.33;0.00;384.67;640.00;834.00;0.00;0.00;0.00;0.00
1769443154.2211485;0.00;97.00;582.00;0.00;0.00;0.00;0.00;0.00;0.00;0.00;0.00;0.00;0.00;0.00;0.00;1337.67;582.00;97.00;0.00;0.00;0.00;0.00;0.00;80.00;464.67;432.33;831.00;948.00;2549.00;1492.68;2034.67;384.67;80.00;80.00;80.00;1443.99;0.00;150.00;112.33;0.00;384.67;640.00;1058.67;0.00;0.00;0.00;0.00
1769443154.2216175;0.00;97.00;582.00;0.00;0.00;0.00;0.00;0.00;0.00;0.00;0.00;0.00;0.00;0.00;0.00;1337.67;582.00;97.00;0.00;0.00;0.00;0.00;0.00;80.00;464.67;432.33;831.00;948.00;2549.00;1492.68;2034.67;384.67;80.00;80.00;80.00;1443.99;0.00;150.00;112.33;0.00;384.67;640.00;1058.67;0.00;0.00;0.00;0.00
1769443157.734765;0.00;97.00;582.00;0.00;0.00;0.00;0.00;0.00;0.00;0.00;0.00;97.00;0.00;0.00;0.00;1337.67;582.00;97.00;0.00;0.00;0.00;0.00;0.00;320.00;609.34;577.00;943.33;948.00;2549.00;1492.68;2034.67;384.67;320.00;320.00;320.00;1443.99;0.00;150.00;112.33;0.00;497.00;640.00;1058.67;0.00;0.00;0.00;0.00
1769443157.735334;0.00;97.00;582.00;0.00;0.00;0.00;0.00;0.00;0.00;0.00;0.00;97.00;0.00;0.00;0.00;1337.67;582.00;97.00;0.00;0.00;0.00;0.00;0.00;320.00;609.34;577.00;943.33;948.00;2549.00;1492.68;2034.67;384.67;320.00;320.00;320.00;1443.99;0.00;150.00;112.33;0.00;497.00;640.00;1058.67;0.00;0.00;0.00;0.00
1769443157.7674046;0.00;97.00;582.00;0.00;0.00;0.00;0.00;0.00;0.00;0.00;0.00;241.67;0.00;0.00;0.00;1337.67;582.00;97.00;0.00;0.00;0.00;0.00;0.00;480.00;754.01;721.67;943.33;948.00;2549.00;1492.68;2034.67;384.67;480.00;480.00;480.00;1443.99;0.00;150.00;112.33;0.00;497.00;640.00;1058.67;0.00;0.00;0.00;0.00
1769443157.7679603;0.00;97.00;582.00;0.00;0.00;0.00;0.00;0.00;0.00;0.00;0.00;241.67;0.00;0.00;0.00;1337.67;582.00;97.00;0.00;0.00;0.00;0.00;0.00;480.00;754.01;721.67;943.33;948.00;2549.00;1492.68;2034.67;384.67;480.00;480.00;480.00;1443.99;0.00;150.00;112.33;0.00;497.00;640.00;1058.67;0.00;0.00;0.00;0.00
1769443157.7976935;0.00;97.00;582.00;0.00;0.00;0.00;0.00;0.00;0.00;0.00;0.00;386.34;0.00;0.00;0.00;1337.67;582.00;97.00;0.00;0.00;0.00;0.00;0.00;480.00;754.01;721.67;1088.00;1092.67;2789.00;1732.68;2264.67;384.67;480.00;480.00;480.00;1443.99;0.00;380.00;112.33;0.00;497.00;640.00;1058.67;0.00;0.00;0.00;0.00
1769443157.7982368;0.00;97.00;582.00;0.00;0.00;0.00;0.00;0.00;0.00;0.00;0.00;386.34;0.00;0.00;0.00;1337.67;582.00;97.00;0.00;0.00;0.00;0.00;0.00;480.00;754.01;721.67;1088.00;1092.67;2789.00;1732.68;2264.67;384.67;480.00;480.00;480.00;1443.99;0.00;380.00;112.33;0.00;497.00;640.00;1058.67;0.00;0.00;0.00;0.00
1769443157.8281724;0.00;97.00;582.00;0.00;0.00;0.00;0.00;0.00;0.00;0.00;0.00;531.01;0.00;0.00;0.00;1337.67;582.00;97.00;0.00;0.00;0.00;0.00;0.00;624.67;898.68;866.34;1088.00;1092.67;2789.00;1732.68;2264.67;384.67;720.00;720.00;720.00;1443.99;0.00;380.00;112.33;0.00;497.00;640.00;1058.67;0.00;0.00;0.00;224.67
1769443157.828698;0.00;97.00;582.00;0.00;0.00;0.00;0.00;0.00;0.00;0.00;0.00;531.01;0.00;0.00;0.00;1337.67;582.00;97.00;0.00;0.00;0.00;0.00;0.00;624.67;898.68;866.34;1088.00;1092.67;2789.00;1732.68;2264.67;384.67;720.00;720.00;720.00;1443.99;0.00;380.00;112.33;0.00;497.00;640.00;1058.67;0.00;0.00;0.00;224.67
1769443157.855519;0.00;97.00;582.00;0.00;0.00;0.00;0.00;0.00;0.00;0.00;0.00;675.68;0.00;0.00;0.00;1337.67;582.00;97.00;0.00;0.00;0.00;0.00;0.00;624.67;1058.68;1026.34;1638.00;1092.67;2789.00;1732.68;2264.67;384.67;720.00;720.00;720.00;1443.99;0.00;380.00;112.33;224.67;817.00;950.00;1058.67;0.00;0.00;0.00;224.67
1769443157.856281;0.00;97.00;582.00;0.00;0.00;0.00;0.00;0.00;0.00;0.00;0.00;675.68;0.00;0.00;0.00;1337.67;582.00;97.00;0.00;0.00;0.00;0.00;0.00;624.67;1058.68;1026.34;1638.00;1092.67;2789.00;1732.68;2264.67;384.67;720.00;720.00;720.00;1443.99;0.00;380.00;112.33;224.67;817.00;950.00;1058.67;0.00;0.00;0.00;224.67
1769443157.8864381;0.00;97.00;582.00;0.00;0.00;0.00;0.00;0.00;0.00;0.00;0.00;915.68;0.00;0.00;0.00;1337.67;582.00;97.00;0.00;0.00;0.00;0.00;0.00;784.67;1218.68;1186.34;1868.00;1092.67;2789.00;1732.68;2264.67;384.67;880.00;880.00;880.00;1443.99;0.00;380.00;112.33;224.67;817.00;950.00;1058.67;0.00;0.00;0.00;544.67
1769443157.886975;0.00;97.00;582.00;0.00;0.00;0.00;0.00;0.00;0.00;0.00;0.00;915.68;0.00;0.00;0.00;1337.67;582.00;97.00;0.00;0.00;0.00;0.00;0.00;784.67;1218.68;1186.34;1868.00;1092.67;2789.00;1732.68;2264.67;384.67;880.00;880.00;880.00;1443.99;0.00;380.00;112.33;224.67;817.00;950.00;1058.67;0.00;0.00;0.00;544.67
1769443159.1373177;0.00;0.00;388.00;0.00;0.00;0.00;0.00;0.00;0.00;0.00;0.00;915.68;0.00;0.00;144.67;1240.67;485.00;97.00;0.00;0.00;0.00;0.00;0.00;784.67;1218.68;1186.34;1868.00;1092.67;2692.00;1443.34;1784.67;320.00;880.00;880.00;880.00;1331.66;0.00;380.00;112.33;224.67;817.00;950.00;946.34;0.00;0.00;0.00;544.67
1769443159.137924;0.00;0.00;388.00;0.00;0.00;0.00;0.00;0.00;0.00;0.00;0.00;915.68;0.00;0.00;144.67;1240.67;485.00;97.00;0.00;0.00;0.00;0.00;0.00;784.67;1218.68;1186.34;1868.00;1092.67;2692.00;1443.34;1784.67;320.00;880.00;880.00;880.00;1331.66;0.00;380.00;112.33;224.67;817.00;950.00;946.34;0.00;0.00;0.00;544.67
1769443159.1643155;0.00;0.00;388.00;0.00;0.00;144.67;0.00;0.00;0.00;0.00;0.00;915.68;0.00;0.00;144.67;1240.67;485.00;97.00;0.00;0.00;0.00;0.00;0.00;784.67;1218.68;1186.34;1868.00;1092.67;2692.00;1443.34;1784.67;320.00;880.00;880.00;880.00;1331.66;0.00;380.00;112.33;224.67;817.00;950.00;946.34;0.00;0.00;0.00;544.67
1769443159.164843;0.00;0.00;388.00;0.00;0.00;144.67;0.00;0.00;0.00;0.00;0.00;915.68;0.00;0.00;144.67;1240.67;485.00;97.00;0.00;0.00;0.00;0.00;0.00;784.67;1218.68;1186.34;1868.00;1092.67;2692.00;1443.34;1784.67;320.00;880.00;880.00;880.00;1331.66;0.00;380.00;112.33;224.67;817.00;950.00;946.34;0.00;0.00;0.00;544.67
1769443159.1897435;0.00;144.67;388.00;0.00;0.00;144.67;0.00;0.00;0.00;0.00;0.00;915.68;0.00;0.00;144.67;1240.67;485.00;97.00;0.00;0.00;0.00;0.00;0.00;784.67;1218.68;1186.34;1868.00;1092.67;2692.00;1443.34;2014.67;480.00;880.00;880.00;880.00;1331.66;0.00;380.00;112.33;224.67;817.00;950.00;946.34;0.00;0.00;0.00;544.67
1769443159.1902719;0.00;144.67;388.00;0.00;0.00;144.67;0.00;0.00;0.00;0.00;0.00;915.68;0.00;0.00;144.67;1240.67;485.00;97.00;0.00;0.00;0.00;0.00;0.00;784.67;1218.68;1186.34;1868.00;1092.67;2692.00;1443.34;2014.67;480.00;880.00;880.00;880.00;1331.66;0.00;380.00;112.33;224.67;817.00;950.00;946.34;0.00;0.00;0.00;544.67
1769443159.2168925;0.00;144.67;388.00;0.00;0.00;144.67;144.67;0.00;0.00;0.00;0.00;915.68;0.00;0.00;144.67;1240.67;485.00;97.00;0.00;0.00;0.00;0.00;0.00;784.67;1218.68;1186.34;1868.00;1092.67;2692.00;1443.34;2244.67;640.00;880.00;880.00;880.00;1331.66;0.00;380.00;112.33;224.67;817.00;950.00;946.34;0.00;0.00;0.00;544.67
1769443159.2174225;0.00;144.67;388.00;0.00;0.00;144.67;144.67;0.00;0.00;0.00;0.00;915.68;0.00;0.00;144.67;1240.67;485.00;97.00;0.00;0.00;0.00;0.00;0.00;784.67;1218.68;1186.34;1868.00;1092.67;2692.00;1443.34;2244.67;640.00;880.00;880.00;880.00;1331.66;0.00;380.00;112.33;224.67;817.00;950.00;946.34;0.00;0.00;0.00;544.67
1769443159.2435918;0.00;144.67;388.00;0.00;0.00;144.67;384.67;0.00;0.00;0.00;0.00;915.68;0.00;0.00;144.67;1240.67;485.00;97.00;0.00;0.00;0.00;0.00;0.00;784.67;1218.68;1186.34;1868.00;1092.67;2692.00;1443.34;2474.67;800.00;880.00;880.00;880.00;1331.66;0.00;380.00;112.33;224.67;817.00;950.00;946.34;0.00;0.00;0.00;544.67
1769443159.244158;0.00;144.67;388.00;0.00;0.00;144.67;384.67;0.00;0.00;0.00;0.00;915.68;0.00;0.00;144.67;1240.67;485.00;97.00;0.00;0.00;0.00;0.00;0.00;784.67;1218.68;1186.34;1868.00;1092.67;2692.00;1443.34;2474.67;800.00;880.00;880.00;880.00;1331.66;0.00;380.00;112.33;224.67;817.00;950.00;946.34;0.00;0.00;0.00;544.67
1769443164.1421814;0.00;289.34;291.00;0.00;0.00;144.67;384.67;0.00;0.00;0.00;0.00;915.68;0.00;0.00;144.67;1240.67;388.00;97.00;0.00;0.00;0.00;0.00;0.00;784.67;1218.68;1186.34;1868.00;1092.67;2595.00;1346.34;2560.00;800.00;880.00;880.00;880.00;1331.66;0.00;380.00;112.33;224.67;817.00;950.00;946.34;0.00;0.00;0.00;544.67
1769443164.142852;0.00;289.34;291.00;0.00;0.00;144.67;384.67;0.00;0.00;0.00;0.00;915.68;0.00;0.00;144.67;1240.67;388.00;97.00;0.00;0.00;0.00;0.00;0.00;784.67;1218.68;1186.34;1868.00;1092.67;2595.00;1346.34;2560.00;800.00;880.00;880.00;880.00;1331.66;0.00;380.00;112.33;224.67;817.00;950.00;946.34;0.00;0.00;0.00;544.67
1769443164.168988;0.00;434.01;291.00;0.00;0.00;144.67;384.67;0.00;0.00;0.00;0.00;915.68;0.00;0.00;144.67;1240.67;388.00;97.00;0.00;0.00;0.00;0.00;0.00;784.67;1218.68;1186.34;1868.00;1092.67;2595.00;1346.34;2560.00;1200.00;880.00;880.00;880.00;1331.66;230.00;690.00;112.33;224.67;817.00;950.00;946.34;0.00;0.00;0.00;544.67
1769443164.169512;0.00;434.01;291.00;0.00;0.00;144.67;384.67;0.00;0.00;0.00;0.00;915.68;0.00;0.00;144.67;1240.67;388.00;97.00;0.00;0.00;0.00;0.00;0.00;784.67;1218.68;1186.34;1868.00;1092.67;2595.00;1346.34;2560.00;1200.00;880.00;880.00;880.00;1331.66;230.00;690.00;112.33;224.67;817.00;950.00;946.34;0.00;0.00;0.00;544.67
1769443169.640702;0.00;434.01;291.00;0.00;144.67;144.67;384.67;0.00;0.00;0.00;0.00;915.68;0.00;0.00;144.67;1240.67;388.00;97.00;0.00;0.00;0.00;0.00;0.00;784.67;1218.68;1186.34;1868.00;1092.67;2595.00;1346.34;3100.00;1440.00;880.00;880.00;880.00;1331.66;230.00;1010.00;342.33;224.67;817.00;950.00;946.34;0.00;0.00;0.00;544.67
1769443169.6414135;0.00;434.01;291.00;0.00;144.67;144.67;384.67;0.00;0.00;0.00;0.00;915.68;0.00;0.00;144.67;1240.67;388.00;97.00;0.00;0.00;0.00;0.00;0.00;784.67;1218.68;1186.34;1868.00;1092.67;2595.00;1346.34;3100.00;1440.00;880.00;880.00;880.00;1331.66;230.00;1010.00;342.33;224.67;817.00;950.00;946.34;0.00;0.00;0.00;544.67
1769443169.672469;0.00;434.01;291.00;0.00;384.67;144.67;384.67;0.00;0.00;0.00;0.00;915.68;0.00;0.00;144.67;1240.67;388.00;97.00;0.00;0.00;0.00;0.00;0.00;784.67;1218.68;1186.34;1868.00;1092.67;2595.00;1506.34;3490.00;1680.00;880.00;880.00;880.00;1331.66;230.00;1010.00;892.33;224.67;817.00;950.00;946.34;0.00;0.00;0.00;544.67
1769443169.6730447;0.00;434.01;291.00;0.00;384.67;144.67;384.67;0.00;0.00;0.00;0.00;915.68;0.00;0.00;144.67;1240.67;388.00;97.00;0.00;0.00;0.00;0.00;0.00;784.67;1218.68;1186.34;1868.00;1092.67;2595.00;1506.34;3490.00;1680.00;880.00;880.00;880.00;1331.66;230.00;1010.00;892.33;224.67;817.00;950.00;946.34;0.00;0.00;0.00;544.67
1769443169.703293;0.00;434.01;291.00;0.00;624.67;144.67;384.67;0.00;0.00;0.00;0.00;915.68;0.00;0.00;144.67;1240.67;388.00;97.00;0.00;0.00;0.00;0.00;0.00;784.67;1218.68;1186.34;1868.00;1092.67;2595.00;1506.34;3570.00;2080.00;880.00;880.00;880.00;1331.66;540.00;1330.00;1122.33;224.67;817.00;950.00;946.34;0.00;0.00;0.00;544.67
1769443169.7039223;0.00;434.01;291.00;0.00;624.67;144.67;384.67;0.00;0.00;0.00;0.00;915.68;0.00;0.00;144.67;1240.67;388.00;97.00;0.00;0.00;0.00;0.00;0.00;784.67;1218.68;1186.34;1868.00;1092.67;2595.00;1506.34;3570.00;2080.00;880.00;880.00;880.00;1331.66;540.00;1330.00;1122.33;224.67;817.00;950.00;946.34;0.00;0.00;0.00;544.67
1769443169.7349916;0.00;434.01;291.00;0.00;864.67;144.67;384.67;0.00;0.00;0.00;0.00;915.68;0.00;0.00;144.67;1240.67;388.00;97.00;0.00;0.00;0.00;0.00;0.00;784.67;1218.68;1186.34;1868.00;1092.67;2595.00;1656.34;3650.00;2160.00;880.00;880.00;880.00;1331.66;850.00;1330.00;1352.33;224.67;817.00;950.00;946.34;0.00;0.00;0.00;544.67
1769443169.7355843;0.00;434.01;291.00;0.00;864.67;144.67;384.67;0.00;0.00;0.00;0.00;915.68;0.00;0.00;144.67;1240.67;388.00;97.00;0.00;0.00;0.00;0.00;0.00;784.67;1218.68;1186.34;1868.00;1092.67;2595.00;1656.34;3650.00;2160.00;880.00;880.00;880.00;1331.66;850.00;1330.00;1352.33;224.67;817.00;950.00;946.34;0.00;0.00;0.00;544.67
1769443169.7672765;0.00;434.01;291.00;0.00;1104.67;144.67;384.67;0.00;0.00;0.00;0.00;915.68;0.00;0.00;144.67;1240.67;388.00;97.00;0.00;0.00;0.00;0.00;0.00;784.67;1218.68;1186.34;1868.00;1092.67;2595.00;1956.34;3890.00;2400.00;880.00;880.00;880.00;1331.66;1170.00;1330.00;1582.33;224.67;817.00;950.00;946.34;0.00;0.00;0.00;544.67
1769443169.767913;0.00;434.01;291.00;0.00;1104.67;144.67;384.67;0.00;0.00;0.00;0.00;915.68;0.00;0.00;144.67;1240.67;388.00;97.00;0.00;0.00;0.00;0.00;0.00;784.67;1218.68;1186.34;1868.00;1092.67;2595.00;1956.34;3890.00;2400.00;880.00;880.00;880.00;1331.66;1170.00;1330.00;1582.33;224.67;817.00;950.00;946.34;0.00;0.00;0.00;544.67
1769443169.799919;0.00;434.01;291.00;0.00;1344.67;144.67;384.67;0.00;0.00;0.00;0.00;915.68;0.00;0.00;144.67;1240.67;388.00;97.00;0.00;0.00;0.00;0.00;0.00;784.67;1218.68;1186.34;1868.00;1092.67;2595.00;2266.34;4130.00;2640.00;880.00;880.00;880.00;1331.66;1170.00;1330.00;1812.33;224.67;817.00;950.00;946.34;0.00;0.00;0.00;544.67
1769443169.8005614;0.00;434.01;291.00;0.00;1344.67;144.67;384.67;0.00;0.00;0.00;0.00;915.68;0.00;0.00;144.67;1240.67;388.00;97.00;0.00;0.00;0.00;0.00;0.00;784.67;1218.68;1186.34;1868.00;1092.67;2595.00;2266.34;4130.00;2640.00;880.00;880.00;880.00;1331.66;1170.00;1330.00;1812.33;224.67;817.00;950.00;946.34;0.00;0.00;0.00;544.67
1769443174.1502903;0.00;578.68;194.00;0.00;1344.67;144.67;384.67;0.00;0.00;0.00;0.00;915.68;0.00;0.00;144.67;1240.67;97.00;97.00;0.00;0.00;0.00;0.00;0.00;784.67;1058.68;1026.34;1594.00;818.67;2348.00;1961.67;3730.00;2854.67;880.00;880.00;880.00;1331.66;1170.00;1330.00;1812.33;224.67;817.00;630.00;946.34;0.00;0.00;0.00;544.67
1769443174.1510797;0.00;578.68;194.00;0.00;1344.67;144.67;384.67;0.00;0.00;0.00;0.00;915.68;0.00;0.00;144.67;1240.67;97.00;97.00;0.00;0.00;0.00;0.00;0.00;784.67;1058.68;1026.34;1594.00;818.67;2348.00;1961.67;3730.00;2854.67;880.00;880.00;880.00;1331.66;1170.00;1330.00;1812.33;224.67;817.00;630.00;946.34;0.00;0.00;0.00;544.67
1769443174.1874154;0.00;818.68;194.00;0.00;1344.67;144.67;384.67;0.00;0.00;0.00;0.00;915.68;0.00;0.00;144.67;1240.67;97.00;97.00;0.00;0.00;0.00;0.00;0.00;784.67;1058.68;1026.34;1594.00;818.67;2348.00;2121.67;3890.00;2934.67;880.00;880.00;880.00;1331.66;1170.00;1330.00;1812.33;224.67;817.00;630.00;946.34;0.00;0.00;0.00;544.67
1769443174.1881416;0.00;818.68;194.00;0.00;1344.67;144.67;384.67;0.00;0.00;0.00;0.00;915.68;0.00;0.00;144.67;1240.67;97.00;97.00;0.00;0.00;0.00;0.00;0.00;784.67;1058.68;1026.34;1594.00;818.67;2348.00;2121.67;3890.00;2934.67;880.00;880.00;880.00;1331.66;1170.00;1330.00;1812.33;224.67;817.00;630.00;946.34;0.00;0.00;0.00;544.67
1769443174.215564;0.00;1058.68;194.00;0.00;1344.67;144.67;384.67;0.00;0.00;0.00;0.00;915.68;0.00;0.00;144.67;1240.67;97.00;97.00;0.00;0.00;0.00;0.00;0.00;784.67;1058.68;1026.34;1594.00;818.67;2348.00;2281.67;4050.00;3014.67;880.00;880.00;880.00;1331.66;1170.00;1330.00;1812.33;224.67;817.00;630.00;946.34;0.00;0.00;0.00;544.67
1769443174.2161434;0.00;1058.68;194.00;0.00;1344.67;144.67;384.67;0.00;0.00;0.00;0.00;915.68;0.00;0.00;144.67;1240.67;97.00;97.00;0.00;0.00;0.00;0.00;0.00;784.67;1058.68;1026.34;1594.00;818.67;2348.00;2281.67;4050.00;3014.67;880.00;880.00;880.00;1331.66;1170.00;1330.00;1812.33;224.67;817.00;630.00;946.34;0.00;0.00;0.00;544.67
1769443174.3934786;0.00;1298.68;194.00;0.00;1344.67;144.67;384.67;0.00;0.00;0.00;0.00;915.68;0.00;0.00;144.67;1240.67;97.00;97.00;0.00;0.00;0.00;0.00;0.00;944.67;1058.68;1026.34;1594.00;818.67;2348.00;2281.67;4050.00;3254.67;1040.00;1040.00;1040.00;1331.66;1400.00;1650.00;1812.33;224.67;817.00;630.00;946.34;0.00;0.00;0.00;544.67
1769443174.3941863;0.00;1298.68;194.00;0.00;1344.67;144.67;384.67;0.00;0.00;0.00;0.00;915.68;0.00;0.00;144.67;1240.67;97.00;97.00;0.00;0.00;0.00;0.00;0.00;944.67;1058.68;1026.34;1594.00;818.67;2348.00;2281.67;4050.00;3254.67;1040.00;1040.00;1040.00;1331.66;1400.00;1650.00;1812.33;224.67;817.00;630.00;946.34;0.00;0.00;0.00;544.67
1769443179.1500392;0.00;1538.68;194.00;0.00;1344.67;144.67;384.67;0.00;0.00;0.00;0.00;915.68;0.00;0.00;0.00;1240.67;97.00;97.00;0.00;0.00;0.00;0.00;0.00;944.67;1058.68;1026.34;1594.00;818.67;2203.33;2431.67;4210.00;3334.67;1040.00;1040.00;1040.00;1331.66;1400.00;1970.00;1812.33;224.67;817.00;630.00;946.34;0.00;0.00;0.00;544.67
1769443179.15073;0.00;1538.68;194.00;0.00;1344.67;144.67;384.67;0.00;0.00;0.00;0.00;915.68;0.00;0.00;0.00;1240.67;97.00;97.00;0.00;0.00;0.00;0.00;0.00;944.67;1058.68;1026.34;1594.00;818.67;2203.33;2431.67;4210.00;3334.67;1040.00;1040.00;1040.00;1331.66;1400.00;1970.00;1812.33;224.67;817.00;630.00;946.34;0.00;0.00;0.00;544.67
1769443191.6698961;0.00;1154.01;0.00;0.00;1344.67;144.67;0.00;0.00;0.00;0.00;0.00;915.68;0.00;0.00;0.00;1240.67;97.00;97.00;0.00;0.00;0.00;0.00;144.67;864.67;1058.68;1026.34;1594.00;818.67;2203.33;2431.67;3750.00;2374.67;944.67;944.67;960.00;1331.66;940.00;1340.00;1812.33;224.67;817.00;630.00;946.34;0.00;0.00;0.00;544.67
1769443191.6705759;0.00;1154.01;0.00;0.00;1344.67;144.67;0.00;0.00;0.00;0.00;0.00;915.68;0.00;0.00;0.00;1240.67;97.00;97.00;0.00;0.00;0.00;0.00;144.67;864.67;1058.68;1026.34;1594.00;818.67;2203.33;2431.67;3750.00;2374.67;944.67;944.67;960.00;1331.66;940.00;1340.00;1812.33;224.67;817.00;630.00;946.34;0.00;0.00;0.00;544.67
1769443191.7046869;0.00;1154.01;0.00;0.00;1344.67;144.67;0.00;0.00;0.00;0.00;0.00;915.68;0.00;0.00;0.00;1240.67;97.00;97.00;0.00;0.00;0.00;0.00;384.67;864.67;1058.68;1026.34;1594.00;818.67;2203.33;2431.67;3750.00;2374.67;1184.67;1184.67;960.00;1331.66;1170.00;1340.00;1812.33;224.67;817.00;630.00;946.34;0.00;0.00;0.00;544.67
1769443191.7053256;0.00;1154.01;0.00;0.00;1344.67;144.67;0.00;0.00;0.00;0.00;0.00;915.68;0.00;0.00;0.00;1240.67;97.00;97.00;0.00;0.00;0.00;0.00;384.67;864.67;1058.68;1026.34;1594.00;818.67;2203.33;2431.67;3750.00;2374.67;1184.67;1184.67;960.00;1331.66;1170.00;1340.00;1812.33;224.67;817.00;630.00;946.34;0.00;0.00;0.00;544.67
1769443191.73648;0.00;1154.01;0.00;0.00;1344.67;144.67;0.00;0.00;0.00;0.00;0.00;915.68;0.00;0.00;0.00;1240.67;97.00;97.00;0.00;0.00;0.00;0.00;624.67;944.67;1058.68;1026.34;1594.00;818.67;2203.33;2431.67;3750.00;2684.67;1344.67;1344.67;1040.00;1331.66;1170.00;1340.00;1812.33;224.67;817.00;630.00;946.34;0.00;0.00;0.00;544.67
1769443191.7370856;0.00;1154.01;0.00;0.00;1344.67;144.67;0.00;0.00;0.00;0.00;0.00;915.68;0.00;0.00;0.00;1240.67;97.00;97.00;0.00;0.00;0.00;0.00;624.67;944.67;1058.68;1026.34;1594.00;818.67;2203.33;2431.67;3750.00;2684.67;1344.67;1344.67;1040.00;1331.66;1170.00;1340.00;1812.33;224.67;817.00;630.00;946.34;0.00;0.00;0.00;544.67
1769443191.7692702;0.00;1154.01;0.00;0.00;1344.67;144.67;0.00;0.00;0.00;0.00;0.00;915.68;0.00;0.00;0.00;1240.67;97.00;97.00;0.00;0.00;0.00;0.00;864.67;1024.67;1058.68;1026.34;1594.00;818.67;2203.33;2431.67;3750.00;2684.67;1814.67;1504.67;1120.00;1331.66;1490.00;1340.00;1812.33;224.67;817.00;630.00;946.34;0.00;310.00;0.00;544.67
1769443191.7699175;0.00;1154.01;0.00;0.00;1344.67;144.67;0.00;0.00;0.00;0.00;0.00;915.68;0.00;0.00;0.00;1240.67;97.00;97.00;0.00;0.00;0.00;0.00;864.67;1024.67;1058.68;1026.34;1594.00;818.67;2203.33;2431.67;3750.00;2684.67;1814.67;1504.67;1120.00;1331.66;1490.00;1340.00;1812.33;224.67;817.00;630.00;946.34;0.00;310.00;0.00;544.67
1769443191.8026156;0.00;1154.01;0.00;0.00;1344.67;144.67;0.00;0.00;0.00;0.00;0.00;915.68;0.00;0.00;0.00;1240.67;97.00;97.00;0.00;0.00;0.00;0.00;1104.67;1264.67;1218.68;1186.34;1914.00;818.67;2203.33;2431.67;3750.00;2684.67;1814.67;1504.67;1360.00;1331.66;1490.00;1340.00;1812.33;224.67;1137.00;630.00;946.34;0.00;310.00;0.00;544.67
1769443191.803351;0.00;1154.01;0.00;0.00;1344.67;144.67;0.00;0.00;0.00;0.00;0.00;915.68;0.00;0.00;0.00;1240.67;97.00;97.00;0.00;0.00;0.00;0.00;1104.67;1264.67;1218.68;1186.34;1914.00;818.67;2203.33;2431.67;3750.00;2684.67;1814.67;1504.67;1360.00;1331.66;1490.00;1340.00;1812.33;224.67;1137.00;630.00;946.34;0.00;310.00;0.00;544.67
1769443191.8347123;0.00;1154.01;0.00;0.00;1344.67;144.67;0.00;0.00;0.00;0.00;0.00;915.68;0.00;0.00;0.00;1240.67;97.00;97.00;0.00;0.00;0.00;0.00;1344.67;1504.67;1378.68;1346.34;1914.00;818.67;2203.33;2431.67;3750.00;2684.67;1814.67;1504.67;1600.00;1331.66;1490.00;1340.00;1812.33;224.67;1137.00;950.00;946.34;0.00;310.00;0.00;544.67
1769443191.8353271;0.00;1154.01;0.00;0.00;1344.67;144.67;0.00;0.00;0.00;0.00;0.00;915.68;0.00;0.00;0.00;1240.67;97.00;97.00;0.00;0.00;0.00;0.00;1344.67;1504.67;1378.68;1346.34;1914.00;818.67;2203.33;2431.67;3750.00;2684.67;1814.67;1504.67;1600.00;1331.66;1490.00;1340.00;1812.33;224.67;1137.00;950.00;946.34;0.00;310.00;0.00;544.67
1769443194.1575892;0.00;1154.01;0.00;240.00;1200.00;144.67;0.00;0.00;0.00;0.00;0.00;915.68;0.00;0.00;0.00;1240.67;97.00;97.00;0.00;0.00;0.00;0.00;1344.67;1504.67;1378.68;1346.34;1914.00;818.67;2203.33;2591.67;3600.00;2684.67;1814.67;1504.67;1600.00;1331.66;1490.00;1020.00;1582.33;224.67;1137.00;950.00;946.34;0.00;310.00;0.00;544.67
1769443194.1582778;0.00;1154.01;0.00;240.00;1200.00;144.67;0.00;0.00;0.00;0.00;0.00;915.68;0.00;0.00;0.00;1240.67;97.00;97.00;0.00;0.00;0.00;0.00;1344.67;1504.67;1378.68;1346.34;1914.00;818.67;2203.33;2591.67;3600.00;2684.67;1814.67;1504.67;1600.00;1331.66;1490.00;1020.00;1582.33;224.67;1137.00;950.00;946.34;0.00;310.00;0.00;544.67
1769443204.1625462;0.00;1154.01;0.00;480.00;960.00;144.67;0.00;0.00;0.00;0.00;0.00;915.68;0.00;0.00;0.00;1240.67;97.00;97.00;0.00;0.00;0.00;0.00;1344.67;1504.67;1378.68;1346.34;1914.00;818.67;2203.33;2671.67;3600.00;2524.67;1814.67;1504.67;1600.00;1331.66;1500.00;1010.00;1352.33;224.67;1137.00;950.00;946.34;0.00;310.00;0.00;544.67
1769443204.1632352;0.00;1154.01;0.00;480.00;960.00;144.67;0.00;0.00;0.00;0.00;0.00;915.68;0.00;0.00;0.00;1240.67;97.00;97.00;0.00;0.00;0.00;0.00;1344.67;1504.67;1378.68;1346.34;1914.00;818.67;2203.33;2671.67;3600.00;2524.67;1814.67;1504.67;1600.00;1331.66;1500.00;1010.00;1352.33;224.67;1137.00;950.00;946.34;0.00;310.00;0.00;544.67
1769443206.6786263;0.00;1009.34;0.00;720.00;960.00;144.67;0.00;0.00;0.00;0.00;0.00;915.68;0.00;0.00;0.00;1240.67;0.00;97.00;0.00;0.00;0.00;0.00;1344.67;1504.67;1378.68;1346.34;1849.33;754.00;2171.00;2591.67;3290.00;2764.67;1814.67;1504.67;1600.00;1219.33;1500.00;1010.00;1352.33;224.67;1137.00;950.00;946.34;0.00;310.00;0.00;544.67
1769443206.6793356;0.00;1009.34;0.00;720.00;960.00;144.67;0.00;0.00;0.00;0.00;0.00;915.68;0.00;0.00;0.00;1240.67;0.00;97.00;0.00;0.00;0.00;0.00;1344.67;1504.67;1378.68;1346.34;1849.33;754.00;2171.00;2591.67;3290.00;2764.67;1814.67;1504.67;1600.00;1219.33;1500.00;1010.00;1352.33;224.67;1137.00;950.00;946.34;0.00;310.00;0.00;544.67
1769443206.7110384;0.00;1009.34;0.00;960.00;960.00;144.67;0.00;0.00;0.00;0.00;0.00;915.68;0.00;0.00;0.00;1240.67;0.00;97.00;0.00;0.00;0.00;0.00;1344.67;1504.67;1378.68;1346.34;1849.33;754.00;2171.00;2751.67;3450.00;3004.67;1814.67;1504.67;1600.00;1219.33;1500.00;1010.00;1352.33;224.67;1137.00;950.00;946.34;0.00;310.00;0.00;544.67
1769443206.7116613;0.00;1009.34;0.00;960.00;960.00;144.67;0.00;0.00;0.00;0.00;0.00;915.68;0.00;0.00;0.00;1240.67;0.00;97.00;0.00;0.00;0.00;0.00;1344.67;1504.67;1378.68;1346.34;1849.33;754.00;2171.00;2751.67;3450.00;3004.67;1814.67;1504.67;1600.00;1219.33;1500.00;1010.00;1352.33;224.67;1137.00;950.00;946.34;0.00;310.00;0.00;544.67
1769443206.743517;0.00;1009.34;0.00;1200.00;960.00;144.67;0.00;0.00;0.00;0.00;0.00;915.68;0.00;0.00;0.00;1240.67;0.00;97.00;0.00;0.00;0.00;0.00;1344.67;1504.67;1378.68;1346.34;1849.33;754.00;2401.00;2831.67;3530.00;3244.67;1814.67;1504.67;1600.00;1219.33;1500.00;1320.00;1352.33;224.67;1137.00;950.00;946.34;0.00;310.00;0.00;544.67
1769443206.744271;0.00;1009.34;0.00;1200.00;960.00;144.67;0.00;0.00;0.00;0.00;0.00;915.68;0.00;0.00;0.00;1240.67;0.00;97.00;0.00;0.00;0.00;0.00;1344.67;1504.67;1378.68;1346.34;1849.33;754.00;2401.00;2831.67;3530.00;3244.67;1814.67;1504.67;1600.00;1219.33;1500.00;1320.00;1352.33;224.67;1137.00;950.00;946.34;0.00;310.00;0.00;544.67
1769443206.7783058;0.00;1009.34;0.00;1440.00;960.00;144.67;0.00;0.00;0.00;0.00;0.00;915.68;0.00;0.00;0.00;1240.67;0.00;97.00;0.00;0.00;0.00;0.00;1344.67;1584.67;1458.68;1426.34;1849.33;754.00;2401.00;2981.67;3690.00;3404.67;1894.67;1584.67;1680.00;1219.33;1500.00;1640.00;1662.33;224.67;1137.00;950.00;946.34;0.00;310.00;0.00;544.67
1769443206.7790093;0.00;1009.34;0.00;1440.00;960.00;144.67;0.00;0.00;0.00;0.00;0.00;915.68;0.00;0.00;0.00;1240.67;0.00;97.00;0.00;0.00;0.00;0.00;1344.67;1584.67;1458.68;1426.34;1849.33;754.00;2401.00;2981.67;3690.00;3404.67;1894.67;1584.67;1680.00;1219.33;1500.00;1640.00;1662.33;224.67;1137.00;950.00;946.34;0.00;310.00;0.00;544.67
1769443206.8149617;0.00;1009.34;0.00;1680.00;960.00;144.67;0.00;0.00;0.00;0.00;0.00;915.68;0.00;0.00;0.00;1240.67;0.00;97.00;0.00;0.00;0.00;0.00;1344.67;1584.67;1458.68;1426.34;1849.33;754.00;2631.00;3061.67;3770.00;3484.67;2204.67;1584.67;1680.00;1219.33;1500.00;1640.00;1662.33;224.67;1137.00;950.00;946.34;0.00;310.00;0.00;544.67
1769443206.8156111;0.00;1009.34;0.00;1680.00;960.00;144.67;0.00;0.00;0.00;0.00;0.00;915.68;0.00;0.00;0.00;1240.67;0.00;97.00;0.00;0.00;0.00;0.00;1344.67;1584.67;1458.68;1426.34;1849.33;754.00;2631.00;3061.67;3770.00;3484.67;2204.67;1584.67;1680.00;1219.33;1500.00;1640.00;1662.33;224.67;1137.00;950.00;946.34;0.00;310.00;0.00;544.67
1769443206.851642;0.00;1009.34;0.00;1920.00;960.00;144.67;0.00;0.00;0.00;0.00;0.00;915.68;0.00;0.00;0.00;1240.67;0.00;97.00;0.00;0.00;0.00;0.00;1344.67;1744.67;1618.68;1586.34;2159.33;1064.00;2871.00;3141.67;3850.00;3564.67;2364.67;1744.67;1840.00;1219.33;1500.00;1640.00;1662.33;544.67;1137.00;950.00;946.34;0.00;310.00;0.00;544.67
1769443206.8523674;0.00;1009.34;0.00;1920.00;960.00;144.67;0.00;0.00;0.00;0.00;0.00;915.68;0.00;0.00;0.00;1240.67;0.00;97.00;0.00;0.00;0.00;0.00;1344.67;1744.67;1618.68;1586.34;2159.33;1064.00;2871.00;3141.67;3850.00;3564.67;2364.67;1744.67;1840.00;1219.33;1500.00;1640.00;1662.33;544.67;1137.00;950.00;946.34;0.00;310.00;0.00;544.67
1769443209.1675367;0.00;864.67;0.00;1920.00;720.00;0.00;0.00;0.00;0.00;0.00;0.00;915.68;0.00;0.00;0.00;902.00;0.00;97.00;0.00;0.00;0.00;0.00;1344.67;1744.67;1618.68;1586.34;2159.33;1064.00;2154.00;2617.00;2920.00;3164.67;2364.67;1744.67;1840.00;877.00;1180.00;1490.00;1432.33;544.67;1137.00;950.00;337.00;0.00;310.00;0.00;544.67
1769443209.1683252;0.00;864.67;0.00;1920.00;720.00;0.00;0.00;0.00;0.00;0.00;0.00;915.68;0.00;0.00;0.00;902.00;0.00;97.00;0.00;0.00;0.00;0.00;1344.67;1744.67;1618.68;1586.34;2159.33;1064.00;2154.00;2617.00;2920.00;3164.67;2364.67;1744.67;1840.00;877.00;1180.00;1490.00;1432.33;544.67;1137.00;950.00;337.00;0.00;310.00;0.00;544.67
1769443209.1975737;0.00;864.67;0.00;1920.00;720.00;0.00;0.00;0.00;0.00;0.00;0.00;915.68;0.00;0.00;0.00;902.00;144.67;97.00;0.00;0.00;0.00;0.00;1344.67;1744.67;1618.68;1586.34;2159.33;1064.00;2298.67;2617.00;2920.00;3164.67;2364.67;1744.67;1840.00;877.00;1180.00;1490.00;1432.33;544.67;1137.00;950.00;337.00;0.00;310.00;0.00;544.67
1769443209.1982658;0.00;864.67;0.00;1920.00;720.00;0.00;0.00;0.00;0.00;0.00;0.00;915.68;0.00;0.00;0.00;902.00;144.67;97.00;0.00;0.00;0.00;0.00;1344.67;1744.67;1618.68;1586.34;2159.33;1064.00;2298.67;2617.00;2920.00;3164.67;2364.67;1744.67;1840.00;877.00;1180.00;1490.00;1432.33;544.67;1137.00;950.00;337.00;0.00;310.00;0.00;544.67
1769443219.170968;0.00;864.67;0.00;1680.00;864.67;0.00;0.00;0.00;0.00;0.00;0.00;915.68;0.00;0.00;0.00;902.00;144.67;97.00;0.00;0.00;0.00;0.00;1344.67;1744.67;1618.68;1586.34;2159.33;1064.00;2298.67;2457.00;2530.00;3164.67;2364.67;1744.67;1840.00;877.00;1180.00;1490.00;1432.33;544.67;1137.00;950.00;337.00;0.00;310.00;0.00;544.67
1769443219.1716294;0.00;864.67;0.00;1680.00;864.67;0.00;0.00;0.00;0.00;0.00;0.00;915.68;0.00;0.00;0.00;902.00;144.67;97.00;0.00;0.00;0.00;0.00;1344.67;1744.67;1618.68;1586.34;2159.33;1064.00;2298.67;2457.00;2530.00;3164.67;2364.67;1744.67;1840.00;877.00;1180.00;1490.00;1432.33;544.67;1137.00;950.00;337.00;0.00;310.00;0.00;544.67
1769443222.7111225;0.00;0.00;0.00;1680.00;864.67;0.00;0.00;0.00;0.00;0.00;0.00;915.68;0.00;97.00;0.00;805.00;144.67;0.00;0.00;0.00;0.00;0.00;1344.67;1744.67;1634.01;1634.01;2159.33;1064.00;2058.67;1747.00;1810.00;2470.00;2364.67;1744.67;1840.00;877.00;1180.00;1170.00;1432.33;544.67;1137.00;950.00;0.00;0.00;310.00;0.00;544.67
1769443222.7117722;0.00;0.00;0.00;1680.00;864.67;0.00;0.00;0.00;0.00;0.00;0.00;915.68;0.00;97.00;0.00;805.00;144.67;0.00;0.00;0.00;0.00;0.00;1344.67;1744.67;1634.01;1634.01;2159.33;1064.00;2058.67;1747.00;1810.00;2470.00;2364.67;1744.67;1840.00;877.00;1180.00;1170.00;1432.33;544.67;1137.00;950.00;0.00;0.00;310.00;0.00;544.67
1769443222.9296484;0.00;0.00;0.00;1680.00;864.67;0.00;0.00;0.00;0.00;0.00;0.00;915.68;0.00;241.67;0.00;805.00;144.67;0.00;0.00;0.00;0.00;0.00;1344.67;1744.67;1778.68;1778.68;2159.33;1064.00;2058.67;1747.00;1810.00;2470.00;2364.67;1744.67;1840.00;877.00;1180.00;1170.00;1432.33;544.67;1137.00;950.00;0.00;0.00;310.00;0.00;544.67
1769443222.930554;0.00;0.00;0.00;1680.00;864.67;0.00;0.00;0.00;0.00;0.00;0.00;915.68;0.00;241.67;0.00;805.00;144.67;0.00;0.00;0.00;0.00;0.00;1344.67;1744.67;1778.68;1778.68;2159.33;1064.00;2058.67;1747.00;1810.00;2470.00;2364.67;1744.67;1840.00;877.00;1180.00;1170.00;1432.33;544.67;1137.00;950.00;0.00;0.00;310.00;0.00;544.67
1769443222.9678566;0.00;0.00;0.00;1680.00;864.67;0.00;0.00;0.00;0.00;0.00;0.00;915.68;0.00;386.34;0.00;805.00;144.67;0.00;0.00;0.00;0.00;0.00;1344.67;1744.67;1923.35;1923.35;2159.33;1064.00;2058.67;1747.00;1810.00;2470.00;2364.67;1744.67;1840.00;877.00;1180.00;1170.00;1432.33;544.67;1137.00;950.00;0.00;0.00;310.00;0.00;544.67
1769443222.968461;0.00;0.00;0.00;1680.00;864.67;0.00;0.00;0.00;0.00;0.00;0.00;915.68;0.00;386.34;0.00;805.00;144.67;0.00;0.00;0.00;0.00;0.00;1344.67;1744.67;1923.35;1923.35;2159.33;1064.00;2058.67;1747.00;1810.00;2470.00;2364.67;1744.67;1840.00;877.00;1180.00;1170.00;1432.33;544.67;1137.00;950.00;0.00;0.00;310.00;0.00;544.67
1769443223.0064552;0.00;0.00;0.00;1680.00;864.67;0.00;0.00;0.00;0.00;0.00;0.00;915.68;0.00;531.01;0.00;805.00;144.67;0.00;0.00;0.00;0.00;0.00;1344.67;1889.34;1923.35;1923.35;2159.33;1064.00;2058.67;1747.00;1810.00;2630.00;2509.34;1889.34;1984.67;877.00;1180.00;1170.00;1432.33;544.67;1137.00;950.00;0.00;0.00;310.00;0.00;544.67
1769443223.0072012;0.00;0.00;0.00;1680.00;864.67;0.00;0.00;0.00;0.00;0.00;0.00;915.68;0.00;531.01;0.00;805.00;144.67;0.00;0.00;0.00;0.00;0.00;1344.67;1889.34;1923.35;1923.35;2159.33;1064.00;2058.67;1747.00;1810.00;2630.00;2509.34;1889.34;1984.67;877.00;1180.00;1170.00;1432.33;544.67;1137.00;950.00;0.00;0.00;310.00;0.00;544.67
1769443223.04237;0.00;0.00;0.00;1680.00;864.67;0.00;0.00;0.00;0.00;0.00;0.00;915.68;0.00;675.68;0.00;805.00;144.67;0.00;0.00;0.00;0.00;0.00;1344.67;1954.01;2003.35;2003.35;2239.33;1144.00;2138.67;1747.00;1810.00;2790.00;2574.01;1954.01;2049.34;877.00;1404.67;1170.00;1432.33;544.67;1137.00;950.00;0.00;0.00;310.00;0.00;544.67
1769443223.042971;0.00;0.00;0.00;1680.00;864.67;0.00;0.00;0.00;0.00;0.00;0.00;915.68;0.00;675.68;0.00;805.00;144.67;0.00;0.00;0.00;0.00;0.00;1344.67;1954.01;2003.35;2003.35;2239.33;1144.00;2138.67;1747.00;1810.00;2790.00;2574.01;1954.01;2049.34;877.00;1404.67;1170.00;1432.33;544.67;1137.00;950.00;0.00;0.00;310.00;0.00;544.67
1769443223.0812173;0.00;0.00;0.00;1680.00;864.67;0.00;0.00;0.00;0.00;0.00;0.00;915.68;0.00;820.35;0.00;805.00;144.67;0.00;0.00;0.00;0.00;0.00;1344.67;2114.01;2308.02;2083.35;2319.33;1224.00;2218.67;1747.00;1810.00;2950.00;2734.01;2114.01;2209.34;877.00;1404.67;1480.00;1432.33;544.67;1137.00;950.00;0.00;224.67;310.00;0.00;544.67
1769443223.0818872;0.00;0.00;0.00;1680.00;864.67;0.00;0.00;0.00;0.00;0.00;0.00;915.68;0.00;820.35;0.00;805.00;144.67;0.00;0.00;0.00;0.00;0.00;1344.67;2114.01;2308.02;2083.35;2319.33;1224.00;2218.67;1747.00;1810.00;2950.00;2734.01;2114.01;2209.34;877.00;1404.67;1480.00;1432.33;544.67;1137.00;950.00;0.00;224.67;310.00;0.00;544.67
1769443224.180313;0.00;0.00;0.00;1440.00;1009.34;0.00;0.00;0.00;0.00;0.00;0.00;915.68;0.00;820.35;0.00;805.00;144.67;0.00;0.00;0.00;0.00;0.00;1344.67;2114.01;2308.02;2083.35;2319.33;1224.00;2218.67;1667.00;1730.00;2854.67;2734.01;2114.01;2209.34;877.00;1084.67;1170.00;1432.33;544.67;1137.00;950.00;0.00;224.67;310.00;0.00;544.67
1769443224.1809974;0.00;0.00;0.00;1440.00;1009.34;0.00;0.00;0.00;0.00;0.00;0.00;915.68;0.00;820.35;0.00;805.00;144.67;0.00;0.00;0.00;0.00;0.00;1344.67;2114.01;2308.02;2083.35;2319.33;1224.00;2218.67;1667.00;1730.00;2854.67;2734.01;2114.01;2209.34;877.00;1084.67;1170.00;1432.33;544.67;1137.00;950.00;0.00;224.67;310.00;0.00;544.67
1769443229.1818511;0.00;0.00;0.00;1440.00;864.67;0.00;144.67;0.00;0.00;0.00;0.00;915.68;0.00;820.35;0.00;514.00;144.67;0.00;0.00;0.00;0.00;0.00;1344.67;2034.01;2068.02;1843.35;1977.00;934.67;1534.00;1602.33;1580.00;2614.67;2654.01;2034.01;2129.34;557.00;1084.67;1170.00;1432.33;544.67;912.33;630.00;0.00;224.67;310.00;0.00;544.67
1769443229.1825159;0.00;0.00;0.00;1440.00;864.67;0.00;144.67;0.00;0.00;0.00;0.00;915.68;0.00;820.35;0.00;514.00;144.67;0.00;0.00;0.00;0.00;0.00;1344.67;2034.01;2068.02;1843.35;1977.00;934.67;1534.00;1602.33;1580.00;2614.67;2654.01;2034.01;2129.34;557.00;1084.67;1170.00;1432.33;544.67;912.33;630.00;0.00;224.67;310.00;0.00;544.67
1769443229.2139418;0.00;0.00;0.00;1440.00;864.67;0.00;144.67;0.00;0.00;0.00;0.00;915.68;0.00;820.35;0.00;514.00;289.34;0.00;0.00;0.00;0.00;0.00;1344.67;2034.01;2068.02;1843.35;1977.00;934.67;1678.67;1602.33;1580.00;2614.67;2654.01;2034.01;2129.34;557.00;1084.67;1170.00;1432.33;544.67;912.33;630.00;0.00;224.67;310.00;0.00;544.67
1769443229.2145734;0.00;0.00;0.00;1440.00;864.67;0.00;144.67;0.00;0.00;0.00;0.00;915.68;0.00;820.35;0.00;514.00;289.34;0.00;0.00;0.00;0.00;0.00;1344.67;2034.01;2068.02;1843.35;1977.00;934.67;1678.67;1602.33;1580.00;2614.67;2654.01;2034.01;2129.34;557.00;1084.67;1170.00;1432.33;544.67;912.33;630.00;0.00;224.67;310.00;0.00;544.67
1769443229.2450423;0.00;0.00;0.00;1440.00;864.67;0.00;144.67;0.00;0.00;0.00;0.00;915.68;0.00;820.35;0.00;514.00;434.01;0.00;0.00;0.00;0.00;0.00;1344.67;2034.01;2068.02;1843.35;1977.00;934.67;1823.34;1762.33;1580.00;2614.67;2654.01;2034.01;2129.34;557.00;1084.67;1170.00;1432.33;544.67;912.33;630.00;0.00;224.67;310.00;0.00;544.67
1769443229.2455866;0.00;0.00;0.00;1440.00;864.67;0.00;144.67;0.00;0.00;0.00;0.00;915.68;0.00;820.35;0.00;514.00;434.01;0.00;0.00;0.00;0.00;0.00;1344.67;2034.01;2068.02;1843.35;1977.00;934.67;1823.34;1762.33;1580.00;2614.67;2654.01;2034.01;2129.34;557.00;1084.67;1170.00;1432.33;544.67;912.33;630.00;0.00;224.67;310.00;0.00;544.67
1769443229.2746406;0.00;0.00;0.00;1440.00;864.67;0.00;144.67;0.00;0.00;0.00;0.00;915.68;0.00;820.35;0.00;514.00;434.01;144.67;0.00;0.00;0.00;0.00;1344.67;2034.01;2292.69;2083.35;2367.00;1094.67;1983.34;1762.33;1580.00;2614.67;2654.01;2034.01;2129.34;557.00;1084.67;1170.00;1432.33;544.67;912.33;630.00;0.00;224.67;310.00;0.00;544.67
1769443229.2752588;0.00;0.00;0.00;1440.00;864.67;0.00;144.67;0.00;0.00;0.00;0.00;915.68;0.00;820.35;0.00;514.00;434.01;144.67;0.00;0.00;0.00;0.00;1344.67;2034.01;2292.69;2083.35;2367.00;1094.67;1983.34;1762.33;1580.00;2614.67;2654.01;2034.01;2129.34;557.00;1084.67;1170.00;1432.33;544.67;912.33;630.00;0.00;224.67;310.00;0.00;544.67
1769443234.1871252;0.00;0.00;0.00;1440.00;864.67;0.00;144.67;0.00;0.00;0.00;0.00;675.68;0.00;820.35;0.00;417.00;434.01;289.34;0.00;0.00;0.00;0.00;1344.67;2034.01;2197.36;2003.35;2217.00;1014.67;1876.34;1650.00;1580.00;2614.67;2644.01;2024.01;2129.34;112.33;1084.67;1170.00;1320.00;544.67;752.33;950.00;0.00;224.67;310.00;0.00;224.67
1769443234.1878011;0.00;0.00;0.00;1440.00;864.67;0.00;144.67;0.00;0.00;0.00;0.00;675.68;0.00;820.35;0.00;417.00;434.01;289.34;0.00;0.00;0.00;0.00;1344.67;2034.01;2197.36;2003.35;2217.00;1014.67;1876.34;1650.00;1580.00;2614.67;2644.01;2024.01;2129.34;112.33;1084.67;1170.00;1320.00;544.67;752.33;950.00;0.00;224.67;310.00;0.00;224.67
1769443234.216668;0.00;0.00;0.00;1440.00;864.67;0.00;144.67;0.00;0.00;0.00;0.00;675.68;0.00;820.35;0.00;417.00;578.68;289.34;0.00;0.00;0.00;0.00;1344.67;2034.01;2197.36;2003.35;2217.00;1014.67;2021.01;1650.00;1580.00;2614.67;2644.01;2024.01;2129.34;112.33;1084.67;1170.00;1320.00;544.67;752.33;950.00;0.00;224.67;310.00;0.00;224.67
1769443234.2172265;0.00;0.00;0.00;1440.00;864.67;0.00;144.67;0.00;0.00;0.00;0.00;675.68;0.00;820.35;0.00;417.00;578.68;289.34;0.00;0.00;0.00;0.00;1344.67;2034.01;2197.36;2003.35;2217.00;1014.67;2021.01;1650.00;1580.00;2614.67;2644.01;2024.01;2129.34;112.33;1084.67;1170.00;1320.00;544.67;752.33;950.00;0.00;224.67;310.00;0.00;224.67
1769443235.9021084;0.00;0.00;0.00;1440.00;864.67;0.00;144.67;0.00;0.00;0.00;0.00;578.68;0.00;820.35;0.00;417.00;578.68;289.34;0.00;0.00;0.00;0.00;1249.34;1794.01;2052.69;1858.68;2104.67;1014.67;2021.01;1650.00;1580.00;2614.67;1998.68;1688.68;1889.34;112.33;764.67;1170.00;1320.00;544.67;640.00;950.00;0.00;224.67;0.00;0.00;224.67
1769443235.9027796;0.00;0.00;0.00;1440.00;864.67;0.00;144.67;0.00;0.00;0.00;0.00;578.68;0.00;820.35;0.00;417.00;578.68;289.34;0.00;0.00;0.00;0.00;1249.34;1794.01;2052.69;1858.68;2104.67;1014.67;2021.01;1650.00;1580.00;2614.67;1998.68;1688.68;1889.34;112.33;764.67;1170.00;1320.00;544.67;640.00;950.00;0.00;224.67;0.00;0.00;224.67
1769443235.9324117;0.00;0.00;0.00;1440.00;864.67;0.00;144.67;0.00;0.00;0.00;0.00;723.35;0.00;820.35;0.00;417.00;578.68;289.34;0.00;0.00;0.00;0.00;1249.34;1794.01;2292.69;2098.68;2104.67;1014.67;2021.01;1650.00;1580.00;2614.67;1998.68;1688.68;1889.34;112.33;764.67;1170.00;1320.00;769.34;640.00;950.00;0.00;224.67;0.00;0.00;224.67
1769443235.9329693;0.00;0.00;0.00;1440.00;864.67;0.00;144.67;0.00;0.00;0.00;0.00;723.35;0.00;820.35;0.00;417.00;578.68;289.34;0.00;0.00;0.00;0.00;1249.34;1794.01;2292.69;2098.68;2104.67;1014.67;2021.01;1650.00;1580.00;2614.67;1998.68;1688.68;1889.34;112.33;764.67;1170.00;1320.00;769.34;640.00;950.00;0.00;224.67;0.00;0.00;224.67
1769443239.188885;0.00;0.00;0.00;1440.00;864.67;0.00;144.67;0.00;0.00;0.00;0.00;723.35;0.00;820.35;0.00;0.00;723.35;289.34;0.00;0.00;0.00;0.00;1249.34;1794.01;2292.69;2098.68;1954.67;854.67;2133.35;1634.67;1874.67;2534.67;1998.68;1688.68;1889.34;230.00;764.67;1170.00;1320.00;769.34;640.00;950.00;0.00;224.67;0.00;0.00;224.67
1769443239.1895692;0.00;0.00;0.00;1440.00;864.67;0.00;144.67;0.00;0.00;0.00;0.00;723.35;0.00;820.35;0.00;0.00;723.35;289.34;0.00;0.00;0.00;0.00;1249.34;1794.01;2292.69;2098.68;1954.67;854.67;2133.35;1634.67;1874.67;2534.67;1998.68;1688.68;1889.34;230.00;764.67;1170.00;1320.00;769.34;640.00;950.00;0.00;224.67;0.00;0.00;224.67
1769443239.7300909;0.00;0.00;0.00;1440.00;864.67;0.00;144.67;0.00;0.00;0.00;0.00;723.35;0.00;820.35;0.00;0.00;963.35;289.34;0.00;0.00;0.00;0.00;1249.34;1794.01;2292.69;2098.68;1954.67;854.67;2373.35;1874.67;2174.67;2534.67;1998.68;1688.68;1889.34;230.00;764.67;1170.00;1640.00;769.34;640.00;950.00;0.00;224.67;0.00;0.00;224.67
1769443239.7307737;0.00;0.00;0.00;1440.00;864.67;0.00;144.67;0.00;0.00;0.00;0.00;723.35;0.00;820.35;0.00;0.00;963.35;289.34;0.00;0.00;0.00;0.00;1249.34;1794.01;2292.69;2098.68;1954.67;854.67;2373.35;1874.67;2174.67;2534.67;1998.68;1688.68;1889.34;230.00;764.67;1170.00;1640.00;769.34;640.00;950.00;0.00;224.67;0.00;0.00;224.67
1769443239.7683995;0.00;0.00;0.00;1440.00;864.67;0.00;144.67;0.00;0.00;0.00;0.00;723.35;0.00;820.35;0.00;0.00;1203.35;289.34;0.00;0.00;0.00;0.00;1249.34;1794.01;2292.69;2098.68;1954.67;854.67;2613.35;2114.67;2474.67;2534.67;1998.68;1688.68;1889.34;230.00;764.67;1170.00;1640.00;769.34;640.00;950.00;0.00;224.67;0.00;0.00;224.67
1769443239.76905;0.00;0.00;0.00;1440.00;864.67;0.00;144.67;0.00;0.00;0.00;0.00;723.35;0.00;820.35;0.00;0.00;1203.35;289.34;0.00;0.00;0.00;0.00;1249.34;1794.01;2292.69;2098.68;1954.67;854.67;2613.35;2114.67;2474.67;2534.67;1998.68;1688.68;1889.34;230.00;764.67;1170.00;1640.00;769.34;640.00;950.00;0.00;224.67;0.00;0.00;224.67
1769443239.8002741;0.00;0.00;0.00;1440.00;864.67;0.00;144.67;0.00;0.00;0.00;0.00;723.35;0.00;820.35;0.00;0.00;1443.35;289.34;0.00;0.00;0.00;0.00;1249.34;1794.01;2292.69;2098.68;1954.67;854.67;2853.35;2354.67;2774.67;2534.67;1998.68;1688.68;1889.34;230.00;764.67;1170.00;1640.00;769.34;640.00;950.00;0.00;224.67;0.00;0.00;224.67
1769443239.8009472;0.00;0.00;0.00;1440.00;864.67;0.00;144.67;0.00;0.00;0.00;0.00;723.35;0.00;820.35;0.00;0.00;1443.35;289.34;0.00;0.00;0.00;0.00;1249.34;1794.01;2292.69;2098.68;1954.67;854.67;2853.35;2354.67;2774.67;2534.67;1998.68;1688.68;1889.34;230.00;764.67;1170.00;1640.00;769.34;640.00;950.00;0.00;224.67;0.00;0.00;224.67
1769443239.8370702;0.00;0.00;0.00;1440.00;864.67;0.00;144.67;0.00;0.00;0.00;0.00;723.35;0.00;820.35;0.00;0.00;1683.35;289.34;0.00;0.00;0.00;0.00;1249.34;1794.01;2292.69;2098.68;1954.67;854.67;3093.35;2594.67;3084.67;2694.67;1998.68;1688.68;1889.34;230.00;764.67;1490.00;1640.00;769.34;640.00;950.00;0.00;224.67;0.00;0.00;224.67
1769443239.8377314;0.00;0.00;0.00;1440.00;864.67;0.00;144.67;0.00;0.00;0.00;0.00;723.35;0.00;820.35;0.00;0.00;1683.35;289.34;0.00;0.00;0.00;0.00;1249.34;1794.01;2292.69;2098.68;1954.67;854.67;3093.35;2594.67;3084.67;2694.67;1998.68;1688.68;1889.34;230.00;764.67;1490.00;1640.00;769.34;640.00;950.00;0.00;224.67;0.00;0.00;224.67
1769443239.8722787;0.00;0.00;0.00;1440.00;864.67;0.00;144.67;0.00;0.00;0.00;0.00;723.35;0.00;820.35;0.00;0.00;1923.35;289.34;0.00;0.00;0.00;0.00;1249.34;1794.01;2292.69;2408.68;2264.67;1164.67;3323.35;2674.67;3234.67;2694.67;1998.68;1688.68;1889.34;230.00;764.67;1490.00;1640.00;769.34;640.00;950.00;0.00;534.67;0.00;0.00;224.67
1769443239.8729165;0.00;0.00;0.00;1440.00;864.67;0.00;144.67;0.00;0.00;0.00;0.00;723.35;0.00;820.35;0.00;0.00;1923.35;289.34;0.00;0.00;0.00;0.00;1249.34;1794.01;2292.69;2408.68;2264.67;1164.67;3323.35;2674.67;3234.67;2694.67;1998.68;1688.68;1889.34;230.00;764.67;1490.00;1640.00;769.34;640.00;950.00;0.00;534.67;0.00;0.00;224.67
1769443239.911439;0.00;0.00;0.00;1440.00;864.67;0.00;144.67;0.00;0.00;0.00;0.00;723.35;0.00;820.35;0.00;0.00;1923.35;289.34;0.00;0.00;0.00;0.00;1249.34;1794.01;2292.69;2408.68;2264.67;1164.67;3323.35;2674.67;3234.67;2694.67;1998.68;1688.68;1889.34;230.00;764.67;1490.00;1640.00;769.34;640.00;950.00;0.00;534.67;0.00;0.00;224.67
1769443239.912168;0.00;0.00;0.00;1440.00;864.67;0.00;144.67;0.00;0.00;0.00;0.00;723.35;0.00;820.35;0.00;0.00;1923.35;289.34;0.00;0.00;0.00;0.00;1249.34;1794.01;2292.69;2408.68;2264.67;1164.67;3323.35;2674.67;3234.67;2694.67;1998.68;1688.68;1889.34;230.00;764.67;1490.00;1640.00;769.34;640.00;950.00;0.00;534.67;0.00;0.00;224.67
1769443244.409562;0.00;0.00;0.00;1440.00;720.00;0.00;240.00;0.00;0.00;0.00;0.00;434.01;0.00;820.35;0.00;0.00;1923.35;289.34;0.00;0.00;0.00;0.00;1249.34;1634.01;1908.02;2024.01;2264.67;1164.67;3323.35;2674.67;3234.67;2550.00;1838.68;1528.68;1729.34;230.00;764.67;1490.00;1640.00;544.67;640.00;950.00;0.00;534.67;0.00;0.00;224.67
1769443244.410312;0.00;0.00;0.00;1440.00;720.00;0.00;240.00;0.00;0.00;0.00;0.00;434.01;0.00;820.35;0.00;0.00;1923.35;289.34;0.00;0.00;0.00;0.00;1249.34;1634.01;1908.02;2024.01;2264.67;1164.67;3323.35;2674.67;3234.67;2550.00;1838.68;1528.68;1729.34;230.00;764.67;1490.00;1640.00;544.67;640.00;950.00;0.00;534.67;0.00;0.00;224.67
1769443244.4457479;0.00;240.00;0.00;1440.00;720.00;0.00;240.00;0.00;0.00;0.00;0.00;434.01;0.00;820.35;0.00;0.00;1923.35;289.34;0.00;0.00;0.00;0.00;1249.34;1634.01;1908.02;2024.01;2264.67;1164.67;3323.35;2674.67;3234.67;2630.00;1838.68;1528.68;1729.34;230.00;764.67;1490.00;1640.00;544.67;640.00;950.00;0.00;534.67;0.00;0.00;224.67
1769443244.4465046;0.00;240.00;0.00;1440.00;720.00;0.00;240.00;0.00;0.00;0.00;0.00;434.01;0.00;820.35;0.00;0.00;1923.35;289.34;0.00;0.00;0.00;0.00;1249.34;1634.01;1908.02;2024.01;2264.67;1164.67;3323.35;2674.67;3234.67;2630.00;1838.68;1528.68;1729.34;230.00;764.67;1490.00;1640.00;544.67;640.00;950.00;0.00;534.67;0.00;0.00;224.67
1769443244.4792745;0.00;240.00;0.00;1440.00;720.00;0.00;240.00;0.00;0.00;0.00;0.00;434.01;0.00;820.35;0.00;0.00;1923.35;529.34;0.00;0.00;0.00;0.00;1249.34;1634.01;2148.02;2024.01;2264.67;1164.67;3323.35;2674.67;3234.67;2630.00;1838.68;1528.68;1729.34;230.00;764.67;1490.00;1640.00;544.67;640.00;950.00;0.00;534.67;0.00;0.00;224.67
1769443244.4799874;0.00;240.00;0.00;1440.00;720.00;0.00;240.00;0.00;0.00;0.00;0.00;434.01;0.00;820.35;0.00;0.00;1923.35;529.34;0.00;0.00;0.00;0.00;1249.34;1634.01;2148.02;2024.01;2264.67;1164.67;3323.35;2674.67;3234.67;2630.00;1838.68;1528.68;1729.34;230.00;764.67;1490.00;1640.00;544.67;640.00;950.00;0.00;534.67;0.00;0.00;224.67
1769443244.5136814;0.00;240.00;0.00;1440.00;720.00;0.00;240.00;0.00;0.00;0.00;0.00;434.01;0.00;820.35;0.00;0.00;1923.35;769.34;0.00;0.00;0.00;0.00;1249.34;1794.01;2388.02;2024.01;2264.67;1164.67;3323.35;2674.67;3234.67;2630.00;1988.68;1678.68;1879.34;230.00;764.67;1490.00;1640.00;544.67;640.00;950.00;0.00;534.67;0.00;0.00;534.67
1769443244.514417;0.00;240.00;0.00;1440.00;720.00;0.00;240.00;0.00;0.00;0.00;0.00;434.01;0.00;820.35;0.00;0.00;1923.35;769.34;0.00;0.00;0.00;0.00;1249.34;1794.01;2388.02;2024.01;2264.67;1164.67;3323.35;2674.67;3234.67;2630.00;1988.68;1678.68;1879.34;230.00;764.67;1490.00;1640.00;544.67;640.00;950.00;0.00;534.67;0.00;0.00;534.67
1769443249.2053387;0.00;240.00;0.00;1200.00;720.00;0.00;240.00;0.00;0.00;0.00;0.00;0.00;0.00;675.68;0.00;144.67;1923.35;769.34;0.00;0.00;0.00;0.00;1249.34;1504.67;2083.35;1719.34;1720.00;1100.00;3148.02;2499.34;3164.67;2230.00;1604.01;1294.01;1494.67;230.00;764.67;1260.00;1640.00;320.00;320.00;640.00;0.00;534.67;0.00;0.00;310.00
1769443249.2061205;0.00;240.00;0.00;1200.00;720.00;0.00;240.00;0.00;0.00;0.00;0.00;0.00;0.00;675.68;0.00;144.67;1923.35;769.34;0.00;0.00;0.00;0.00;1249.34;1504.67;2083.35;1719.34;1720.00;1100.00;3148.02;2499.34;3164.67;2230.00;1604.01;1294.01;1494.67;230.00;764.67;1260.00;1640.00;320.00;320.00;640.00;0.00;534.67;0.00;0.00;310.00
1769443249.239347;0.00;240.00;0.00;1200.00;720.00;0.00;480.00;0.00;0.00;0.00;0.00;0.00;0.00;675.68;0.00;144.67;1923.35;769.34;0.00;0.00;0.00;0.00;1249.34;1504.67;2083.35;1719.34;1720.00;1100.00;3148.02;2499.34;3164.67;2390.00;1604.01;1294.01;1494.67;230.00;764.67;1260.00;1640.00;320.00;320.00;640.00;0.00;534.67;0.00;0.00;310.00
1769443249.2399561;0.00;240.00;0.00;1200.00;720.00;0.00;480.00;0.00;0.00;0.00;0.00;0.00;0.00;675.68;0.00;144.67;1923.35;769.34;0.00;0.00;0.00;0.00;1249.34;1504.67;2083.35;1719.34;1720.00;1100.00;3148.02;2499.34;3164.67;2390.00;1604.01;1294.01;1494.67;230.00;764.67;1260.00;1640.00;320.00;320.00;640.00;0.00;534.67;0.00;0.00;310.00
1769443249.2731438;0.00;240.00;0.00;1200.00;720.00;0.00;480.00;0.00;0.00;0.00;0.00;0.00;0.00;675.68;0.00;144.67;1923.35;1009.34;0.00;0.00;0.00;0.00;1249.34;1744.67;2323.35;1719.34;1720.00;1100.00;3148.02;2499.34;3164.67;2390.00;1844.01;1534.01;1734.67;230.00;764.67;1260.00;1640.00;320.00;320.00;960.00;0.00;534.67;0.00;0.00;310.00
1769443249.2738628;0.00;240.00;0.00;1200.00;720.00;0.00;480.00;0.00;0.00;0.00;0.00;0.00;0.00;675.68;0.00;144.67;1923.35;1009.34;0.00;0.00;0.00;0.00;1249.34;1744.67;2323.35;1719.34;1720.00;1100.00;3148.02;2499.34;3164.67;2390.00;1844.01;1534.01;1734.67;230.00;764.67;1260.00;1640.00;320.00;320.00;960.00;0.00;534.67;0.00;0.00;310.00
1769443249.3065147;0.00;240.00;0.00;1200.00;720.00;0.00;480.00;0.00;0.00;0.00;0.00;0.00;0.00;675.68;0.00;144.67;1923.35;1249.34;0.00;0.00;0.00;0.00;1249.34;1824.67;2403.35;1879.34;1880.00;1260.00;3308.02;2659.34;3314.67;2390.00;1924.01;1614.01;1814.67;550.00;764.67;1260.00;1640.00;320.00;320.00;960.00;0.00;534.67;0.00;0.00;310.00
1769443249.3071334;0.00;240.00;0.00;1200.00;720.00;0.00;480.00;0.00;0.00;0.00;0.00;0.00;0.00;675.68;0.00;144.67;1923.35;1249.34;0.00;0.00;0.00;0.00;1249.34;1824.67;2403.35;1879.34;1880.00;1260.00;3308.02;2659.34;3314.67;2390.00;1924.01;1614.01;1814.67;550.00;764.67;1260.00;1640.00;320.00;320.00;960.00;0.00;534.67;0.00;0.00;310.00
1769443249.3395975;0.00;240.00;0.00;1200.00;720.00;0.00;480.00;0.00;0.00;0.00;0.00;0.00;0.00;675.68;0.00;144.67;1923.35;1489.34;0.00;0.00;0.00;0.00;1249.34;1824.67;2403.35;2119.34;2120.00;1500.00;3608.02;2659.34;3314.67;2390.00;1924.01;1614.01;1814.67;550.00;764.67;1260.00;1640.00;320.00;320.00;960.00;320.00;534.67;0.00;0.00;310.00
1769443249.340205;0.00;240.00;0.00;1200.00;720.00;0.00;480.00;0.00;0.00;0.00;0.00;0.00;0.00;675.68;0.00;144.67;1923.35;1489.34;0.00;0.00;0.00;0.00;1249.34;1824.67;2403.35;2119.34;2120.00;1500.00;3608.02;2659.34;3314.67;2390.00;1924.01;1614.01;1814.67;550.00;764.67;1260.00;1640.00;320.00;320.00;960.00;320.00;534.67;0.00;0.00;310.00
1769443254.2067177;0.00;240.00;0.00;720.00;720.00;0.00;240.00;0.00;0.00;0.00;0.00;0.00;0.00;531.01;0.00;241.67;1200.00;1344.67;0.00;0.00;0.00;0.00;1249.34;1744.67;1954.01;1654.67;1730.00;1340.00;2821.67;2124.67;2620.00;1990.00;1844.01;1534.01;1734.67;320.00;764.67;940.00;1330.00;320.00;320.00;960.00;320.00;534.67;0.00;0.00;310.00
1769443254.207437;0.00;240.00;0.00;720.00;720.00;0.00;240.00;0.00;0.00;0.00;0.00;0.00;0.00;531.01;0.00;241.67;1200.00;1344.67;0.00;0.00;0.00;0.00;1249.34;1744.67;1954.01;1654.67;1730.00;1340.00;2821.67;2124.67;2620.00;1990.00;1844.01;1534.01;1734.67;320.00;764.67;940.00;1330.00;320.00;320.00;960.00;320.00;534.67;0.00;0.00;310.00
1769443254.2381525;0.00;240.00;0.00;720.00;720.00;0.00;384.67;0.00;0.00;0.00;0.00;0.00;0.00;531.01;0.00;241.67;1200.00;1344.67;0.00;0.00;0.00;0.00;1249.34;1744.67;1954.01;1654.67;1730.00;1340.00;2821.67;2124.67;2620.00;1990.00;1844.01;1534.01;1734.67;320.00;764.67;940.00;1330.00;320.00;320.00;960.00;320.00;534.67;0.00;0.00;310.00
1769443254.2387192;0.00;240.00;0.00;720.00;720.00;0.00;384.67;0.00;0.00;0.00;0.00;0.00;0.00;531.01;0.00;241.67;1200.00;1344.67;0.00;0.00;0.00;0.00;1249.34;1744.67;1954.01;1654.67;1730.00;1340.00;2821.67;2124.67;2620.00;1990.00;1844.01;1534.01;1734.67;320.00;764.67;940.00;1330.00;320.00;320.00;960.00;320.00;534.67;0.00;0.00;310.00
1769443254.2695098;0.00;240.00;0.00;720.00;720.00;0.00;529.34;0.00;0.00;0.00;0.00;0.00;0.00;531.01;0.00;241.67;1200.00;1344.67;0.00;0.00;0.00;0.00;1249.34;1744.67;1954.01;1654.67;1730.00;1340.00;2821.67;2124.67;2620.00;1990.00;1844.01;1534.01;1734.67;320.00;764.67;940.00;1330.00;320.00;320.00;960.00;320.00;534.67;0.00;0.00;310.00
1769443254.2702165;0.00;240.00;0.00;720.00;720.00;0.00;529.34;0.00;0.00;0.00;0.00;0.00;0.00;531.01;0.00;241.67;1200.00;1344.67;0.00;0.00;0.00;0.00;1249.34;1744.67;1954.01;1654.67;1730.00;1340.00;2821.67;2124.67;2620.00;1990.00;1844.01;1534.01;1734.67;320.00;764.67;940.00;1330.00;320.00;320.00;960.00;320.00;534.67;0.00;0.00;310.00
1769443254.3011653;0.00;384.67;0.00;720.00;720.00;0.00;529.34;0.00;0.00;0.00;0.00;0.00;0.00;531.01;0.00;241.67;1200.00;1344.67;0.00;0.00;0.00;0.00;1249.34;1744.67;1954.01;1654.67;1730.00;1340.00;2821.67;2124.67;2620.00;2150.00;1844.01;1534.01;1734.67;320.00;764.67;940.00;1330.00;320.00;320.00;960.00;320.00;534.67;0.00;0.00;310.00
1769443254.3017325;0.00;384.67;0.00;720.00;720.00;0.00;529.34;0.00;0.00;0.00;0.00;0.00;0.00;531.01;0.00;241.67;1200.00;1344.67;0.00;0.00;0.00;0.00;1249.34;1744.67;1954.01;1654.67;1730.00;1340.00;2821.67;2124.67;2620.00;2150.00;1844.01;1534.01;1734.67;320.00;764.67;940.00;1330.00;320.00;320.00;960.00;320.00;534.67;0.00;0.00;310.00
1769443259.2118042;0.00;384.67;0.00;720.00;720.00;0.00;529.34;0.00;0.00;0.00;0.00;0.00;0.00;241.67;0.00;386.34;1200.00;1344.67;0.00;0.00;0.00;0.00;1249.34;1520.00;1569.34;1494.67;1570.00;1180.00;2806.34;2124.67;2620.00;1830.00;1619.34;1309.34;1510.00;320.00;540.00;630.00;1330.00;320.00;320.00;960.00;320.00;310.00;0.00;0.00;310.00
1769443259.2124732;0.00;384.67;0.00;720.00;720.00;0.00;529.34;0.00;0.00;0.00;0.00;0.00;0.00;241.67;0.00;386.34;1200.00;1344.67;0.00;0.00;0.00;0.00;1249.34;1520.00;1569.34;1494.67;1570.00;1180.00;2806.34;2124.67;2620.00;1830.00;1619.34;1309.34;1510.00;320.00;540.00;630.00;1330.00;320.00;320.00;960.00;320.00;310.00;0.00;0.00;310.00
1769443259.2430873;0.00;384.67;0.00;720.00;720.00;0.00;529.34;0.00;0.00;0.00;0.00;0.00;0.00;241.67;0.00;531.01;1200.00;1344.67;0.00;0.00;0.00;0.00;1249.34;1520.00;1569.34;1494.67;1570.00;1180.00;2951.01;2274.67;2620.00;1830.00;1619.34;1309.34;1510.00;320.00;540.00;630.00;1330.00;320.00;320.00;960.00;320.00;310.00;0.00;0.00;310.00
1769443259.2437706;0.00;384.67;0.00;720.00;720.00;0.00;529.34;0.00;0.00;0.00;0.00;0.00;0.00;241.67;0.00;531.01;1200.00;1344.67;0.00;0.00;0.00;0.00;1249.34;1520.00;1569.34;1494.67;1570.00;1180.00;2951.01;2274.67;2620.00;1830.00;1619.34;1309.34;1510.00;320.00;540.00;630.00;1330.00;320.00;320.00;960.00;320.00;310.00;0.00;0.00;310.00
1769443260.7409034;0.00;384.67;0.00;720.00;720.00;0.00;529.34;0.00;0.00;0.00;0.00;0.00;0.00;241.67;0.00;531.01;1200.00;1344.67;0.00;0.00;0.00;144.67;1249.34;1520.00;1569.34;1494.67;1570.00;1180.00;2951.01;2274.67;2940.00;2070.00;1764.01;1454.01;1510.00;320.00;540.00;630.00;1330.00;320.00;320.00;960.00;320.00;310.00;0.00;0.00;310.00
1769443260.74158;0.00;384.67;0.00;720.00;720.00;0.00;529.34;0.00;0.00;0.00;0.00;0.00;0.00;241.67;0.00;531.01;1200.00;1344.67;0.00;0.00;0.00;144.67;1249.34;1520.00;1569.34;1494.67;1570.00;1180.00;2951.01;2274.67;2940.00;2070.00;1764.01;1454.01;1510.00;320.00;540.00;630.00;1330.00;320.00;320.00;960.00;320.00;310.00;0.00;0.00;310.00
1769443260.7802193;0.00;384.67;0.00;720.00;720.00;0.00;529.34;0.00;0.00;0.00;0.00;0.00;0.00;241.67;0.00;531.01;1200.00;1344.67;0.00;0.00;0.00;289.34;1249.34;1520.00;1569.34;1494.67;1570.00;1180.00;2951.01;2274.67;3250.00;2214.67;1908.68;1598.68;1510.00;320.00;540.00;630.00;1330.00;320.00;320.00;960.00;320.00;310.00;0.00;0.00;310.00
1769443260.781014;0.00;384.67;0.00;720.00;720.00;0.00;529.34;0.00;0.00;0.00;0.00;0.00;0.00;241.67;0.00;531.01;1200.00;1344.67;0.00;0.00;0.00;289.34;1249.34;1520.00;1569.34;1494.67;1570.00;1180.00;2951.01;2274.67;3250.00;2214.67;1908.68;1598.68;1510.00;320.00;540.00;630.00;1330.00;320.00;320.00;960.00;320.00;310.00;0.00;0.00;310.00
1769443260.8180501;0.00;384.67;0.00;720.00;720.00;0.00;529.34;0.00;0.00;0.00;0.00;0.00;0.00;241.67;0.00;531.01;1200.00;1344.67;0.00;0.00;0.00;434.01;1249.34;1520.00;1569.34;1494.67;1570.00;1180.00;2951.01;2434.67;3410.00;2359.34;2053.35;1743.35;1510.00;320.00;540.00;630.00;1330.00;320.00;320.00;960.00;320.00;310.00;0.00;0.00;310.00
1769443260.8187237;0.00;384.67;0.00;720.00;720.00;0.00;529.34;0.00;0.00;0.00;0.00;0.00;0.00;241.67;0.00;531.01;1200.00;1344.67;0.00;0.00;0.00;434.01;1249.34;1520.00;1569.34;1494.67;1570.00;1180.00;2951.01;2434.67;3410.00;2359.34;2053.35;1743.35;1510.00;320.00;540.00;630.00;1330.00;320.00;320.00;960.00;320.00;310.00;0.00;0.00;310.00
1769443260.856364;0.00;384.67;0.00;720.00;720.00;0.00;529.34;0.00;0.00;0.00;0.00;0.00;0.00;241.67;0.00;531.01;1200.00;1344.67;0.00;0.00;0.00;578.68;1249.34;1520.00;1569.34;1494.67;1570.00;1180.00;2951.01;2584.67;3570.00;2599.34;2198.02;1888.02;1510.00;320.00;764.67;1180.00;1330.00;320.00;320.00;960.00;320.00;310.00;0.00;0.00;310.00
1769443260.8570032;0.00;384.67;0.00;720.00;720.00;0.00;529.34;0.00;0.00;0.00;0.00;0.00;0.00;241.67;0.00;531.01;1200.00;1344.67;0.00;0.00;0.00;578.68;1249.34;1520.00;1569.34;1494.67;1570.00;1180.00;2951.01;2584.67;3570.00;2599.34;2198.02;1888.02;1510.00;320.00;764.67;1180.00;1330.00;320.00;320.00;960.00;320.00;310.00;0.00;0.00;310.00
1769443260.8957372;0.00;384.67;0.00;720.00;720.00;0.00;529.34;0.00;0.00;0.00;0.00;0.00;0.00;241.67;0.00;531.01;1200.00;1344.67;0.00;0.00;0.00;818.68;1249.34;1520.00;1569.34;1494.67;1570.00;1180.00;2951.01;2734.67;3650.00;2839.34;2438.02;2128.02;1510.00;320.00;1084.67;1490.00;1330.00;320.00;320.00;960.00;320.00;310.00;0.00;0.00;310.00
1769443260.896378;0.00;384.67;0.00;720.00;720.00;0.00;529.34;0.00;0.00;0.00;0.00;0.00;0.00;241.67;0.00;531.01;1200.00;1344.67;0.00;0.00;0.00;818.68;1249.34;1520.00;1569.34;1494.67;1570.00;1180.00;2951.01;2734.67;3650.00;2839.34;2438.02;2128.02;1510.00;320.00;1084.67;1490.00;1330.00;320.00;320.00;960.00;320.00;310.00;0.00;0.00;310.00
1769443261.1867628;0.00;384.67;0.00;720.00;720.00;0.00;529.34;0.00;0.00;0.00;0.00;0.00;0.00;241.67;0.00;531.01;1200.00;1344.67;0.00;0.00;0.00;1058.68;1249.34;1520.00;1569.34;1494.67;1570.00;1180.00;2951.01;2894.67;3810.00;3079.34;2678.02;2368.02;1510.00;320.00;1084.67;1720.00;1330.00;320.00;320.00;960.00;320.00;310.00;0.00;0.00;310.00
1769443261.1875129;0.00;384.67;0.00;720.00;720.00;0.00;529.34;0.00;0.00;0.00;0.00;0.00;0.00;241.67;0.00;531.01;1200.00;1344.67;0.00;0.00;0.00;1058.68;1249.34;1520.00;1569.34;1494.67;1570.00;1180.00;2951.01;2894.67;3810.00;3079.34;2678.02;2368.02;1510.00;320.00;1084.67;1720.00;1330.00;320.00;320.00;960.00;320.00;310.00;0.00;0.00;310.00
1769443264.2175486;0.00;384.67;0.00;480.00;240.00;0.00;674.01;0.00;0.00;0.00;0.00;0.00;0.00;241.67;0.00;531.01;1200.00;1344.67;0.00;0.00;0.00;1058.68;1249.34;1520.00;1569.34;1494.67;1570.00;1180.00;2721.01;2814.67;3404.67;2519.34;2678.02;2368.02;1510.00;320.00;774.67;1410.00;550.00;320.00;320.00;960.00;320.00;310.00;0.00;0.00;310.00
1769443264.2182724;0.00;384.67;0.00;480.00;240.00;0.00;674.01;0.00;0.00;0.00;0.00;0.00;0.00;241.67;0.00;531.01;1200.00;1344.67;0.00;0.00;0.00;1058.68;1249.34;1520.00;1569.34;1494.67;1570.00;1180.00;2721.01;2814.67;3404.67;2519.34;2678.02;2368.02;1510.00;320.00;774.67;1410.00;550.00;320.00;320.00;960.00;320.00;310.00;0.00;0.00;310.00
1769443264.2530525;0.00;384.67;0.00;720.00;240.00;0.00;674.01;0.00;0.00;0.00;0.00;0.00;0.00;241.67;0.00;531.01;1200.00;1344.67;0.00;0.00;0.00;1058.68;1249.34;1520.00;1569.34;1494.67;1570.00;1180.00;2721.01;2894.67;3484.67;2919.34;2988.02;2368.02;1510.00;550.00;774.67;1730.00;550.00;320.00;320.00;960.00;320.00;310.00;310.00;0.00;310.00
1769443264.2536664;0.00;384.67;0.00;720.00;240.00;0.00;674.01;0.00;0.00;0.00;0.00;0.00;0.00;241.67;0.00;531.01;1200.00;1344.67;0.00;0.00;0.00;1058.68;1249.34;1520.00;1569.34;1494.67;1570.00;1180.00;2721.01;2894.67;3484.67;2919.34;2988.02;2368.02;1510.00;550.00;774.67;1730.00;550.00;320.00;320.00;960.00;320.00;310.00;310.00;0.00;310.00
1769443264.2877443;0.00;384.67;0.00;960.00;240.00;0.00;674.01;0.00;0.00;0.00;0.00;0.00;0.00;241.67;0.00;531.01;1200.00;1344.67;0.00;0.00;0.00;1058.68;1249.34;1520.00;1569.34;1494.67;1570.00;1180.00;2721.01;3124.67;3724.67;3159.34;2988.02;2368.02;1510.00;780.00;774.67;2050.00;860.00;320.00;320.00;960.00;320.00;310.00;310.00;0.00;310.00
1769443264.2884266;0.00;384.67;0.00;960.00;240.00;0.00;674.01;0.00;0.00;0.00;0.00;0.00;0.00;241.67;0.00;531.01;1200.00;1344.67;0.00;0.00;0.00;1058.68;1249.34;1520.00;1569.34;1494.67;1570.00;1180.00;2721.01;3124.67;3724.67;3159.34;2988.02;2368.02;1510.00;780.00;774.67;2050.00;860.00;320.00;320.00;960.00;320.00;310.00;310.00;0.00;310.00
1769443281.1621988;0.00;384.67;0.00;960.00;240.00;0.00;674.01;0.00;0.00;0.00;0.00;0.00;0.00;241.67;0.00;531.01;1104.67;0.00;0.00;0.00;0.00;1058.68;1249.34;880.00;704.67;704.67;924.67;534.67;1881.01;2884.67;3424.67;3159.34;2368.02;1748.02;880.00;460.00;774.67;2050.00;860.00;320.00;320.00;320.00;0.00;0.00;310.00;0.00;0.00
1769443281.1633058;0.00;384.67;0.00;960.00;240.00;0.00;674.01;0.00;0.00;0.00;0.00;0.00;0.00;241.67;0.00;531.01;1104.67;0.00;0.00;0.00;0.00;1058.68;1249.34;880.00;704.67;704.67;924.67;534.67;1881.01;2884.67;3424.67;3159.34;2368.02;1748.02;880.00;460.00;774.67;2050.00;860.00;320.00;320.00;320.00;0.00;0.00;310.00;0.00;0.00
1769443281.7671099;0.00;384.67;0.00;960.00;240.00;0.00;674.01;0.00;0.00;144.67;0.00;0.00;0.00;241.67;0.00;531.01;1104.67;0.00;0.00;0.00;0.00;1058.68;1249.34;880.00;704.67;704.67;924.67;534.67;2111.01;3124.67;3424.67;3159.34;2368.02;1748.02;880.00;770.00;774.67;2050.00;860.00;320.00;320.00;320.00;0.00;0.00;310.00;0.00;0.00
1769443281.7677767;0.00;384.67;0.00;960.00;240.00;0.00;674.01;0.00;0.00;144.67;0.00;0.00;0.00;241.67;0.00;531.01;1104.67;0.00;0.00;0.00;0.00;1058.68;1249.34;880.00;704.67;704.67;924.67;534.67;2111.01;3124.67;3424.67;3159.34;2368.02;1748.02;880.00;770.00;774.67;2050.00;860.00;320.00;320.00;320.00;0.00;0.00;310.00;0.00;0.00
1769443281.8036146;0.00;384.67;0.00;960.00;240.00;0.00;674.01;0.00;0.00;384.67;0.00;0.00;0.00;241.67;0.00;531.01;1104.67;0.00;0.00;0.00;0.00;1058.68;1249.34;880.00;704.67;704.67;924.67;534.67;2341.01;3204.67;3424.67;3159.34;2368.02;1748.02;880.00;770.00;774.67;2050.00;1170.00;320.00;320.00;320.00;0.00;0.00;310.00;0.00;0.00
1769443281.8043315;0.00;384.67;0.00;960.00;240.00;0.00;674.01;0.00;0.00;384.67;0.00;0.00;0.00;241.67;0.00;531.01;1104.67;0.00;0.00;0.00;0.00;1058.68;1249.34;880.00;704.67;704.67;924.67;534.67;2341.01;3204.67;3424.67;3159.34;2368.02;1748.02;880.00;770.00;774.67;2050.00;1170.00;320.00;320.00;320.00;0.00;0.00;310.00;0.00;0.00
1769443281.84236;0.00;384.67;0.00;960.00;240.00;0.00;674.01;0.00;0.00;624.67;0.00;0.00;0.00;241.67;0.00;531.01;1104.67;0.00;0.00;0.00;0.00;1058.68;1249.34;880.00;704.67;704.67;1074.67;694.67;2731.01;3444.67;3424.67;3159.34;2368.02;1748.02;880.00;770.00;774.67;2050.00;1170.00;320.00;630.00;320.00;0.00;0.00;310.00;0.00;0.00
1769443281.8430576;0.00;384.67;0.00;960.00;240.00;0.00;674.01;0.00;0.00;624.67;0.00;0.00;0.00;241.67;0.00;531.01;1104.67;0.00;0.00;0.00;0.00;1058.68;1249.34;880.00;704.67;704.67;1074.67;694.67;2731.01;3444.67;3424.67;3159.34;2368.02;1748.02;880.00;770.00;774.67;2050.00;1170.00;320.00;630.00;320.00;0.00;0.00;310.00;0.00;0.00
1769443281.8796256;0.00;384.67;0.00;960.00;240.00;0.00;674.01;0.00;0.00;864.67;0.00;0.00;0.00;241.67;0.00;531.01;1104.67;0.00;0.00;0.00;0.00;1058.68;1249.34;880.00;704.67;704.67;1074.67;694.67;2731.01;3764.67;3654.67;3239.34;2368.02;1748.02;880.00;1090.00;774.67;2050.00;1480.00;320.00;630.00;320.00;0.00;0.00;310.00;0.00;0.00
1769443281.8803082;0.00;384.67;0.00;960.00;240.00;0.00;674.01;0.00;0.00;864.67;0.00;0.00;0.00;241.67;0.00;531.01;1104.67;0.00;0.00;0.00;0.00;1058.68;1249.34;880.00;704.67;704.67;1074.67;694.67;2731.01;3764.67;3654.67;3239.34;2368.02;1748.02;880.00;1090.00;774.67;2050.00;1480.00;320.00;630.00;320.00;0.00;0.00;310.00;0.00;0.00
1769443281.917142;0.00;384.67;0.00;960.00;240.00;0.00;674.01;0.00;0.00;1104.67;0.00;0.00;0.00;241.67;0.00;531.01;1104.67;0.00;0.00;0.00;0.00;1058.68;1249.34;880.00;704.67;704.67;1224.67;844.67;2891.01;3924.67;3734.67;3319.34;2368.02;1748.02;880.00;1410.00;774.67;2050.00;1480.00;320.00;630.00;320.00;310.00;0.00;310.00;0.00;0.00
1769443281.917819;0.00;384.67;0.00;960.00;240.00;0.00;674.01;0.00;0.00;1104.67;0.00;0.00;0.00;241.67;0.00;531.01;1104.67;0.00;0.00;0.00;0.00;1058.68;1249.34;880.00;704.67;704.67;1224.67;844.67;2891.01;3924.67;3734.67;3319.34;2368.02;1748.02;880.00;1410.00;774.67;2050.00;1480.00;320.00;630.00;320.00;310.00;0.00;310.00;0.00;0.00
1769443281.9564738;0.00;384.67;0.00;960.00;240.00;0.00;674.01;0.00;0.00;1344.67;0.00;0.00;0.00;241.67;0.00;531.01;1104.67;0.00;0.00;0.00;0.00;1058.68;1249.34;880.00;704.67;704.67;1374.67;994.67;3051.01;4084.67;3814.67;3399.34;2368.02;1748.02;880.00;1730.00;774.67;2050.00;1480.00;320.00;630.00;320.00;620.00;0.00;310.00;0.00;0.00
1769443281.9573874;0.00;384.67;0.00;960.00;240.00;0.00;674.01;0.00;0.00;1344.67;0.00;0.00;0.00;241.67;0.00;531.01;1104.67;0.00;0.00;0.00;0.00;1058.68;1249.34;880.00;704.67;704.67;1374.67;994.67;3051.01;4084.67;3814.67;3399.34;2368.02;1748.02;880.00;1730.00;774.67;2050.00;1480.00;320.00;630.00;320.00;620.00;0.00;310.00;0.00;0.00
1769443284.2267702;0.00;384.67;0.00;480.00;480.00;0.00;674.01;0.00;0.00;1344.67;0.00;0.00;0.00;241.67;0.00;531.01;1104.67;0.00;0.00;0.00;0.00;1058.68;1249.34;880.00;704.67;704.67;1374.67;994.67;3051.01;3774.67;3494.67;3069.34;2058.02;1748.02;880.00;1270.00;1094.67;1720.00;1170.00;320.00;630.00;320.00;620.00;0.00;0.00;0.00;0.00
1769443284.2274735;0.00;384.67;0.00;480.00;480.00;0.00;674.01;0.00;0.00;1344.67;0.00;0.00;0.00;241.67;0.00;531.01;1104.67;0.00;0.00;0.00;0.00;1058.68;1249.34;880.00;704.67;704.67;1374.67;994.67;3051.01;3774.67;3494.67;3069.34;2058.02;1748.02;880.00;1270.00;1094.67;1720.00;1170.00;320.00;630.00;320.00;620.00;0.00;0.00;0.00;0.00
1769443284.2612693;0.00;384.67;0.00;480.00;720.00;0.00;674.01;0.00;0.00;1344.67;0.00;0.00;0.00;241.67;0.00;531.01;1104.67;0.00;0.00;0.00;0.00;1058.68;1249.34;880.00;704.67;704.67;1374.67;994.67;3051.01;3934.67;3654.67;3229.34;2058.02;1748.02;880.00;1580.00;1094.67;1720.00;1170.00;320.00;630.00;320.00;620.00;0.00;0.00;0.00;0.00
1769443284.2618976;0.00;384.67;0.00;480.00;720.00;0.00;674.01;0.00;0.00;1344.67;0.00;0.00;0.00;241.67;0.00;531.01;1104.67;0.00;0.00;0.00;0.00;1058.68;1249.34;880.00;704.67;704.67;1374.67;994.67;3051.01;3934.67;3654.67;3229.34;2058.02;1748.02;880.00;1580.00;1094.67;1720.00;1170.00;320.00;630.00;320.00;620.00;0.00;0.00;0.00;0.00
1769443297.7887478;0.00;0.00;0.00;480.00;0.00;0.00;674.01;0.00;0.00;1344.67;0.00;240.00;0.00;241.67;0.00;531.01;1104.67;0.00;0.00;0.00;0.00;1058.68;1249.34;880.00;944.67;944.67;1374.67;994.67;3051.01;3464.67;3254.67;2279.34;2058.02;1748.02;880.00;1270.00;774.67;1410.00;940.00;320.00;630.00;320.00;620.00;0.00;0.00;0.00;0.00
1769443297.7894533;0.00;0.00;0.00;480.00;0.00;0.00;674.01;0.00;0.00;1344.67;0.00;240.00;0.00;241.67;0.00;531.01;1104.67;0.00;0.00;0.00;0.00;1058.68;1249.34;880.00;944.67;944.67;1374.67;994.67;3051.01;3464.67;3254.67;2279.34;2058.02;1748.02;880.00;1270.00;774.67;1410.00;940.00;320.00;630.00;320.00;620.00;0.00;0.00;0.00;0.00
1769443297.8243415;0.00;0.00;0.00;480.00;0.00;0.00;674.01;0.00;0.00;1344.67;0.00;480.00;0.00;241.67;0.00;531.01;1104.67;0.00;0.00;0.00;0.00;1058.68;1249.34;1040.00;1184.67;1184.67;1374.67;994.67;3051.01;3464.67;3254.67;2279.34;2218.02;1908.02;1040.00;1270.00;774.67;1410.00;940.00;320.00;630.00;320.00;620.00;0.00;0.00;0.00;0.00
1769443297.8250163;0.00;0.00;0.00;480.00;0.00;0.00;674.01;0.00;0.00;1344.67;0.00;480.00;0.00;241.67;0.00;531.01;1104.67;0.00;0.00;0.00;0.00;1058.68;1249.34;1040.00;1184.67;1184.67;1374.67;994.67;3051.01;3464.67;3254.67;2279.34;2218.02;1908.02;1040.00;1270.00;774.67;1410.00;940.00;320.00;630.00;320.00;620.00;0.00;0.00;0.00;0.00
1769443297.8667436;0.00;0.00;0.00;480.00;0.00;0.00;674.01;0.00;0.00;1344.67;0.00;720.00;0.00;241.67;0.00;531.01;1104.67;0.00;0.00;0.00;0.00;1058.68;1249.34;1040.00;1264.67;1264.67;1534.67;1154.67;3211.01;3464.67;3254.67;2279.34;2218.02;1908.02;1040.00;1580.00;774.67;1410.00;940.00;320.00;630.00;320.00;620.00;0.00;0.00;0.00;0.00
1769443297.8674762;0.00;0.00;0.00;480.00;0.00;0.00;674.01;0.00;0.00;1344.67;0.00;720.00;0.00;241.67;0.00;531.01;1104.67;0.00;0.00;0.00;0.00;1058.68;1249.34;1040.00;1264.67;1264.67;1534.67;1154.67;3211.01;3464.67;3254.67;2279.34;2218.02;1908.02;1040.00;1580.00;774.67;1410.00;940.00;320.00;630.00;320.00;620.00;0.00;0.00;0.00;0.00
1769443297.9052198;0.00;0.00;0.00;480.00;0.00;0.00;674.01;0.00;0.00;1344.67;0.00;960.00;0.00;241.67;0.00;531.01;1104.67;0.00;0.00;0.00;0.00;1058.68;1249.34;1040.00;1344.67;1344.67;1694.67;1314.67;3371.01;3464.67;3254.67;2279.34;2218.02;1908.02;1040.00;1890.00;774.67;1410.00;940.00;320.00;630.00;320.00;620.00;0.00;0.00;0.00;0.00
1769443297.9059026;0.00;0.00;0.00;480.00;0.00;0.00;674.01;0.00;0.00;1344.67;0.00;960.00;0.00;241.67;0.00;531.01;1104.67;0.00;0.00;0.00;0.00;1058.68;1249.34;1040.00;1344.67;1344.67;1694.67;1314.67;3371.01;3464.67;3254.67;2279.34;2218.02;1908.02;1040.00;1890.00;774.67;1410.00;940.00;320.00;630.00;320.00;620.00;0.00;0.00;0.00;0.00
1769443297.9505236;0.00;0.00;0.00;480.00;0.00;0.00;674.01;0.00;0.00;1344.67;0.00;1200.00;0.00;241.67;0.00;531.01;1104.67;0.00;0.00;0.00;0.00;1058.68;1249.34;1040.00;1584.67;1584.67;1694.67;1314.67;3371.01;3464.67;3254.67;2279.34;2218.02;1908.02;1040.00;1890.00;774.67;1410.00;940.00;640.00;630.00;630.00;620.00;0.00;0.00;0.00;0.00
1769443297.951226;0.00;0.00;0.00;480.00;0.00;0.00;674.01;0.00;0.00;1344.67;0.00;1200.00;0.00;241.67;0.00;531.01;1104.67;0.00;0.00;0.00;0.00;1058.68;1249.34;1040.00;1584.67;1584.67;1694.67;1314.67;3371.01;3464.67;3254.67;2279.34;2218.02;1908.02;1040.00;1890.00;774.67;1410.00;940.00;640.00;630.00;630.00;620.00;0.00;0.00;0.00;0.00
1769443298.2774694;0.00;0.00;0.00;480.00;0.00;0.00;674.01;0.00;0.00;1344.67;0.00;1440.00;0.00;241.67;0.00;531.01;1104.67;0.00;0.00;0.00;0.00;1058.68;1249.34;1200.00;1824.67;1824.67;1694.67;1314.67;3371.01;3464.67;3254.67;2279.34;2378.02;2068.02;1200.00;1890.00;774.67;1410.00;940.00;640.00;630.00;950.00;620.00;0.00;0.00;0.00;0.00
1769443298.27823;0.00;0.00;0.00;480.00;0.00;0.00;674.01;0.00;0.00;1344.67;0.00;1440.00;0.00;241.67;0.00;531.01;1104.67;0.00;0.00;0.00;0.00;1058.68;1249.34;1200.00;1824.67;1824.67;1694.67;1314.67;3371.01;3464.67;3254.67;2279.34;2378.02;2068.02;1200.00;1890.00;774.67;1410.00;940.00;640.00;630.00;950.00;620.00;0.00;0.00;0.00;0.00
1769443299.2371275;0.00;240.00;0.00;480.00;0.00;0.00;674.01;0.00;0.00;1344.67;0.00;1440.00;0.00;241.67;0.00;386.34;624.67;0.00;0.00;0.00;0.00;1058.68;1249.34;1200.00;1824.67;1824.67;1694.67;1314.67;2746.34;2834.67;2654.67;2279.34;2378.02;2068.02;1200.00;1890.00;774.67;1410.00;620.00;640.00;630.00;950.00;620.00;0.00;0.00;0.00;0.00
1769443299.237858;0.00;240.00;0.00;480.00;0.00;0.00;674.01;0.00;0.00;1344.67;0.00;1440.00;0.00;241.67;0.00;386.34;624.67;0.00;0.00;0.00;0.00;1058.68;1249.34;1200.00;1824.67;1824.67;1694.67;1314.67;2746.34;2834.67;2654.67;2279.34;2378.02;2068.02;1200.00;1890.00;774.67;1410.00;620.00;640.00;630.00;950.00;620.00;0.00;0.00;0.00;0.00
1769443299.2738197;0.00;480.00;0.00;480.00;0.00;0.00;674.01;0.00;0.00;1344.67;0.00;1440.00;0.00;241.67;0.00;386.34;624.67;0.00;0.00;0.00;0.00;1058.68;1249.34;1200.00;1824.67;1824.67;1694.67;1314.67;2746.34;2834.67;2964.67;2279.34;2378.02;2068.02;1200.00;1890.00;774.67;1410.00;620.00;640.00;630.00;950.00;620.00;0.00;0.00;0.00;0.00
1769443299.2744246;0.00;480.00;0.00;480.00;0.00;0.00;674.01;0.00;0.00;1344.67;0.00;1440.00;0.00;241.67;0.00;386.34;624.67;0.00;0.00;0.00;0.00;1058.68;1249.34;1200.00;1824.67;1824.67;1694.67;1314.67;2746.34;2834.67;2964.67;2279.34;2378.02;2068.02;1200.00;1890.00;774.67;1410.00;620.00;640.00;630.00;950.00;620.00;0.00;0.00;0.00;0.00
1769443299.3096287;0.00;480.00;0.00;480.00;0.00;0.00;674.01;0.00;0.00;1344.67;0.00;1440.00;0.00;241.67;0.00;386.34;864.67;0.00;0.00;0.00;0.00;1058.68;1249.34;1200.00;1824.67;1824.67;1694.67;1314.67;2986.34;2834.67;2964.67;2279.34;2378.02;2068.02;1200.00;1890.00;774.67;1410.00;620.00;640.00;630.00;950.00;620.00;0.00;0.00;0.00;0.00
1769443299.310258;0.00;480.00;0.00;480.00;0.00;0.00;674.01;0.00;0.00;1344.67;0.00;1440.00;0.00;241.67;0.00;386.34;864.67;0.00;0.00;0.00;0.00;1058.68;1249.34;1200.00;1824.67;1824.67;1694.67;1314.67;2986.34;2834.67;2964.67;2279.34;2378.02;2068.02;1200.00;1890.00;774.67;1410.00;620.00;640.00;630.00;950.00;620.00;0.00;0.00;0.00;0.00
1769443309.2444766;0.00;480.00;0.00;480.00;0.00;0.00;434.01;0.00;0.00;1344.67;0.00;1440.00;0.00;241.67;0.00;289.34;1009.34;0.00;0.00;0.00;0.00;1058.68;0.00;480.00;1504.67;1504.67;1374.67;1314.67;3034.01;2834.67;2964.67;1809.34;1848.68;1538.68;480.00;1890.00;544.67;1410.00;620.00;640.00;310.00;630.00;620.00;0.00;0.00;0.00;0.00
1769443309.2453015;0.00;480.00;0.00;480.00;0.00;0.00;434.01;0.00;0.00;1344.67;0.00;1440.00;0.00;241.67;0.00;289.34;1009.34;0.00;0.00;0.00;0.00;1058.68;0.00;480.00;1504.67;1504.67;1374.67;1314.67;3034.01;2834.67;2964.67;1809.34;1848.68;1538.68;480.00;1890.00;544.67;1410.00;620.00;640.00;310.00;630.00;620.00;0.00;0.00;0.00;0.00
1769443309.2806096;0.00;624.67;0.00;480.00;0.00;0.00;434.01;0.00;0.00;1344.67;0.00;1440.00;0.00;241.67;0.00;289.34;1009.34;0.00;0.00;0.00;0.00;1058.68;0.00;480.00;1504.67;1504.67;1374.67;1314.67;3034.01;2834.67;2964.67;1954.01;1848.68;1538.68;480.00;1890.00;544.67;1410.00;620.00;640.00;310.00;630.00;620.00;0.00;0.00;0.00;0.00
1769443309.2812502;0.00;624.67;0.00;480.00;0.00;0.00;434.01;0.00;0.00;1344.67;0.00;1440.00;0.00;241.67;0.00;289.34;1009.34;0.00;0.00;0.00;0.00;1058.68;0.00;480.00;1504.67;1504.67;1374.67;1314.67;3034.01;2834.67;2964.67;1954.01;1848.68;1538.68;480.00;1890.00;544.67;1410.00;620.00;640.00;310.00;630.00;620.00;0.00;0.00;0.00;0.00
1769443314.2482762;0.00;624.67;0.00;480.00;0.00;0.00;434.01;0.00;0.00;1344.67;0.00;1440.00;0.00;241.67;0.00;0.00;1154.01;0.00;0.00;0.00;0.00;1058.68;0.00;480.00;1504.67;1504.67;1224.67;1234.67;2969.34;2770.00;2804.67;1954.01;1848.68;1538.68;480.00;1890.00;544.67;1410.00;620.00;640.00;310.00;630.00;620.00;0.00;0.00;0.00;0.00
1769443314.248958;0.00;624.67;0.00;480.00;0.00;0.00;434.01;0.00;0.00;1344.67;0.00;1440.00;0.00;241.67;0.00;0.00;1154.01;0.00;0.00;0.00;0.00;1058.68;0.00;480.00;1504.67;1504.67;1224.67;1234.67;2969.34;2770.00;2804.67;1954.01;1848.68;1538.68;480.00;1890.00;544.67;1410.00;620.00;640.00;310.00;630.00;620.00;0.00;0.00;0.00;0.00
1769443314.286657;0.00;624.67;0.00;480.00;0.00;0.00;434.01;0.00;0.00;1344.67;0.00;1440.00;0.00;241.67;0.00;0.00;1298.68;0.00;0.00;0.00;0.00;1058.68;0.00;480.00;1504.67;1504.67;1224.67;1234.67;3114.01;2930.00;2954.67;1954.01;1848.68;1538.68;480.00;1890.00;544.67;1410.00;620.00;640.00;310.00;630.00;620.00;0.00;0.00;0.00;0.00
1769443314.2874453;0.00;624.67;0.00;480.00;0.00;0.00;434.01;0.00;0.00;1344.67;0.00;1440.00;0.00;241.67;0.00;0.00;1298.68;0.00;0.00;0.00;0.00;1058.68;0.00;480.00;1504.67;1504.67;1224.67;1234.67;3114.01;2930.00;2954.67;1954.01;1848.68;1538.68;480.00;1890.00;544.67;1410.00;620.00;640.00;310.00;630.00;620.00;0.00;0.00;0.00;0.00
1769443317.8241055;0.00;624.67;0.00;480.00;0.00;0.00;434.01;0.00;0.00;1344.67;0.00;1440.00;144.67;241.67;0.00;0.00;1298.68;0.00;0.00;0.00;0.00;1058.68;0.00;480.00;1664.67;1664.67;1439.34;1234.67;3114.01;2930.00;2954.67;1954.01;1848.68;1538.68;480.00;1890.00;544.67;1410.00;620.00;640.00;310.00;630.00;620.00;0.00;0.00;0.00;0.00
1769443317.8247893;0.00;624.67;0.00;480.00;0.00;0.00;434.01;0.00;0.00;1344.67;0.00;1440.00;144.67;241.67;0.00;0.00;1298.68;0.00;0.00;0.00;0.00;1058.68;0.00;480.00;1664.67;1664.67;1439.34;1234.67;3114.01;2930.00;2954.67;1954.01;1848.68;1538.68;480.00;1890.00;544.67;1410.00;620.00;640.00;310.00;630.00;620.00;0.00;0.00;0.00;0.00
1769443317.8633513;0.00;624.67;0.00;480.00;0.00;0.00;434.01;0.00;0.00;1344.67;0.00;1440.00;289.34;241.67;0.00;0.00;1298.68;0.00;0.00;0.00;0.00;1058.68;0.00;640.00;1824.67;1824.67;1654.01;1234.67;3114.01;2930.00;2954.67;1954.01;2008.68;1698.68;640.00;1890.00;544.67;1410.00;620.00;640.00;310.00;950.00;620.00;0.00;0.00;0.00;0.00
1769443317.864192;0.00;624.67;0.00;480.00;0.00;0.00;434.01;0.00;0.00;1344.67;0.00;1440.00;289.34;241.67;0.00;0.00;1298.68;0.00;0.00;0.00;0.00;1058.68;0.00;640.00;1824.67;1824.67;1654.01;1234.67;3114.01;2930.00;2954.67;1954.01;2008.68;1698.68;640.00;1890.00;544.67;1410.00;620.00;640.00;310.00;950.00;620.00;0.00;0.00;0.00;0.00
1769443317.9087267;0.00;624.67;0.00;480.00;0.00;0.00;434.01;0.00;0.00;1344.67;0.00;1440.00;529.34;241.67;0.00;0.00;1298.68;0.00;0.00;0.00;0.00;1058.68;0.00;640.00;1824.67;1824.67;1804.01;1394.67;3274.01;3090.00;3104.67;1954.01;2008.68;1698.68;640.00;1890.00;544.67;1410.00;930.00;640.00;310.00;950.00;940.00;0.00;0.00;0.00;0.00
1769443317.9094315;0.00;624.67;0.00;480.00;0.00;0.00;434.01;0.00;0.00;1344.67;0.00;1440.00;529.34;241.67;0.00;0.00;1298.68;0.00;0.00;0.00;0.00;1058.68;0.00;640.00;1824.67;1824.67;1804.01;1394.67;3274.01;3090.00;3104.67;1954.01;2008.68;1698.68;640.00;1890.00;544.67;1410.00;930.00;640.00;310.00;950.00;940.00;0.00;0.00;0.00;0.00
1769443317.953548;0.00;624.67;0.00;480.00;0.00;0.00;434.01;0.00;0.00;1344.67;0.00;1440.00;769.34;241.67;0.00;0.00;1298.68;0.00;0.00;0.00;0.00;1058.68;0.00;640.00;1824.67;1824.67;1954.01;1554.67;3434.01;3250.00;3254.67;1954.01;2008.68;1698.68;640.00;1890.00;544.67;1410.00;930.00;640.00;310.00;950.00;940.00;0.00;0.00;0.00;0.00
1769443317.9543104;0.00;624.67;0.00;480.00;0.00;0.00;434.01;0.00;0.00;1344.67;0.00;1440.00;769.34;241.67;0.00;0.00;1298.68;0.00;0.00;0.00;0.00;1058.68;0.00;640.00;1824.67;1824.67;1954.01;1554.67;3434.01;3250.00;3254.67;1954.01;2008.68;1698.68;640.00;1890.00;544.67;1410.00;930.00;640.00;310.00;950.00;940.00;0.00;0.00;0.00;0.00
1769443317.994566;0.00;624.67;0.00;480.00;0.00;0.00;434.01;0.00;0.00;1344.67;0.00;1440.00;1009.34;241.67;0.00;0.00;1298.68;0.00;0.00;0.00;0.00;1058.68;0.00;640.00;1824.67;1824.67;2104.01;1714.67;3594.01;3410.00;3404.67;1954.01;2008.68;1698.68;640.00;1890.00;544.67;1410.00;1240.00;640.00;310.00;950.00;940.00;0.00;0.00;0.00;0.00
1769443317.9953563;0.00;624.67;0.00;480.00;0.00;0.00;434.01;0.00;0.00;1344.67;0.00;1440.00;1009.34;241.67;0.00;0.00;1298.68;0.00;0.00;0.00;0.00;1058.68;0.00;640.00;1824.67;1824.67;2104.01;1714.67;3594.01;3410.00;3404.67;1954.01;2008.68;1698.68;640.00;1890.00;544.67;1410.00;1240.00;640.00;310.00;950.00;940.00;0.00;0.00;0.00;0.00
1769443318.0455873;0.00;624.67;0.00;480.00;0.00;0.00;434.01;0.00;0.00;1344.67;0.00;1440.00;1249.34;241.67;0.00;0.00;1298.68;0.00;0.00;0.00;0.00;1058.68;0.00;640.00;1824.67;1824.67;2254.01;1874.67;3744.01;3410.00;3404.67;1954.01;2008.68;1698.68;640.00;1890.00;544.67;1410.00;1240.00;640.00;310.00;950.00;940.00;0.00;0.00;0.00;0.00
1769443318.0464036;0.00;624.67;0.00;480.00;0.00;0.00;434.01;0.00;0.00;1344.67;0.00;1440.00;1249.34;241.67;0.00;0.00;1298.68;0.00;0.00;0.00;0.00;1058.68;0.00;640.00;1824.67;1824.67;2254.01;1874.67;3744.01;3410.00;3404.67;1954.01;2008.68;1698.68;640.00;1890.00;544.67;1410.00;1240.00;640.00;310.00;950.00;940.00;0.00;0.00;0.00;0.00
1769443319.255961;0.00;769.34;0.00;480.00;0.00;0.00;434.01;0.00;0.00;1344.67;0.00;1440.00;1249.34;0.00;0.00;0.00;914.01;0.00;0.00;0.00;0.00;1058.68;0.00;640.00;1600.00;1600.00;2109.34;1730.00;3504.01;3170.00;3094.67;1938.68;2008.68;1698.68;640.00;1890.00;544.67;1090.00;1240.00;640.00;310.00;950.00;940.00;0.00;0.00;0.00;0.00
1769443319.2569022;0.00;769.34;0.00;480.00;0.00;0.00;434.01;0.00;0.00;1344.67;0.00;1440.00;1249.34;0.00;0.00;0.00;914.01;0.00;0.00;0.00;0.00;1058.68;0.00;640.00;1600.00;1600.00;2109.34;1730.00;3504.01;3170.00;3094.67;1938.68;2008.68;1698.68;640.00;1890.00;544.67;1090.00;1240.00;640.00;310.00;950.00;940.00;0.00;0.00;0.00;0.00
1769443319.293438;0.00;769.34;0.00;480.00;0.00;0.00;434.01;0.00;0.00;1344.67;0.00;1440.00;1249.34;0.00;0.00;240.00;914.01;0.00;0.00;0.00;0.00;1058.68;0.00;640.00;1600.00;1600.00;2349.34;1970.00;3504.01;3170.00;3094.67;1938.68;2008.68;1698.68;640.00;1890.00;544.67;1090.00;1240.00;640.00;310.00;950.00;940.00;0.00;0.00;0.00;0.00
1769443319.2941372;0.00;769.34;0.00;480.00;0.00;0.00;434.01;0.00;0.00;1344.67;0.00;1440.00;1249.34;0.00;0.00;240.00;914.01;0.00;0.00;0.00;0.00;1058.68;0.00;640.00;1600.00;1600.00;2349.34;1970.00;3504.01;3170.00;3094.67;1938.68;2008.68;1698.68;640.00;1890.00;544.67;1090.00;1240.00;640.00;310.00;950.00;940.00;0.00;0.00;0.00;0.00
1769443319.3317745;0.00;769.34;0.00;480.00;0.00;240.00;434.01;0.00;0.00;1344.67;0.00;1440.00;1249.34;0.00;0.00;240.00;914.01;0.00;0.00;0.00;0.00;1058.68;0.00;640.00;1600.00;1600.00;2349.34;1970.00;3504.01;3170.00;3094.67;2338.68;2008.68;1698.68;640.00;1890.00;774.67;1090.00;1240.00;640.00;310.00;950.00;940.00;0.00;0.00;0.00;0.00
1769443319.332403;0.00;769.34;0.00;480.00;0.00;240.00;434.01;0.00;0.00;1344.67;0.00;1440.00;1249.34;0.00;0.00;240.00;914.01;0.00;0.00;0.00;0.00;1058.68;0.00;640.00;1600.00;1600.00;2349.34;1970.00;3504.01;3170.00;3094.67;2338.68;2008.68;1698.68;640.00;1890.00;774.67;1090.00;1240.00;640.00;310.00;950.00;940.00;0.00;0.00;0.00;0.00
1769443319.3697448;0.00;769.34;0.00;480.00;0.00;480.00;434.01;0.00;0.00;1344.67;0.00;1440.00;1249.34;0.00;0.00;240.00;914.01;0.00;0.00;0.00;0.00;1058.68;0.00;640.00;1600.00;1600.00;2499.34;2050.00;3584.01;3250.00;3174.67;2498.68;2008.68;1698.68;640.00;1890.00;774.67;1090.00;1240.00;640.00;310.00;950.00;940.00;0.00;0.00;0.00;0.00
1769443319.3703694;0.00;769.34;0.00;480.00;0.00;480.00;434.01;0.00;0.00;1344.67;0.00;1440.00;1249.34;0.00;0.00;240.00;914.01;0.00;0.00;0.00;0.00;1058.68;0.00;640.00;1600.00;1600.00;2499.34;2050.00;3584.01;3250.00;3174.67;2498.68;2008.68;1698.68;640.00;1890.00;774.67;1090.00;1240.00;640.00;310.00;950.00;940.00;0.00;0.00;0.00;0.00
1769443324.2578573;0.00;384.67;0.00;0.00;0.00;624.67;0.00;0.00;0.00;1344.67;0.00;1440.00;1249.34;0.00;0.00;240.00;914.01;0.00;0.00;0.00;0.00;1058.68;0.00;480.00;1440.00;1440.00;2189.34;1740.00;3114.01;2780.00;2560.00;2344.01;1538.68;1538.68;480.00;1890.00;774.67;1090.00;1240.00;320.00;310.00;950.00;940.00;0.00;0.00;0.00;0.00
1769443324.2585616;0.00;384.67;0.00;0.00;0.00;624.67;0.00;0.00;0.00;1344.67;0.00;1440.00;1249.34;0.00;0.00;240.00;914.01;0.00;0.00;0.00;0.00;1058.68;0.00;480.00;1440.00;1440.00;2189.34;1740.00;3114.01;2780.00;2560.00;2344.01;1538.68;1538.68;480.00;1890.00;774.67;1090.00;1240.00;320.00;310.00;950.00;940.00;0.00;0.00;0.00;0.00
1769443329.59303;0.00;384.67;0.00;0.00;0.00;624.67;0.00;144.67;0.00;864.67;0.00;1440.00;1249.34;0.00;0.00;240.00;914.01;0.00;0.00;0.00;0.00;1058.68;0.00;480.00;1440.00;1440.00;2039.34;1590.00;2724.01;2540.00;2694.67;2264.01;1538.68;1538.68;480.00;1570.00;774.67;1090.00;930.00;320.00;310.00;950.00;630.00;0.00;0.00;0.00;0.00
1769443329.593793;0.00;384.67;0.00;0.00;0.00;624.67;0.00;144.67;0.00;864.67;0.00;1440.00;1249.34;0.00;0.00;240.00;914.01;0.00;0.00;0.00;0.00;1058.68;0.00;480.00;1440.00;1440.00;2039.34;1590.00;2724.01;2540.00;2694.67;2264.01;1538.68;1538.68;480.00;1570.00;774.67;1090.00;930.00;320.00;310.00;950.00;630.00;0.00;0.00;0.00;0.00
1769443329.6323946;0.00;384.67;0.00;0.00;0.00;624.67;0.00;289.34;0.00;864.67;0.00;1440.00;1249.34;0.00;0.00;240.00;914.01;0.00;0.00;0.00;0.00;1058.68;0.00;480.00;1440.00;1440.00;2039.34;1590.00;2724.01;2540.00;2909.34;2264.01;1538.68;1538.68;480.00;1570.00;774.67;1090.00;930.00;320.00;310.00;950.00;630.00;0.00;0.00;0.00;0.00
1769443329.633103;0.00;384.67;0.00;0.00;0.00;624.67;0.00;289.34;0.00;864.67;0.00;1440.00;1249.34;0.00;0.00;240.00;914.01;0.00;0.00;0.00;0.00;1058.68;0.00;480.00;1440.00;1440.00;2039.34;1590.00;2724.01;2540.00;2909.34;2264.01;1538.68;1538.68;480.00;1570.00;774.67;1090.00;930.00;320.00;310.00;950.00;630.00;0.00;0.00;0.00;0.00
1769443330.8357866;0.00;384.67;0.00;0.00;0.00;624.67;0.00;289.34;0.00;864.67;144.67;1440.00;1249.34;0.00;0.00;240.00;914.01;0.00;0.00;0.00;0.00;1058.68;0.00;480.00;1440.00;1440.00;2039.34;1590.00;2724.01;2540.00;2909.34;2264.01;1538.68;1538.68;480.00;1570.00;774.67;1090.00;930.00;320.00;310.00;950.00;630.00;0.00;0.00;0.00;0.00
1769443330.836499;0.00;384.67;0.00;0.00;0.00;624.67;0.00;289.34;0.00;864.67;144.67;1440.00;1249.34;0.00;0.00;240.00;914.01;0.00;0.00;0.00;0.00;1058.68;0.00;480.00;1440.00;1440.00;2039.34;1590.00;2724.01;2540.00;2909.34;2264.01;1538.68;1538.68;480.00;1570.00;774.67;1090.00;930.00;320.00;310.00;950.00;630.00;0.00;0.00;0.00;0.00
1769443330.8802285;0.00;384.67;0.00;0.00;0.00;624.67;0.00;289.34;0.00;864.67;289.34;1440.00;1249.34;0.00;0.00;240.00;914.01;0.00;0.00;0.00;0.00;1058.68;0.00;480.00;1600.00;1600.00;2039.34;1590.00;2724.01;2540.00;2909.34;2264.01;1538.68;1538.68;480.00;1570.00;774.67;1090.00;930.00;320.00;310.00;950.00;630.00;0.00;0.00;0.00;0.00
1769443330.8809133;0.00;384.67;0.00;0.00;0.00;624.67;0.00;289.34;0.00;864.67;289.34;1440.00;1249.34;0.00;0.00;240.00;914.01;0.00;0.00;0.00;0.00;1058.68;0.00;480.00;1600.00;1600.00;2039.34;1590.00;2724.01;2540.00;2909.34;2264.01;1538.68;1538.68;480.00;1570.00;774.67;1090.00;930.00;320.00;310.00;950.00;630.00;0.00;0.00;0.00;0.00
1769443330.9253342;0.00;384.67;0.00;0.00;0.00;624.67;0.00;289.34;0.00;864.67;434.01;1440.00;1249.34;0.00;0.00;240.00;914.01;0.00;0.00;0.00;0.00;1058.68;0.00;480.00;1600.00;1600.00;2199.34;1750.00;2884.01;2540.00;2909.34;2264.01;1538.68;1538.68;480.00;1570.00;774.67;1090.00;930.00;320.00;310.00;950.00;630.00;0.00;0.00;0.00;0.00
1769443330.9260354;0.00;384.67;0.00;0.00;0.00;624.67;0.00;289.34;0.00;864.67;434.01;1440.00;1249.34;0.00;0.00;240.00;914.01;0.00;0.00;0.00;0.00;1058.68;0.00;480.00;1600.00;1600.00;2199.34;1750.00;2884.01;2540.00;2909.34;2264.01;1538.68;1538.68;480.00;1570.00;774.67;1090.00;930.00;320.00;310.00;950.00;630.00;0.00;0.00;0.00;0.00
1769443330.9724317;0.00;384.67;0.00;0.00;0.00;624.67;0.00;289.34;0.00;864.67;578.68;1440.00;1249.34;0.00;0.00;240.00;914.01;0.00;0.00;0.00;0.00;1058.68;0.00;480.00;1680.00;1680.00;2264.01;1910.00;3044.01;2540.00;2909.34;2264.01;1538.68;1538.68;480.00;1570.00;774.67;1090.00;930.00;320.00;534.67;950.00;630.00;0.00;0.00;0.00;0.00
1769443330.9732718;0.00;384.67;0.00;0.00;0.00;624.67;0.00;289.34;0.00;864.67;578.68;1440.00;1249.34;0.00;0.00;240.00;914.01;0.00;0.00;0.00;0.00;1058.68;0.00;480.00;1680.00;1680.00;2264.01;1910.00;3044.01;2540.00;2909.34;2264.01;1538.68;1538.68;480.00;1570.00;774.67;1090.00;930.00;320.00;534.67;950.00;630.00;0.00;0.00;0.00;0.00
1769443331.0159252;0.00;384.67;0.00;0.00;0.00;624.67;0.00;289.34;0.00;864.67;818.68;1440.00;1249.34;0.00;0.00;240.00;914.01;0.00;0.00;0.00;0.00;1058.68;0.00;640.00;1920.00;1920.00;2264.01;1910.00;3044.01;2540.00;2909.34;2264.01;1698.68;1698.68;640.00;1570.00;774.67;1090.00;930.00;320.00;534.67;950.00;630.00;0.00;0.00;0.00;0.00
1769443331.0166008;0.00;384.67;0.00;0.00;0.00;624.67;0.00;289.34;0.00;864.67;818.68;1440.00;1249.34;0.00;0.00;240.00;914.01;0.00;0.00;0.00;0.00;1058.68;0.00;640.00;1920.00;1920.00;2264.01;1910.00;3044.01;2540.00;2909.34;2264.01;1698.68;1698.68;640.00;1570.00;774.67;1090.00;930.00;320.00;534.67;950.00;630.00;0.00;0.00;0.00;0.00
1769443331.059786;0.00;384.67;0.00;0.00;0.00;624.67;0.00;289.34;0.00;864.67;1058.68;1440.00;1249.34;0.00;0.00;240.00;914.01;0.00;0.00;0.00;0.00;1058.68;0.00;950.00;2160.00;2160.00;2264.01;1910.00;3044.01;2540.00;2909.34;2264.01;1698.68;1698.68;640.00;1570.00;774.67;1090.00;930.00;320.00;534.67;950.00;630.00;320.00;0.00;0.00;310.00
1769443331.060533;0.00;384.67;0.00;0.00;0.00;624.67;0.00;289.34;0.00;864.67;1058.68;1440.00;1249.34;0.00;0.00;240.00;914.01;0.00;0.00;0.00;0.00;1058.68;0.00;950.00;2160.00;2160.00;2264.01;1910.00;3044.01;2540.00;2909.34;2264.01;1698.68;1698.68;640.00;1570.00;774.67;1090.00;930.00;320.00;534.67;950.00;630.00;320.00;0.00;0.00;310.00
1769443334.2742388;0.00;144.67;0.00;0.00;0.00;624.67;0.00;434.01;0.00;720.00;1058.68;1440.00;1249.34;0.00;0.00;240.00;144.67;0.00;0.00;0.00;0.00;1058.68;0.00;950.00;2160.00;2160.00;2264.01;1910.00;2044.67;1900.00;2524.01;2264.01;1698.68;1698.68;640.00;1260.00;774.67;1090.00;930.00;320.00;534.67;950.00;630.00;320.00;0.00;0.00;310.00
1769443334.2749722;0.00;144.67;0.00;0.00;0.00;624.67;0.00;434.01;0.00;720.00;1058.68;1440.00;1249.34;0.00;0.00;240.00;144.67;0.00;0.00;0.00;0.00;1058.68;0.00;950.00;2160.00;2160.00;2264.01;1910.00;2044.67;1900.00;2524.01;2264.01;1698.68;1698.68;640.00;1260.00;774.67;1090.00;930.00;320.00;534.67;950.00;630.00;320.00;0.00;0.00;310.00
1769443334.3154824;0.00;289.34;0.00;0.00;0.00;624.67;0.00;434.01;0.00;720.00;1058.68;1440.00;1249.34;0.00;0.00;240.00;144.67;0.00;0.00;0.00;0.00;1058.68;0.00;950.00;2160.00;2160.00;2264.01;1910.00;2044.67;2060.00;2684.01;2264.01;1698.68;1698.68;640.00;1260.00;774.67;1090.00;930.00;320.00;534.67;950.00;630.00;320.00;0.00;0.00;310.00
1769443334.316146;0.00;289.34;0.00;0.00;0.00;624.67;0.00;434.01;0.00;720.00;1058.68;1440.00;1249.34;0.00;0.00;240.00;144.67;0.00;0.00;0.00;0.00;1058.68;0.00;950.00;2160.00;2160.00;2264.01;1910.00;2044.67;2060.00;2684.01;2264.01;1698.68;1698.68;640.00;1260.00;774.67;1090.00;930.00;320.00;534.67;950.00;630.00;320.00;0.00;0.00;310.00
1769443334.3548713;0.00;289.34;0.00;0.00;0.00;769.34;0.00;434.01;0.00;720.00;1058.68;1440.00;1249.34;0.00;0.00;240.00;144.67;0.00;0.00;0.00;0.00;1058.68;0.00;950.00;2160.00;2160.00;2264.01;1910.00;2044.67;2060.00;2684.01;2424.01;1698.68;1698.68;640.00;1260.00;774.67;1410.00;930.00;320.00;534.67;950.00;630.00;320.00;0.00;0.00;310.00
1769443334.3554945;0.00;289.34;0.00;0.00;0.00;769.34;0.00;434.01;0.00;720.00;1058.68;1440.00;1249.34;0.00;0.00;240.00;144.67;0.00;0.00;0.00;0.00;1058.68;0.00;950.00;2160.00;2160.00;2264.01;1910.00;2044.67;2060.00;2684.01;2424.01;1698.68;1698.68;640.00;1260.00;774.67;1410.00;930.00;320.00;534.67;950.00;630.00;320.00;0.00;0.00;310.00
1769443334.3932412;0.00;529.34;0.00;0.00;0.00;769.34;0.00;434.01;0.00;720.00;1058.68;1440.00;1249.34;0.00;0.00;240.00;144.67;0.00;0.00;0.00;0.00;1058.68;0.00;950.00;2160.00;2160.00;2264.01;1910.00;2044.67;2060.00;2684.01;2664.01;1698.68;1698.68;640.00;1260.00;774.67;1410.00;930.00;320.00;534.67;950.00;630.00;320.00;0.00;0.00;310.00
1769443334.3938754;0.00;529.34;0.00;0.00;0.00;769.34;0.00;434.01;0.00;720.00;1058.68;1440.00;1249.34;0.00;0.00;240.00;144.67;0.00;0.00;0.00;0.00;1058.68;0.00;950.00;2160.00;2160.00;2264.01;1910.00;2044.67;2060.00;2684.01;2664.01;1698.68;1698.68;640.00;1260.00;774.67;1410.00;930.00;320.00;534.67;950.00;630.00;320.00;0.00;0.00;310.00
1769443334.4330866;0.00;769.34;0.00;0.00;0.00;769.34;0.00;434.01;0.00;720.00;1058.68;1440.00;1249.34;0.00;0.00;240.00;144.67;0.00;0.00;0.00;0.00;1058.68;0.00;950.00;2160.00;2160.00;2264.01;1910.00;2044.67;2060.00;2924.01;2664.01;1698.68;1698.68;640.00;1260.00;774.67;1410.00;930.00;320.00;534.67;950.00;630.00;320.00;0.00;0.00;310.00
1769443334.4339635;0.00;769.34;0.00;0.00;0.00;769.34;0.00;434.01;0.00;720.00;1058.68;1440.00;1249.34;0.00;0.00;240.00;144.67;0.00;0.00;0.00;0.00;1058.68;0.00;950.00;2160.00;2160.00;2264.01;1910.00;2044.67;2060.00;2924.01;2664.01;1698.68;1698.68;640.00;1260.00;774.67;1410.00;930.00;320.00;534.67;950.00;630.00;320.00;0.00;0.00;310.00
1769443334.4737582;0.00;1009.34;0.00;0.00;0.00;769.34;0.00;434.01;0.00;720.00;1058.68;1440.00;1249.34;0.00;0.00;240.00;144.67;0.00;0.00;0.00;0.00;1058.68;0.00;950.00;2160.00;2160.00;2264.01;1910.00;2044.67;2370.00;3164.01;2664.01;1698.68;1698.68;640.00;1260.00;774.67;1410.00;930.00;320.00;534.67;950.00;630.00;320.00;0.00;0.00;310.00
1769443334.4744763;0.00;1009.34;0.00;0.00;0.00;769.34;0.00;434.01;0.00;720.00;1058.68;1440.00;1249.34;0.00;0.00;240.00;144.67;0.00;0.00;0.00;0.00;1058.68;0.00;950.00;2160.00;2160.00;2264.01;1910.00;2044.67;2370.00;3164.01;2664.01;1698.68;1698.68;640.00;1260.00;774.67;1410.00;930.00;320.00;534.67;950.00;630.00;320.00;0.00;0.00;310.00
1769443339.2754238;0.00;289.34;0.00;0.00;0.00;289.34;0.00;578.68;0.00;480.00;1058.68;1440.00;1249.34;0.00;0.00;240.00;0.00;0.00;0.00;0.00;0.00;1058.68;0.00;950.00;2160.00;2160.00;1964.01;1670.00;1430.00;1804.67;2754.01;1864.01;1698.68;1698.68;640.00;1260.00;544.67;1410.00;930.00;320.00;224.67;950.00;630.00;320.00;0.00;0.00;310.00
1769443339.2763052;0.00;289.34;0.00;0.00;0.00;289.34;0.00;578.68;0.00;480.00;1058.68;1440.00;1249.34;0.00;0.00;240.00;0.00;0.00;0.00;0.00;0.00;1058.68;0.00;950.00;2160.00;2160.00;1964.01;1670.00;1430.00;1804.67;2754.01;1864.01;1698.68;1698.68;640.00;1260.00;544.67;1410.00;930.00;320.00;224.67;950.00;630.00;320.00;0.00;0.00;310.00
1769443349.280825;0.00;289.34;0.00;0.00;0.00;289.34;0.00;723.35;0.00;240.00;1058.68;1440.00;1249.34;0.00;0.00;240.00;0.00;0.00;0.00;0.00;0.00;1058.68;0.00;950.00;2160.00;2160.00;1964.01;1670.00;1430.00;1724.67;2748.68;1784.01;1698.68;1698.68;640.00;940.00;544.67;1410.00;620.00;320.00;224.67;950.00;630.00;320.00;0.00;0.00;310.00
1769443349.2815201;0.00;289.34;0.00;0.00;0.00;289.34;0.00;723.35;0.00;240.00;1058.68;1440.00;1249.34;0.00;0.00;240.00;0.00;0.00;0.00;0.00;0.00;1058.68;0.00;950.00;2160.00;2160.00;1964.01;1670.00;1430.00;1724.67;2748.68;1784.01;1698.68;1698.68;640.00;940.00;544.67;1410.00;620.00;320.00;224.67;950.00;630.00;320.00;0.00;0.00;310.00
1769443349.8538456;0.00;289.34;0.00;0.00;0.00;289.34;0.00;723.35;0.00;240.00;1058.68;1440.00;1249.34;0.00;0.00;240.00;144.67;0.00;0.00;0.00;0.00;1058.68;0.00;950.00;2160.00;2160.00;1964.01;1670.00;1574.67;1724.67;2748.68;1784.01;1698.68;1698.68;640.00;940.00;544.67;1410.00;620.00;320.00;224.67;950.00;630.00;320.00;0.00;0.00;310.00
1769443349.8545485;0.00;289.34;0.00;0.00;0.00;289.34;0.00;723.35;0.00;240.00;1058.68;1440.00;1249.34;0.00;0.00;240.00;144.67;0.00;0.00;0.00;0.00;1058.68;0.00;950.00;2160.00;2160.00;1964.01;1670.00;1574.67;1724.67;2748.68;1784.01;1698.68;1698.68;640.00;940.00;544.67;1410.00;620.00;320.00;224.67;950.00;630.00;320.00;0.00;0.00;310.00
1769443349.9006813;0.00;289.34;0.00;0.00;0.00;289.34;0.00;723.35;0.00;240.00;1058.68;1440.00;1249.34;0.00;0.00;240.00;289.34;0.00;0.00;0.00;0.00;1058.68;0.00;950.00;2160.00;2160.00;1964.01;1670.00;1719.34;1884.67;2748.68;1784.01;1698.68;1698.68;640.00;940.00;544.67;1410.00;620.00;320.00;224.67;950.00;630.00;320.00;0.00;0.00;310.00
1769443349.901345;0.00;289.34;0.00;0.00;0.00;289.34;0.00;723.35;0.00;240.00;1058.68;1440.00;1249.34;0.00;0.00;240.00;289.34;0.00;0.00;0.00;0.00;1058.68;0.00;950.00;2160.00;2160.00;1964.01;1670.00;1719.34;1884.67;2748.68;1784.01;1698.68;1698.68;640.00;940.00;544.67;1410.00;620.00;320.00;224.67;950.00;630.00;320.00;0.00;0.00;310.00
1769443349.9433208;0.00;289.34;0.00;0.00;0.00;289.34;0.00;723.35;0.00;240.00;1058.68;1440.00;1249.34;0.00;0.00;240.00;434.01;0.00;0.00;0.00;0.00;1058.68;0.00;950.00;2160.00;2160.00;1964.01;1670.00;1864.01;2044.67;2898.68;1784.01;1698.68;1698.68;640.00;940.00;544.67;1410.00;620.00;320.00;224.67;950.00;630.00;320.00;0.00;0.00;310.00
1769443349.943964;0.00;289.34;0.00;0.00;0.00;289.34;0.00;723.35;0.00;240.00;1058.68;1440.00;1249.34;0.00;0.00;240.00;434.01;0.00;0.00;0.00;0.00;1058.68;0.00;950.00;2160.00;2160.00;1964.01;1670.00;1864.01;2044.67;2898.68;1784.01;1698.68;1698.68;640.00;940.00;544.67;1410.00;620.00;320.00;224.67;950.00;630.00;320.00;0.00;0.00;310.00
1769443350.3792691;0.00;289.34;0.00;0.00;0.00;289.34;0.00;723.35;0.00;240.00;1058.68;1440.00;1249.34;0.00;0.00;240.00;674.01;0.00;0.00;0.00;0.00;1058.68;0.00;950.00;2160.00;2160.00;1964.01;1670.00;2104.01;2284.67;3208.68;1944.01;1698.68;1698.68;640.00;940.00;544.67;1410.00;620.00;320.00;224.67;950.00;630.00;320.00;0.00;0.00;310.00
1769443350.3799956;0.00;289.34;0.00;0.00;0.00;289.34;0.00;723.35;0.00;240.00;1058.68;1440.00;1249.34;0.00;0.00;240.00;674.01;0.00;0.00;0.00;0.00;1058.68;0.00;950.00;2160.00;2160.00;1964.01;1670.00;2104.01;2284.67;3208.68;1944.01;1698.68;1698.68;640.00;940.00;544.67;1410.00;620.00;320.00;224.67;950.00;630.00;320.00;0.00;0.00;310.00
1769443350.4259245;0.00;289.34;0.00;0.00;0.00;289.34;0.00;723.35;0.00;240.00;1058.68;1440.00;1249.34;0.00;0.00;240.00;914.01;0.00;0.00;0.00;0.00;1058.68;0.00;950.00;2160.00;2160.00;1964.01;1670.00;2414.01;2444.67;3358.68;1944.01;1698.68;1698.68;640.00;940.00;544.67;1410.00;930.00;320.00;224.67;950.00;630.00;320.00;0.00;0.00;310.00
1769443350.4266698;0.00;289.34;0.00;0.00;0.00;289.34;0.00;723.35;0.00;240.00;1058.68;1440.00;1249.34;0.00;0.00;240.00;914.01;0.00;0.00;0.00;0.00;1058.68;0.00;950.00;2160.00;2160.00;1964.01;1670.00;2414.01;2444.67;3358.68;1944.01;1698.68;1698.68;640.00;940.00;544.67;1410.00;930.00;320.00;224.67;950.00;630.00;320.00;0.00;0.00;310.00
1769443350.4745202;0.00;289.34;0.00;0.00;0.00;289.34;0.00;723.35;0.00;240.00;1058.68;1440.00;1249.34;0.00;0.00;240.00;1154.01;0.00;0.00;0.00;0.00;1058.68;0.00;950.00;2160.00;2160.00;1964.01;1670.00;2724.01;2604.67;3518.68;2094.01;1698.68;1698.68;640.00;940.00;544.67;1720.00;1250.00;320.00;224.67;950.00;630.00;320.00;0.00;0.00;310.00
1769443350.475269;0.00;289.34;0.00;0.00;0.00;289.34;0.00;723.35;0.00;240.00;1058.68;1440.00;1249.34;0.00;0.00;240.00;1154.01;0.00;0.00;0.00;0.00;1058.68;0.00;950.00;2160.00;2160.00;1964.01;1670.00;2724.01;2604.67;3518.68;2094.01;1698.68;1698.68;640.00;940.00;544.67;1720.00;1250.00;320.00;224.67;950.00;630.00;320.00;0.00;0.00;310.00
1769443352.0852902;0.00;0.00;0.00;0.00;0.00;0.00;0.00;723.35;0.00;240.00;963.35;1440.00;1249.34;0.00;0.00;0.00;1154.01;0.00;0.00;0.00;0.00;1058.68;0.00;640.00;1920.00;1920.00;1724.01;1430.00;2724.01;2444.67;3358.68;1639.34;1698.68;1698.68;640.00;940.00;544.67;1400.00;1250.00;320.00;224.67;950.00;630.00;0.00;0.00;0.00;0.00
1769443352.0859902;0.00;0.00;0.00;0.00;0.00;0.00;0.00;723.35;0.00;240.00;963.35;1440.00;1249.34;0.00;0.00;0.00;1154.01;0.00;0.00;0.00;0.00;1058.68;0.00;640.00;1920.00;1920.00;1724.01;1430.00;2724.01;2444.67;3358.68;1639.34;1698.68;1698.68;640.00;940.00;544.67;1400.00;1250.00;320.00;224.67;950.00;630.00;0.00;0.00;0.00;0.00
1769443370.8815248;0.00;144.67;0.00;0.00;0.00;0.00;0.00;723.35;0.00;240.00;963.35;1440.00;1249.34;0.00;0.00;0.00;1154.01;0.00;0.00;0.00;0.00;1058.68;0.00;640.00;1920.00;1920.00;1724.01;1430.00;2724.01;2444.67;3358.68;1784.01;1698.68;1698.68;640.00;940.00;544.67;1400.00;1250.00;320.00;224.67;950.00;630.00;0.00;0.00;0.00;0.00
1769443370.8822482;0.00;144.67;0.00;0.00;0.00;0.00;0.00;723.35;0.00;240.00;963.35;1440.00;1249.34;0.00;0.00;0.00;1154.01;0.00;0.00;0.00;0.00;1058.68;0.00;640.00;1920.00;1920.00;1724.01;1430.00;2724.01;2444.67;3358.68;1784.01;1698.68;1698.68;640.00;940.00;544.67;1400.00;1250.00;320.00;224.67;950.00;630.00;0.00;0.00;0.00;0.00
1769443370.9280648;0.00;384.67;0.00;0.00;0.00;0.00;0.00;723.35;0.00;240.00;963.35;1440.00;1249.34;0.00;0.00;0.00;1154.01;0.00;0.00;0.00;0.00;1058.68;0.00;640.00;1920.00;1920.00;1724.01;1430.00;2724.01;2444.67;3358.68;2024.01;1698.68;1698.68;640.00;940.00;544.67;1400.00;1250.00;320.00;224.67;950.00;630.00;0.00;0.00;0.00;0.00
1769443370.9288187;0.00;384.67;0.00;0.00;0.00;0.00;0.00;723.35;0.00;240.00;963.35;1440.00;1249.34;0.00;0.00;0.00;1154.01;0.00;0.00;0.00;0.00;1058.68;0.00;640.00;1920.00;1920.00;1724.01;1430.00;2724.01;2444.67;3358.68;2024.01;1698.68;1698.68;640.00;940.00;544.67;1400.00;1250.00;320.00;224.67;950.00;630.00;0.00;0.00;0.00;0.00
1769443370.9760852;0.00;624.67;0.00;0.00;0.00;0.00;0.00;723.35;0.00;240.00;963.35;1440.00;1249.34;0.00;0.00;0.00;1154.01;0.00;0.00;0.00;0.00;1058.68;0.00;640.00;1920.00;1920.00;1724.01;1430.00;2724.01;2444.67;3358.68;2024.01;1698.68;1698.68;640.00;940.00;544.67;1400.00;1250.00;320.00;224.67;950.00;630.00;0.00;0.00;0.00;0.00
1769443370.976801;0.00;624.67;0.00;0.00;0.00;0.00;0.00;723.35;0.00;240.00;963.35;1440.00;1249.34;0.00;0.00;0.00;1154.01;0.00;0.00;0.00;0.00;1058.68;0.00;640.00;1920.00;1920.00;1724.01;1430.00;2724.01;2444.67;3358.68;2024.01;1698.68;1698.68;640.00;940.00;544.67;1400.00;1250.00;320.00;224.67;950.00;630.00;0.00;0.00;0.00;0.00
1769443371.022379;0.00;864.67;0.00;0.00;0.00;0.00;0.00;723.35;0.00;240.00;963.35;1440.00;1249.34;0.00;0.00;0.00;1154.01;0.00;0.00;0.00;0.00;1058.68;0.00;640.00;1920.00;1920.00;1724.01;1430.00;2724.01;2444.67;3358.68;2184.01;1698.68;1698.68;640.00;940.00;544.67;1400.00;1250.00;320.00;224.67;950.00;630.00;0.00;0.00;0.00;0.00
1769443371.0231102;0.00;864.67;0.00;0.00;0.00;0.00;0.00;723.35;0.00;240.00;963.35;1440.00;1249.34;0.00;0.00;0.00;1154.01;0.00;0.00;0.00;0.00;1058.68;0.00;640.00;1920.00;1920.00;1724.01;1430.00;2724.01;2444.67;3358.68;2184.01;1698.68;1698.68;640.00;940.00;544.67;1400.00;1250.00;320.00;224.67;950.00;630.00;0.00;0.00;0.00;0.00
1769443371.072432;0.00;1104.67;0.00;0.00;0.00;0.00;0.00;723.35;0.00;240.00;963.35;1440.00;1249.34;0.00;0.00;0.00;1154.01;0.00;0.00;0.00;0.00;1058.68;0.00;640.00;1920.00;1920.00;1724.01;1430.00;2724.01;2444.67;3358.68;2504.01;1698.68;1698.68;640.00;940.00;544.67;1400.00;1250.00;320.00;224.67;950.00;630.00;0.00;0.00;0.00;0.00
1769443371.0733824;0.00;1104.67;0.00;0.00;0.00;0.00;0.00;723.35;0.00;240.00;963.35;1440.00;1249.34;0.00;0.00;0.00;1154.01;0.00;0.00;0.00;0.00;1058.68;0.00;640.00;1920.00;1920.00;1724.01;1430.00;2724.01;2444.67;3358.68;2504.01;1698.68;1698.68;640.00;940.00;544.67;1400.00;1250.00;320.00;224.67;950.00;630.00;0.00;0.00;0.00;0.00
1769443371.120367;0.00;1344.67;0.00;0.00;0.00;0.00;0.00;723.35;0.00;240.00;963.35;1440.00;1249.34;0.00;0.00;0.00;1154.01;0.00;0.00;0.00;0.00;1058.68;0.00;640.00;1920.00;1920.00;1724.01;1430.00;2724.01;2444.67;3518.68;2504.01;1698.68;1698.68;640.00;940.00;544.67;1400.00;1250.00;320.00;224.67;950.00;630.00;0.00;0.00;0.00;0.00
1769443371.1210701;0.00;1344.67;0.00;0.00;0.00;0.00;0.00;723.35;0.00;240.00;963.35;1440.00;1249.34;0.00;0.00;0.00;1154.01;0.00;0.00;0.00;0.00;1058.68;0.00;640.00;1920.00;1920.00;1724.01;1430.00;2724.01;2444.67;3518.68;2504.01;1698.68;1698.68;640.00;940.00;544.67;1400.00;1250.00;320.00;224.67;950.00;630.00;0.00;0.00;0.00;0.00
1769443371.160691;0.00;1344.67;0.00;0.00;0.00;0.00;0.00;723.35;0.00;240.00;963.35;1440.00;1249.34;0.00;0.00;0.00;1154.01;0.00;0.00;0.00;0.00;1058.68;0.00;640.00;1920.00;1920.00;1724.01;1430.00;2724.01;2284.67;3358.68;2264.01;1698.68;1698.68;640.00;940.00;854.67;1170.00;1250.00;320.00;224.67;950.00;630.00;0.00;0.00;0.00;0.00
1769443371.161309;0.00;1344.67;0.00;0.00;0.00;0.00;0.00;723.35;0.00;240.00;963.35;1440.00;1249.34;0.00;0.00;0.00;1154.01;0.00;0.00;0.00;0.00;1058.68;0.00;640.00;1920.00;1920.00;1724.01;1430.00;2724.01;2284.67;3358.68;2264.01;1698.68;1698.68;640.00;940.00;854.67;1170.00;1250.00;320.00;224.67;950.00;630.00;0.00;0.00;0.00;0.00
1769443374.2973876;0.00;1344.67;0.00;0.00;0.00;0.00;0.00;723.35;0.00;240.00;963.35;1680.00;1104.67;0.00;0.00;0.00;1154.01;0.00;0.00;0.00;0.00;1058.68;0.00;640.00;1920.00;1920.00;1509.34;1430.00;2724.01;2284.67;3358.68;2264.01;1698.68;1698.68;640.00;940.00;854.67;1170.00;1250.00;320.00;224.67;950.00;630.00;0.00;0.00;0.00;0.00
1769443374.2981462;0.00;1344.67;0.00;0.00;0.00;0.00;0.00;723.35;0.00;240.00;963.35;1680.00;1104.67;0.00;0.00;0.00;1154.01;0.00;0.00;0.00;0.00;1058.68;0.00;640.00;1920.00;1920.00;1509.34;1430.00;2724.01;2284.67;3358.68;2264.01;1698.68;1698.68;640.00;940.00;854.67;1170.00;1250.00;320.00;224.67;950.00;630.00;0.00;0.00;0.00;0.00
1769443379.3025172;0.00;1344.67;0.00;0.00;0.00;0.00;0.00;723.35;0.00;240.00;963.35;1920.00;864.67;0.00;0.00;0.00;1154.01;0.00;0.00;0.00;0.00;1058.68;0.00;640.00;1920.00;1920.00;1599.34;1510.00;3114.01;2124.67;3208.68;2264.01;1698.68;1698.68;640.00;940.00;854.67;1170.00;1250.00;320.00;224.67;950.00;630.00;0.00;0.00;0.00;0.00
1769443379.3033478;0.00;1344.67;0.00;0.00;0.00;0.00;0.00;723.35;0.00;240.00;963.35;1920.00;864.67;0.00;0.00;0.00;1154.01;0.00;0.00;0.00;0.00;1058.68;0.00;640.00;1920.00;1920.00;1599.34;1510.00;3114.01;2124.67;3208.68;2264.01;1698.68;1698.68;640.00;940.00;854.67;1170.00;1250.00;320.00;224.67;950.00;630.00;0.00;0.00;0.00;0.00
1769443384.3054228;0.00;1344.67;0.00;0.00;0.00;0.00;0.00;723.35;0.00;240.00;963.35;1920.00;720.00;0.00;0.00;0.00;1154.01;0.00;0.00;0.00;0.00;0.00;0.00;480.00;1760.00;1760.00;1384.67;1510.00;3114.01;1664.67;2178.68;1254.67;480.00;480.00;480.00;940.00;0.00;310.00;1250.00;320.00;224.67;630.00;630.00;0.00;0.00;0.00;0.00
1769443384.306139;0.00;1344.67;0.00;0.00;0.00;0.00;0.00;723.35;0.00;240.00;963.35;1920.00;720.00;0.00;0.00;0.00;1154.01;0.00;0.00;0.00;0.00;0.00;0.00;480.00;1760.00;1760.00;1384.67;1510.00;3114.01;1664.67;2178.68;1254.67;480.00;480.00;480.00;940.00;0.00;310.00;1250.00;320.00;224.67;630.00;630.00;0.00;0.00;0.00;0.00
1769443388.893952;0.00;1344.67;0.00;0.00;0.00;0.00;0.00;723.35;0.00;240.00;963.35;1920.00;720.00;0.00;0.00;0.00;1154.01;0.00;0.00;144.67;0.00;0.00;0.00;640.00;1920.00;1920.00;1614.67;1510.00;3114.01;1664.67;2178.68;1254.67;640.00;640.00;640.00;940.00;0.00;310.00;1250.00;320.00;224.67;630.00;630.00;0.00;0.00;0.00;0.00
1769443388.894669;0.00;1344.67;0.00;0.00;0.00;0.00;0.00;723.35;0.00;240.00;963.35;1920.00;720.00;0.00;0.00;0.00;1154.01;0.00;0.00;144.67;0.00;0.00;0.00;640.00;1920.00;1920.00;1614.67;1510.00;3114.01;1664.67;2178.68;1254.67;640.00;640.00;640.00;940.00;0.00;310.00;1250.00;320.00;224.67;630.00;630.00;0.00;0.00;0.00;0.00
1769443388.9424522;0.00;1344.67;0.00;0.00;0.00;0.00;0.00;723.35;0.00;240.00;963.35;1920.00;720.00;0.00;0.00;0.00;1154.01;0.00;0.00;289.34;0.00;0.00;0.00;640.00;1920.00;2144.67;1844.67;1510.00;3114.01;1664.67;2178.68;1254.67;640.00;640.00;640.00;940.00;0.00;310.00;1250.00;630.00;224.67;630.00;630.00;224.67;0.00;0.00;0.00
1769443388.943182;0.00;1344.67;0.00;0.00;0.00;0.00;0.00;723.35;0.00;240.00;963.35;1920.00;720.00;0.00;0.00;0.00;1154.01;0.00;0.00;289.34;0.00;0.00;0.00;640.00;1920.00;2144.67;1844.67;1510.00;3114.01;1664.67;2178.68;1254.67;640.00;640.00;640.00;940.00;0.00;310.00;1250.00;630.00;224.67;630.00;630.00;224.67;0.00;0.00;0.00
1769443388.9867482;0.00;1344.67;0.00;0.00;0.00;0.00;0.00;723.35;0.00;240.00;963.35;1920.00;720.00;0.00;0.00;0.00;1154.01;0.00;0.00;434.01;0.00;0.00;0.00;640.00;1920.00;2144.67;1989.34;1750.00;3424.01;1824.67;2338.68;1254.67;640.00;640.00;640.00;940.00;0.00;310.00;1250.00;630.00;224.67;630.00;630.00;224.67;0.00;0.00;0.00
1769443388.9873989;0.00;1344.67;0.00;0.00;0.00;0.00;0.00;723.35;0.00;240.00;963.35;1920.00;720.00;0.00;0.00;0.00;1154.01;0.00;0.00;434.01;0.00;0.00;0.00;640.00;1920.00;2144.67;1989.34;1750.00;3424.01;1824.67;2338.68;1254.67;640.00;640.00;640.00;940.00;0.00;310.00;1250.00;630.00;224.67;630.00;630.00;224.67;0.00;0.00;0.00
1769443389.033475;0.00;1344.67;0.00;0.00;0.00;0.00;0.00;723.35;0.00;240.00;963.35;1920.00;720.00;0.00;0.00;0.00;1154.01;0.00;0.00;674.01;0.00;0.00;0.00;640.00;1920.00;2144.67;2379.34;1910.00;3584.01;1984.67;2488.68;1254.67;640.00;640.00;640.00;1260.00;0.00;310.00;1250.00;630.00;224.67;630.00;630.00;224.67;0.00;0.00;0.00
1769443389.0341172;0.00;1344.67;0.00;0.00;0.00;0.00;0.00;723.35;0.00;240.00;963.35;1920.00;720.00;0.00;0.00;0.00;1154.01;0.00;0.00;674.01;0.00;0.00;0.00;640.00;1920.00;2144.67;2379.34;1910.00;3584.01;1984.67;2488.68;1254.67;640.00;640.00;640.00;1260.00;0.00;310.00;1250.00;630.00;224.67;630.00;630.00;224.67;0.00;0.00;0.00
1769443389.5282068;0.00;1344.67;0.00;0.00;0.00;0.00;0.00;723.35;0.00;240.00;963.35;1920.00;720.00;0.00;0.00;0.00;1154.01;0.00;0.00;914.01;0.00;0.00;0.00;640.00;2080.00;2304.67;2929.34;1910.00;3584.01;1984.67;2488.68;1254.67;640.00;640.00;640.00;1260.00;0.00;310.00;1250.00;630.00;224.67;940.00;630.00;224.67;0.00;0.00;0.00
1769443389.5289936;0.00;1344.67;0.00;0.00;0.00;0.00;0.00;723.35;0.00;240.00;963.35;1920.00;720.00;0.00;0.00;0.00;1154.01;0.00;0.00;914.01;0.00;0.00;0.00;640.00;2080.00;2304.67;2929.34;1910.00;3584.01;1984.67;2488.68;1254.67;640.00;640.00;640.00;1260.00;0.00;310.00;1250.00;630.00;224.67;940.00;630.00;224.67;0.00;0.00;0.00
1769443389.5786302;0.00;1344.67;0.00;0.00;0.00;0.00;0.00;723.35;0.00;240.00;963.35;1920.00;720.00;0.00;0.00;0.00;1154.01;0.00;0.00;1154.01;0.00;0.00;0.00;640.00;2080.00;2304.67;3319.34;2070.00;3734.01;1984.67;2488.68;1254.67;640.00;640.00;640.00;1260.00;0.00;310.00;1250.00;630.00;544.67;940.00;940.00;224.67;0.00;0.00;0.00
1769443389.5793884;0.00;1344.67;0.00;0.00;0.00;0.00;0.00;723.35;0.00;240.00;963.35;1920.00;720.00;0.00;0.00;0.00;1154.01;0.00;0.00;1154.01;0.00;0.00;0.00;640.00;2080.00;2304.67;3319.34;2070.00;3734.01;1984.67;2488.68;1254.67;640.00;640.00;640.00;1260.00;0.00;310.00;1250.00;630.00;544.67;940.00;940.00;224.67;0.00;0.00;0.00
1769443389.6282964;0.00;1584.67;0.00;0.00;0.00;0.00;0.00;723.35;0.00;240.00;963.35;1920.00;480.00;0.00;0.00;0.00;1009.34;0.00;0.00;1154.01;0.00;0.00;0.00;640.00;2080.00;2304.67;3169.34;1910.00;3429.34;1664.67;2498.68;1334.67;640.00;640.00;640.00;1260.00;0.00;310.00;940.00;630.00;544.67;940.00;940.00;224.67;0.00;0.00;0.00
1769443389.6291568;0.00;1584.67;0.00;0.00;0.00;0.00;0.00;723.35;0.00;240.00;963.35;1920.00;480.00;0.00;0.00;0.00;1009.34;0.00;0.00;1154.01;0.00;0.00;0.00;640.00;2080.00;2304.67;3169.34;1910.00;3429.34;1664.67;2498.68;1334.67;640.00;640.00;640.00;1260.00;0.00;310.00;940.00;630.00;544.67;940.00;940.00;224.67;0.00;0.00;0.00
1769443389.6798625;0.00;1584.67;0.00;0.00;0.00;0.00;0.00;723.35;0.00;240.00;963.35;1920.00;480.00;0.00;0.00;0.00;1009.34;0.00;0.00;1154.01;0.00;0.00;0.00;640.00;2080.00;2304.67;3169.34;1910.00;3429.34;1664.67;2498.68;1334.67;640.00;640.00;640.00;1260.00;0.00;310.00;940.00;630.00;544.67;940.00;940.00;224.67;0.00;0.00;0.00
1769443389.680608;0.00;1584.67;0.00;0.00;0.00;0.00;0.00;723.35;0.00;240.00;963.35;1920.00;480.00;0.00;0.00;0.00;1009.34;0.00;0.00;1154.01;0.00;0.00;0.00;640.00;2080.00;2304.67;3169.34;1910.00;3429.34;1664.67;2498.68;1334.67;640.00;640.00;640.00;1260.00;0.00;310.00;940.00;630.00;544.67;940.00;940.00;224.67;0.00;0.00;0.00
1769443394.635962;0.00;1584.67;0.00;0.00;0.00;0.00;0.00;723.35;0.00;0.00;963.35;1920.00;240.00;0.00;0.00;0.00;1009.34;0.00;0.00;1154.01;0.00;0.00;0.00;640.00;2080.00;2304.67;2869.34;1600.00;3119.34;1504.67;2418.68;1254.67;640.00;640.00;640.00;940.00;0.00;310.00;940.00;630.00;544.67;940.00;630.00;224.67;0.00;0.00;0.00
1769443394.6366768;0.00;1584.67;0.00;0.00;0.00;0.00;0.00;723.35;0.00;0.00;963.35;1920.00;240.00;0.00;0.00;0.00;1009.34;0.00;0.00;1154.01;0.00;0.00;0.00;640.00;2080.00;2304.67;2869.34;1600.00;3119.34;1504.67;2418.68;1254.67;640.00;640.00;640.00;940.00;0.00;310.00;940.00;630.00;544.67;940.00;630.00;224.67;0.00;0.00;0.00
1769443394.6803858;0.00;1584.67;0.00;0.00;0.00;0.00;0.00;868.02;0.00;0.00;963.35;1920.00;240.00;0.00;0.00;0.00;1009.34;0.00;0.00;1154.01;0.00;0.00;0.00;640.00;2080.00;2304.67;2869.34;1600.00;3119.34;1824.67;2648.68;1254.67;640.00;640.00;640.00;1260.00;0.00;310.00;940.00;630.00;544.67;940.00;630.00;224.67;0.00;0.00;0.00
1769443394.6810768;0.00;1584.67;0.00;0.00;0.00;0.00;0.00;868.02;0.00;0.00;963.35;1920.00;240.00;0.00;0.00;0.00;1009.34;0.00;0.00;1154.01;0.00;0.00;0.00;640.00;2080.00;2304.67;2869.34;1600.00;3119.34;1824.67;2648.68;1254.67;640.00;640.00;640.00;1260.00;0.00;310.00;940.00;630.00;544.67;940.00;630.00;224.67;0.00;0.00;0.00
1769443399.6408396;0.00;1584.67;0.00;0.00;0.00;0.00;0.00;868.02;0.00;0.00;963.35;1920.00;240.00;0.00;0.00;144.67;624.67;0.00;0.00;1154.01;0.00;0.00;0.00;640.00;2080.00;2304.67;2869.34;1600.00;2809.34;1744.67;2648.68;1254.67;640.00;640.00;640.00;1260.00;0.00;310.00;630.00;630.00;544.67;940.00;630.00;224.67;0.00;0.00;0.00
1769443399.6415455;0.00;1584.67;0.00;0.00;0.00;0.00;0.00;868.02;0.00;0.00;963.35;1920.00;240.00;0.00;0.00;144.67;624.67;0.00;0.00;1154.01;0.00;0.00;0.00;640.00;2080.00;2304.67;2869.34;1600.00;2809.34;1744.67;2648.68;1254.67;640.00;640.00;640.00;1260.00;0.00;310.00;630.00;630.00;544.67;940.00;630.00;224.67;0.00;0.00;0.00
1769443399.6903234;0.00;1584.67;0.00;0.00;0.00;0.00;0.00;868.02;0.00;0.00;963.35;1920.00;240.00;0.00;0.00;289.34;624.67;0.00;0.00;1154.01;0.00;0.00;0.00;640.00;2080.00;2304.67;2869.34;1600.00;2954.01;1984.67;2948.68;1254.67;640.00;640.00;640.00;1260.00;0.00;310.00;630.00;630.00;544.67;940.00;630.00;224.67;0.00;0.00;0.00
1769443399.6916037;0.00;1584.67;0.00;0.00;0.00;0.00;0.00;868.02;0.00;0.00;963.35;1920.00;240.00;0.00;0.00;289.34;624.67;0.00;0.00;1154.01;0.00;0.00;0.00;640.00;2080.00;2304.67;2869.34;1600.00;2954.01;1984.67;2948.68;1254.67;640.00;640.00;640.00;1260.00;0.00;310.00;630.00;630.00;544.67;940.00;630.00;224.67;0.00;0.00;0.00
1769443404.6393363;0.00;1681.67;0.00;0.00;0.00;0.00;0.00;0.00;0.00;0.00;963.35;1920.00;240.00;0.00;0.00;289.34;480.00;0.00;0.00;1154.01;0.00;0.00;0.00;640.00;2080.00;2304.67;2869.34;1600.00;2809.34;1200.00;1850.00;1287.00;640.00;640.00;640.00;940.00;0.00;310.00;630.00;630.00;544.67;940.00;630.00;224.67;0.00;0.00;0.00
1769443404.6401246;0.00;1681.67;0.00;0.00;0.00;0.00;0.00;0.00;0.00;0.00;963.35;1920.00;240.00;0.00;0.00;289.34;480.00;0.00;0.00;1154.01;0.00;0.00;0.00;640.00;2080.00;2304.67;2869.34;1600.00;2809.34;1200.00;1850.00;1287.00;640.00;640.00;640.00;940.00;0.00;310.00;630.00;630.00;544.67;940.00;630.00;224.67;0.00;0.00;0.00
1769443407.9157648;0.00;1681.67;0.00;0.00;0.00;0.00;0.00;0.00;0.00;0.00;963.35;1920.00;240.00;0.00;0.00;289.34;480.00;0.00;0.00;1154.01;0.00;0.00;0.00;640.00;2080.00;2304.67;2869.34;1600.00;2809.34;1200.00;1850.00;1287.00;640.00;640.00;640.00;940.00;0.00;310.00;630.00;630.00;544.67;940.00;630.00;224.67;0.00;0.00;0.00
1769443407.9164608;0.00;1681.67;0.00;0.00;0.00;0.00;0.00;0.00;0.00;0.00;963.35;1920.00;240.00;0.00;0.00;289.34;480.00;0.00;0.00;1154.01;0.00;0.00;0.00;640.00;2080.00;2304.67;2869.34;1600.00;2809.34;1200.00;1850.00;1287.00;640.00;640.00;640.00;940.00;0.00;310.00;630.00;630.00;544.67;940.00;630.00;224.67;0.00;0.00;0.00
1769443407.963903;0.00;1681.67;0.00;0.00;0.00;0.00;0.00;0.00;0.00;0.00;963.35;1920.00;240.00;0.00;0.00;289.34;480.00;0.00;0.00;1154.01;0.00;0.00;0.00;640.00;2080.00;2304.67;2869.34;1600.00;2809.34;1200.00;1850.00;1287.00;640.00;640.00;640.00;940.00;0.00;310.00;630.00;630.00;544.67;940.00;630.00;224.67;0.00;0.00;0.00
1769443407.964548;0.00;1681.67;0.00;0.00;0.00;0.00;0.00;0.00;0.00;0.00;963.35;1920.00;240.00;0.00;0.00;289.34;480.00;0.00;0.00;1154.01;0.00;0.00;0.00;640.00;2080.00;2304.67;2869.34;1600.00;2809.34;1200.00;1850.00;1287.00;640.00;640.00;640.00;940.00;0.00;310.00;630.00;630.00;544.67;940.00;630.00;224.67;0.00;0.00;0.00
1769443408.0168014;0.00;1681.67;0.00;0.00;0.00;0.00;0.00;0.00;0.00;0.00;963.35;1920.00;240.00;0.00;0.00;289.34;480.00;0.00;0.00;1154.01;0.00;0.00;0.00;640.00;2080.00;2304.67;2869.34;1600.00;2809.34;1200.00;1850.00;1287.00;640.00;640.00;640.00;940.00;0.00;310.00;630.00;630.00;544.67;940.00;630.00;224.67;0.00;0.00;0.00
1769443408.0175154;0.00;1681.67;0.00;0.00;0.00;0.00;0.00;0.00;0.00;0.00;963.35;1920.00;240.00;0.00;0.00;289.34;480.00;0.00;0.00;1154.01;0.00;0.00;0.00;640.00;2080.00;2304.67;2869.34;1600.00;2809.34;1200.00;1850.00;1287.00;640.00;640.00;640.00;940.00;0.00;310.00;630.00;630.00;544.67;940.00;630.00;224.67;0.00;0.00;0.00
1769443408.0710993;0.00;1681.67;0.00;0.00;0.00;0.00;0.00;0.00;0.00;0.00;963.35;1920.00;240.00;0.00;0.00;289.34;480.00;0.00;0.00;1154.01;0.00;0.00;0.00;640.00;2080.00;2304.67;2869.34;1600.00;2809.34;1200.00;1850.00;1287.00;640.00;640.00;640.00;940.00;0.00;310.00;630.00;630.00;544.67;940.00;630.00;224.67;0.00;0.00;0.00
1769443408.0719366;0.00;1681.67;0.00;0.00;0.00;0.00;0.00;0.00;0.00;0.00;963.35;1920.00;240.00;0.00;0.00;289.34;480.00;0.00;0.00;1154.01;0.00;0.00;0.00;640.00;2080.00;2304.67;2869.34;1600.00;2809.34;1200.00;1850.00;1287.00;640.00;640.00;640.00;940.00;0.00;310.00;630.00;630.00;544.67;940.00;630.00;224.67;0.00;0.00;0.00
1769443408.1236784;0.00;1681.67;0.00;0.00;0.00;0.00;0.00;0.00;0.00;0.00;963.35;1920.00;240.00;0.00;0.00;289.34;480.00;0.00;0.00;1154.01;0.00;0.00;0.00;640.00;2080.00;2304.67;2869.34;1600.00;2809.34;1200.00;1850.00;1287.00;640.00;640.00;640.00;940.00;0.00;310.00;630.00;630.00;544.67;940.00;630.00;224.67;0.00;0.00;0.00
1769443408.1243584;0.00;1681.67;0.00;0.00;0.00;0.00;0.00;0.00;0.00;0.00;963.35;1920.00;240.00;0.00;0.00;289.34;480.00;0.00;0.00;1154.01;0.00;0.00;0.00;640.00;2080.00;2304.67;2869.34;1600.00;2809.34;1200.00;1850.00;1287.00;640.00;640.00;640.00;940.00;0.00;310.00;630.00;630.00;544.67;940.00;630.00;224.67;0.00;0.00;0.00
1769443408.1750922;0.00;1681.67;0.00;0.00;0.00;0.00;0.00;0.00;0.00;0.00;963.35;1920.00;240.00;0.00;0.00;289.34;480.00;0.00;0.00;1154.01;0.00;0.00;0.00;640.00;2080.00;2304.67;2869.34;1600.00;2809.34;1200.00;1850.00;1287.00;640.00;640.00;640.00;940.00;0.00;310.00;630.00;630.00;544.67;940.00;630.00;224.67;0.00;0.00;0.00
1769443408.1758037;0.00;1681.67;0.00;0.00;0.00;0.00;0.00;0.00;0.00;0.00;963.35;1920.00;240.00;0.00;0.00;289.34;480.00;0.00;0.00;1154.01;0.00;0.00;0.00;640.00;2080.00;2304.67;2869.34;1600.00;2809.34;1200.00;1850.00;1287.00;640.00;640.00;640.00;940.00;0.00;310.00;630.00;630.00;544.67;940.00;630.00;224.67;0.00;0.00;0.00
1769443409.651283;0.00;1681.67;0.00;0.00;0.00;0.00;0.00;0.00;0.00;0.00;529.34;480.00;240.00;0.00;0.00;289.34;480.00;97.00;0.00;1154.01;0.00;0.00;0.00;320.00;1024.67;1217.00;2324.67;960.00;2169.34;1200.00;1850.00;1287.00;320.00;320.00;320.00;320.00;0.00;310.00;630.00;310.00;320.00;310.00;630.00;224.67;0.00;0.00;0.00
1769443409.651919;0.00;1681.67;0.00;0.00;0.00;0.00;0.00;0.00;0.00;0.00;529.34;480.00;240.00;0.00;0.00;289.34;480.00;97.00;0.00;1154.01;0.00;0.00;0.00;320.00;1024.67;1217.00;2324.67;960.00;2169.34;1200.00;1850.00;1287.00;320.00;320.00;320.00;320.00;0.00;310.00;630.00;310.00;320.00;310.00;630.00;224.67;0.00;0.00;0.00
1769443410.1624546;0.00;1681.67;0.00;0.00;0.00;0.00;0.00;0.00;0.00;0.00;529.34;480.00;240.00;0.00;0.00;289.34;480.00;194.00;0.00;1154.01;0.00;0.00;0.00;400.00;1057.00;1281.67;2484.67;1120.00;2329.34;1200.00;1850.00;1287.00;400.00;400.00;400.00;320.00;0.00;310.00;630.00;310.00;320.00;310.00;630.00;224.67;0.00;0.00;0.00
1769443410.163077;0.00;1681.67;0.00;0.00;0.00;0.00;0.00;0.00;0.00;0.00;529.34;480.00;240.00;0.00;0.00;289.34;480.00;194.00;0.00;1154.01;0.00;0.00;0.00;400.00;1057.00;1281.67;2484.67;1120.00;2329.34;1200.00;1850.00;1287.00;400.00;400.00;400.00;320.00;0.00;310.00;630.00;310.00;320.00;310.00;630.00;224.67;0.00;0.00;0.00
1769443410.2063076;0.00;1681.67;0.00;0.00;0.00;0.00;0.00;0.00;0.00;0.00;529.34;480.00;240.00;0.00;0.00;289.34;480.00;291.00;0.00;1154.01;0.00;0.00;0.00;480.00;1089.33;1346.34;2644.67;1280.00;2489.34;1200.00;1850.00;1287.00;480.00;480.00;480.00;320.00;0.00;310.00;630.00;310.00;320.00;310.00;630.00;224.67;0.00;0.00;0.00
1769443410.2069726;0.00;1681.67;0.00;0.00;0.00;0.00;0.00;0.00;0.00;0.00;529.34;480.00;240.00;0.00;0.00;289.34;480.00;291.00;0.00;1154.01;0.00;0.00;0.00;480.00;1089.33;1346.34;2644.67;1280.00;2489.34;1200.00;1850.00;1287.00;480.00;480.00;480.00;320.00;0.00;310.00;630.00;310.00;320.00;310.00;630.00;224.67;0.00;0.00;0.00
1769443410.2548993;0.00;1681.67;0.00;0.00;0.00;0.00;0.00;0.00;0.00;0.00;529.34;480.00;240.00;0.00;0.00;289.34;480.00;388.00;0.00;1154.01;0.00;0.00;0.00;640.00;1249.33;1603.34;2724.67;1360.00;2569.34;1200.00;1850.00;1287.00;640.00;640.00;640.00;320.00;0.00;310.00;630.00;534.67;320.00;630.00;630.00;224.67;0.00;0.00;0.00
1769443410.2555656;0.00;1681.67;0.00;0.00;0.00;0.00;0.00;0.00;0.00;0.00;529.34;480.00;240.00;0.00;0.00;289.34;480.00;388.00;0.00;1154.01;0.00;0.00;0.00;640.00;1249.33;1603.34;2724.67;1360.00;2569.34;1200.00;1850.00;1287.00;640.00;640.00;640.00;320.00;0.00;310.00;630.00;534.67;320.00;630.00;630.00;224.67;0.00;0.00;0.00
1769443410.3030148;0.00;1681.67;0.00;0.00;0.00;0.00;0.00;0.00;0.00;0.00;529.34;480.00;240.00;0.00;0.00;289.34;480.00;485.00;0.00;1154.01;0.00;0.00;0.00;640.00;1249.33;1700.34;2869.34;1504.67;2809.34;1200.00;1850.00;1287.00;640.00;640.00;640.00;470.00;0.00;310.00;630.00;534.67;320.00;630.00;630.00;224.67;0.00;0.00;0.00
1769443410.3036478;0.00;1681.67;0.00;0.00;0.00;0.00;0.00;0.00;0.00;0.00;529.34;480.00;240.00;0.00;0.00;289.34;480.00;485.00;0.00;1154.01;0.00;0.00;0.00;640.00;1249.33;1700.34;2869.34;1504.67;2809.34;1200.00;1850.00;1287.00;640.00;640.00;640.00;470.00;0.00;310.00;630.00;534.67;320.00;630.00;630.00;224.67;0.00;0.00;0.00
1769443410.3487365;0.00;1681.67;0.00;0.00;0.00;0.00;0.00;0.00;0.00;0.00;529.34;480.00;240.00;0.00;0.00;289.34;480.00;582.00;0.00;1154.01;0.00;0.00;0.00;880.00;1506.33;1700.34;2869.34;1504.67;2809.34;1200.00;1850.00;1447.00;880.00;880.00;880.00;470.00;230.00;310.00;630.00;534.67;320.00;854.67;630.00;224.67;0.00;0.00;320.00
1769443410.3493369;0.00;1681.67;0.00;0.00;0.00;0.00;0.00;0.00;0.00;0.00;529.34;480.00;240.00;0.00;0.00;289.34;480.00;582.00;0.00;1154.01;0.00;0.00;0.00;880.00;1506.33;1700.34;2869.34;1504.67;2809.34;1200.00;1850.00;1447.00;880.00;880.00;880.00;470.00;230.00;310.00;630.00;534.67;320.00;854.67;630.00;224.67;0.00;0.00;320.00
1769443410.3962612;0.00;1681.67;0.00;0.00;0.00;0.00;0.00;0.00;0.00;0.00;529.34;480.00;240.00;0.00;0.00;289.34;480.00;726.67;0.00;1154.01;0.00;0.00;0.00;880.00;1731.00;1940.34;3109.34;1744.67;3049.34;1280.00;2000.00;1447.00;880.00;880.00;880.00;470.00;230.00;310.00;860.00;534.67;640.00;1079.34;630.00;224.67;0.00;0.00;320.00
1769443410.3969321;0.00;1681.67;0.00;0.00;0.00;0.00;0.00;0.00;0.00;0.00;529.34;480.00;240.00;0.00;0.00;289.34;480.00;726.67;0.00;1154.01;0.00;0.00;0.00;880.00;1731.00;1940.34;3109.34;1744.67;3049.34;1280.00;2000.00;1447.00;880.00;880.00;880.00;470.00;230.00;310.00;860.00;534.67;640.00;1079.34;630.00;224.67;0.00;0.00;320.00
1769443410.444792;0.00;1681.67;0.00;0.00;0.00;0.00;0.00;0.00;0.00;0.00;529.34;480.00;240.00;0.00;0.00;289.34;480.00;871.34;0.00;1154.01;0.00;0.00;0.00;1120.00;1875.67;1940.34;3109.34;1744.67;3049.34;1280.00;2000.00;1687.00;1120.00;1120.00;1120.00;470.00;230.00;540.00;860.00;534.67;640.00;1304.01;630.00;224.67;0.00;320.00;320.00
1769443410.4454846;0.00;1681.67;0.00;0.00;0.00;0.00;0.00;0.00;0.00;0.00;529.34;480.00;240.00;0.00;0.00;289.34;480.00;871.34;0.00;1154.01;0.00;0.00;0.00;1120.00;1875.67;1940.34;3109.34;1744.67;3049.34;1280.00;2000.00;1687.00;1120.00;1120.00;1120.00;470.00;230.00;540.00;860.00;534.67;640.00;1304.01;630.00;224.67;0.00;320.00;320.00
1769443410.4956799;0.00;1681.67;0.00;0.00;0.00;0.00;0.00;0.00;0.00;0.00;529.34;480.00;240.00;0.00;0.00;289.34;480.00;1016.01;0.00;1154.01;0.00;0.00;0.00;1200.00;1955.67;2005.01;3174.01;1904.67;3209.34;1440.00;2160.00;1687.00;1200.00;1200.00;1200.00;470.00;460.00;540.00;860.00;534.67;864.67;1304.01;630.00;224.67;0.00;320.00;320.00
1769443410.4963317;0.00;1681.67;0.00;0.00;0.00;0.00;0.00;0.00;0.00;0.00;529.34;480.00;240.00;0.00;0.00;289.34;480.00;1016.01;0.00;1154.01;0.00;0.00;0.00;1200.00;1955.67;2005.01;3174.01;1904.67;3209.34;1440.00;2160.00;1687.00;1200.00;1200.00;1200.00;470.00;460.00;540.00;860.00;534.67;864.67;1304.01;630.00;224.67;0.00;320.00;320.00
1769443414.662017;0.00;1826.34;0.00;0.00;0.00;0.00;0.00;0.00;0.00;0.00;529.34;240.00;240.00;0.00;0.00;289.34;240.00;1016.01;0.00;1154.01;0.00;0.00;0.00;1200.00;1795.67;1845.01;3174.01;1904.67;2969.34;1200.00;1850.00;1687.00;1200.00;1200.00;1200.00;470.00;460.00;540.00;860.00;534.67;864.67;1304.01;630.00;224.67;0.00;320.00;320.00
1769443414.662713;0.00;1826.34;0.00;0.00;0.00;0.00;0.00;0.00;0.00;0.00;529.34;240.00;240.00;0.00;0.00;289.34;240.00;1016.01;0.00;1154.01;0.00;0.00;0.00;1200.00;1795.67;1845.01;3174.01;1904.67;2969.34;1200.00;1850.00;1687.00;1200.00;1200.00;1200.00;470.00;460.00;540.00;860.00;534.67;864.67;1304.01;630.00;224.67;0.00;320.00;320.00
1769443414.7077696;0.00;1826.34;0.00;0.00;0.00;0.00;0.00;0.00;0.00;0.00;529.34;240.00;240.00;0.00;0.00;289.34;240.00;1160.68;0.00;1154.01;0.00;0.00;0.00;1200.00;2020.34;2085.01;3334.01;2064.67;3119.34;1200.00;1850.00;1687.00;1200.00;1200.00;1200.00;470.00;460.00;540.00;860.00;534.67;864.67;1304.01;630.00;224.67;0.00;320.00;320.00
1769443414.7084124;0.00;1826.34;0.00;0.00;0.00;0.00;0.00;0.00;0.00;0.00;529.34;240.00;240.00;0.00;0.00;289.34;240.00;1160.68;0.00;1154.01;0.00;0.00;0.00;1200.00;2020.34;2085.01;3334.01;2064.67;3119.34;1200.00;1850.00;1687.00;1200.00;1200.00;1200.00;470.00;460.00;540.00;860.00;534.67;864.67;1304.01;630.00;224.67;0.00;320.00;320.00
1769443419.6644669;0.00;1826.34;0.00;0.00;0.00;0.00;0.00;0.00;0.00;0.00;384.67;240.00;240.00;0.00;0.00;289.34;240.00;532.67;0.00;1154.01;0.00;0.00;0.00;560.00;1186.33;1491.01;2804.67;1440.00;2399.34;960.00;1540.00;1287.00;560.00;560.00;560.00;320.00;0.00;310.00;630.00;310.00;320.00;310.00;630.00;224.67;0.00;0.00;0.00
1769443419.6651008;0.00;1826.34;0.00;0.00;0.00;0.00;0.00;0.00;0.00;0.00;384.67;240.00;240.00;0.00;0.00;289.34;240.00;532.67;0.00;1154.01;0.00;0.00;0.00;560.00;1186.33;1491.01;2804.67;1440.00;2399.34;960.00;1540.00;1287.00;560.00;560.00;560.00;320.00;0.00;310.00;630.00;310.00;320.00;310.00;630.00;224.67;0.00;0.00;0.00
1769443421.9276366;0.00;1826.34;0.00;0.00;0.00;0.00;0.00;0.00;97.00;0.00;384.67;240.00;240.00;0.00;0.00;289.34;240.00;532.67;0.00;1154.01;0.00;0.00;0.00;560.00;1186.33;1491.01;2804.67;1440.00;2399.34;960.00;1637.00;1447.00;560.00;560.00;560.00;320.00;0.00;310.00;630.00;310.00;320.00;310.00;630.00;224.67;0.00;0.00;0.00
1769443421.9283316;0.00;1826.34;0.00;0.00;0.00;0.00;0.00;0.00;97.00;0.00;384.67;240.00;240.00;0.00;0.00;289.34;240.00;532.67;0.00;1154.01;0.00;0.00;0.00;560.00;1186.33;1491.01;2804.67;1440.00;2399.34;960.00;1637.00;1447.00;560.00;560.00;560.00;320.00;0.00;310.00;630.00;310.00;320.00;310.00;630.00;224.67;0.00;0.00;0.00
1769443421.9796677;0.00;1826.34;0.00;0.00;0.00;0.00;0.00;0.00;194.00;0.00;384.67;240.00;240.00;0.00;0.00;289.34;240.00;532.67;0.00;1154.01;0.00;0.00;0.00;560.00;1186.33;1491.01;2804.67;1440.00;2399.34;960.00;1819.33;1447.00;560.00;560.00;560.00;320.00;0.00;310.00;630.00;310.00;320.00;310.00;630.00;224.67;0.00;0.00;0.00
1769443421.980416;0.00;1826.34;0.00;0.00;0.00;0.00;0.00;0.00;194.00;0.00;384.67;240.00;240.00;0.00;0.00;289.34;240.00;532.67;0.00;1154.01;0.00;0.00;0.00;560.00;1186.33;1491.01;2804.67;1440.00;2399.34;960.00;1819.33;1447.00;560.00;560.00;560.00;320.00;0.00;310.00;630.00;310.00;320.00;310.00;630.00;224.67;0.00;0.00;0.00
1769443422.0360203;0.00;1826.34;0.00;0.00;0.00;0.00;0.00;0.00;291.00;0.00;384.67;240.00;240.00;0.00;0.00;289.34;240.00;532.67;0.00;1154.01;0.00;0.00;0.00;560.00;1186.33;1491.01;2804.67;1440.00;2399.34;960.00;2226.33;1447.00;560.00;560.00;560.00;320.00;0.00;310.00;630.00;310.00;320.00;310.00;630.00;224.67;0.00;0.00;0.00
1769443422.0367165;0.00;1826.34;0.00;0.00;0.00;0.00;0.00;0.00;291.00;0.00;384.67;240.00;240.00;0.00;0.00;289.34;240.00;532.67;0.00;1154.01;0.00;0.00;0.00;560.00;1186.33;1491.01;2804.67;1440.00;2399.34;960.00;2226.33;1447.00;560.00;560.00;560.00;320.00;0.00;310.00;630.00;310.00;320.00;310.00;630.00;224.67;0.00;0.00;0.00
1769443422.0887396;0.00;1826.34;0.00;0.00;0.00;0.00;0.00;0.00;435.67;0.00;384.67;240.00;240.00;0.00;0.00;289.34;240.00;532.67;0.00;1154.01;0.00;0.00;0.00;560.00;1186.33;1491.01;2804.67;1440.00;2399.34;960.00;2526.33;1447.00;560.00;560.00;560.00;320.00;0.00;310.00;630.00;310.00;320.00;310.00;630.00;224.67;0.00;0.00;0.00
1769443422.0894735;0.00;1826.34;0.00;0.00;0.00;0.00;0.00;0.00;435.67;0.00;384.67;240.00;240.00;0.00;0.00;289.34;240.00;532.67;0.00;1154.01;0.00;0.00;0.00;560.00;1186.33;1491.01;2804.67;1440.00;2399.34;960.00;2526.33;1447.00;560.00;560.00;560.00;320.00;0.00;310.00;630.00;310.00;320.00;310.00;630.00;224.67;0.00;0.00;0.00
1769443422.1524546;0.00;1826.34;0.00;0.00;0.00;0.00;0.00;0.00;580.34;0.00;384.67;240.00;240.00;0.00;0.00;289.34;240.00;532.67;0.00;1154.01;0.00;0.00;0.00;560.00;1186.33;1491.01;2804.67;1440.00;2399.34;1350.00;2526.33;1447.00;560.00;560.00;560.00;320.00;0.00;310.00;630.00;310.00;320.00;310.00;630.00;224.67;0.00;0.00;0.00
1769443422.1535788;0.00;1826.34;0.00;0.00;0.00;0.00;0.00;0.00;580.34;0.00;384.67;240.00;240.00;0.00;0.00;289.34;240.00;532.67;0.00;1154.01;0.00;0.00;0.00;560.00;1186.33;1491.01;2804.67;1440.00;2399.34;1350.00;2526.33;1447.00;560.00;560.00;560.00;320.00;0.00;310.00;630.00;310.00;320.00;310.00;630.00;224.67;0.00;0.00;0.00
1769443422.205556;0.00;1826.34;0.00;0.00;0.00;0.00;0.00;0.00;725.01;0.00;384.67;240.00;240.00;0.00;0.00;289.34;240.00;532.67;0.00;1154.01;0.00;0.00;0.00;560.00;1186.33;1491.01;2804.67;1440.00;2399.34;1510.00;2676.33;1447.00;560.00;560.00;560.00;640.00;0.00;310.00;630.00;310.00;320.00;310.00;630.00;224.67;0.00;0.00;0.00
1769443422.20626;0.00;1826.34;0.00;0.00;0.00;0.00;0.00;0.00;725.01;0.00;384.67;240.00;240.00;0.00;0.00;289.34;240.00;532.67;0.00;1154.01;0.00;0.00;0.00;560.00;1186.33;1491.01;2804.67;1440.00;2399.34;1510.00;2676.33;1447.00;560.00;560.00;560.00;640.00;0.00;310.00;630.00;310.00;320.00;310.00;630.00;224.67;0.00;0.00;0.00
1769443424.6715531;0.00;1346.34;0.00;0.00;0.00;144.67;0.00;0.00;725.01;0.00;384.67;240.00;240.00;0.00;0.00;289.34;240.00;532.67;0.00;1154.01;0.00;0.00;0.00;560.00;1186.33;1491.01;2804.67;1440.00;2399.34;1510.00;2676.33;1351.67;560.00;560.00;560.00;640.00;0.00;540.00;630.00;310.00;320.00;310.00;630.00;224.67;0.00;0.00;0.00
1769443424.6722448;0.00;1346.34;0.00;0.00;0.00;144.67;0.00;0.00;725.01;0.00;384.67;240.00;240.00;0.00;0.00;289.34;240.00;532.67;0.00;1154.01;0.00;0.00;0.00;560.00;1186.33;1491.01;2804.67;1440.00;2399.34;1510.00;2676.33;1351.67;560.00;560.00;560.00;640.00;0.00;540.00;630.00;310.00;320.00;310.00;630.00;224.67;0.00;0.00;0.00
1769443425.2321029;0.00;1346.34;0.00;0.00;144.67;144.67;0.00;0.00;725.01;0.00;384.67;240.00;240.00;0.00;0.00;289.34;240.00;532.67;0.00;1154.01;0.00;0.00;0.00;560.00;1186.33;1491.01;2804.67;1440.00;2399.34;1510.00;2676.33;1416.34;560.00;560.00;560.00;640.00;230.00;850.00;630.00;310.00;320.00;310.00;630.00;224.67;0.00;0.00;0.00
1769443425.2328534;0.00;1346.34;0.00;0.00;144.67;144.67;0.00;0.00;725.01;0.00;384.67;240.00;240.00;0.00;0.00;289.34;240.00;532.67;0.00;1154.01;0.00;0.00;0.00;560.00;1186.33;1491.01;2804.67;1440.00;2399.34;1510.00;2676.33;1416.34;560.00;560.00;560.00;640.00;230.00;850.00;630.00;310.00;320.00;310.00;630.00;224.67;0.00;0.00;0.00
1769443429.6790893;0.00;1346.34;0.00;0.00;144.67;144.67;0.00;0.00;725.01;0.00;240.00;240.00;240.00;0.00;0.00;289.34;240.00;677.34;0.00;1154.01;0.00;0.00;0.00;560.00;1171.00;1331.01;2804.67;1440.00;2399.34;1510.00;2676.33;1416.34;560.00;560.00;560.00;640.00;230.00;850.00;630.00;310.00;320.00;620.00;630.00;224.67;0.00;0.00;0.00
1769443429.6798794;0.00;1346.34;0.00;0.00;144.67;144.67;0.00;0.00;725.01;0.00;240.00;240.00;240.00;0.00;0.00;289.34;240.00;677.34;0.00;1154.01;0.00;0.00;0.00;560.00;1171.00;1331.01;2804.67;1440.00;2399.34;1510.00;2676.33;1416.34;560.00;560.00;560.00;640.00;230.00;850.00;630.00;310.00;320.00;620.00;630.00;224.67;0.00;0.00;0.00
1769443434.685024;0.00;1346.34;0.00;0.00;144.67;144.67;0.00;0.00;725.01;0.00;0.00;240.00;240.00;0.00;0.00;289.34;240.00;822.01;0.00;1154.01;0.00;0.00;0.00;720.00;1075.67;1091.01;2804.67;1440.00;2399.34;1510.00;2676.33;1416.34;720.00;720.00;720.00;640.00;230.00;850.00;630.00;310.00;320.00;930.00;630.00;224.67;0.00;0.00;0.00
1769443434.6857617;0.00;1346.34;0.00;0.00;144.67;144.67;0.00;0.00;725.01;0.00;0.00;240.00;240.00;0.00;0.00;289.34;240.00;822.01;0.00;1154.01;0.00;0.00;0.00;720.00;1075.67;1091.01;2804.67;1440.00;2399.34;1510.00;2676.33;1416.34;720.00;720.00;720.00;640.00;230.00;850.00;630.00;310.00;320.00;930.00;630.00;224.67;0.00;0.00;0.00
1769443442.9569666;0.00;1346.34;0.00;0.00;144.67;144.67;0.00;0.00;725.01;0.00;0.00;240.00;240.00;0.00;0.00;289.34;240.00;822.01;144.67;1154.01;0.00;0.00;0.00;800.00;1075.67;1091.01;2804.67;1440.00;2399.34;1510.00;2676.33;1631.01;784.67;800.00;800.00;640.00;230.00;1160.00;630.00;310.00;320.00;930.00;630.00;224.67;0.00;0.00;0.00
1769443442.95765;0.00;1346.34;0.00;0.00;144.67;144.67;0.00;0.00;725.01;0.00;0.00;240.00;240.00;0.00;0.00;289.34;240.00;822.01;144.67;1154.01;0.00;0.00;0.00;800.00;1075.67;1091.01;2804.67;1440.00;2399.34;1510.00;2676.33;1631.01;784.67;800.00;800.00;640.00;230.00;1160.00;630.00;310.00;320.00;930.00;630.00;224.67;0.00;0.00;0.00
1769443443.0138893;0.00;1346.34;0.00;0.00;144.67;144.67;0.00;0.00;725.01;0.00;0.00;240.00;240.00;0.00;0.00;289.34;240.00;822.01;289.34;1154.01;0.00;0.00;0.00;880.00;1075.67;1091.01;2804.67;1440.00;2399.34;1670.00;2836.33;1695.68;849.34;880.00;880.00;640.00;230.00;1160.00;950.00;310.00;320.00;930.00;630.00;224.67;0.00;0.00;0.00
1769443443.014579;0.00;1346.34;0.00;0.00;144.67;144.67;0.00;0.00;725.01;0.00;0.00;240.00;240.00;0.00;0.00;289.34;240.00;822.01;289.34;1154.01;0.00;0.00;0.00;880.00;1075.67;1091.01;2804.67;1440.00;2399.34;1670.00;2836.33;1695.68;849.34;880.00;880.00;640.00;230.00;1160.00;950.00;310.00;320.00;930.00;630.00;224.67;0.00;0.00;0.00
1769443443.0675178;0.00;1346.34;0.00;0.00;144.67;144.67;0.00;0.00;725.01;0.00;0.00;240.00;240.00;0.00;0.00;289.34;240.00;822.01;529.34;1154.01;0.00;0.00;0.00;880.00;1075.67;1091.01;2804.67;1440.00;2399.34;1750.00;2916.33;1775.68;1089.34;880.00;880.00;870.00;540.00;1160.00;950.00;310.00;320.00;930.00;630.00;224.67;320.00;0.00;0.00
1769443443.068448;0.00;1346.34;0.00;0.00;144.67;144.67;0.00;0.00;725.01;0.00;0.00;240.00;240.00;0.00;0.00;289.34;240.00;822.01;529.34;1154.01;0.00;0.00;0.00;880.00;1075.67;1091.01;2804.67;1440.00;2399.34;1750.00;2916.33;1775.68;1089.34;880.00;880.00;870.00;540.00;1160.00;950.00;310.00;320.00;930.00;630.00;224.67;320.00;0.00;0.00
1769443443.1359425;0.00;1346.34;0.00;0.00;144.67;144.67;0.00;0.00;725.01;0.00;0.00;240.00;240.00;0.00;0.00;289.34;240.00;822.01;769.34;1154.01;0.00;0.00;0.00;960.00;1075.67;1091.01;2804.67;1440.00;2399.34;1750.00;2916.33;1775.68;1249.34;1280.00;1280.00;870.00;850.00;1160.00;950.00;310.00;320.00;930.00;630.00;224.67;320.00;0.00;320.00
1769443443.1366773;0.00;1346.34;0.00;0.00;144.67;144.67;0.00;0.00;725.01;0.00;0.00;240.00;240.00;0.00;0.00;289.34;240.00;822.01;769.34;1154.01;0.00;0.00;0.00;960.00;1075.67;1091.01;2804.67;1440.00;2399.34;1750.00;2916.33;1775.68;1249.34;1280.00;1280.00;870.00;850.00;1160.00;950.00;310.00;320.00;930.00;630.00;224.67;320.00;0.00;320.00
1769443443.1919203;0.00;1346.34;0.00;0.00;144.67;144.67;0.00;0.00;725.01;0.00;0.00;240.00;240.00;0.00;0.00;289.34;240.00;822.01;1009.34;1154.01;0.00;0.00;0.00;1040.00;1075.67;1091.01;2804.67;1440.00;2399.34;1750.00;2916.33;1935.68;1409.34;1360.00;1360.00;870.00;1170.00;1470.00;950.00;310.00;320.00;930.00;630.00;224.67;320.00;0.00;320.00
1769443443.1925926;0.00;1346.34;0.00;0.00;144.67;144.67;0.00;0.00;725.01;0.00;0.00;240.00;240.00;0.00;0.00;289.34;240.00;822.01;1009.34;1154.01;0.00;0.00;0.00;1040.00;1075.67;1091.01;2804.67;1440.00;2399.34;1750.00;2916.33;1935.68;1409.34;1360.00;1360.00;870.00;1170.00;1470.00;950.00;310.00;320.00;930.00;630.00;224.67;320.00;0.00;320.00
1769443443.2469094;0.00;1346.34;0.00;0.00;144.67;144.67;0.00;0.00;725.01;0.00;0.00;240.00;240.00;0.00;0.00;289.34;240.00;822.01;1249.34;1154.01;0.00;0.00;0.00;1120.00;1075.67;1091.01;2804.67;1440.00;2399.34;1750.00;2916.33;1935.68;1879.34;1440.00;1440.00;870.00;1490.00;1470.00;950.00;310.00;320.00;930.00;630.00;224.67;320.00;0.00;320.00
1769443443.2476068;0.00;1346.34;0.00;0.00;144.67;144.67;0.00;0.00;725.01;0.00;0.00;240.00;240.00;0.00;0.00;289.34;240.00;822.01;1249.34;1154.01;0.00;0.00;0.00;1120.00;1075.67;1091.01;2804.67;1440.00;2399.34;1750.00;2916.33;1935.68;1879.34;1440.00;1440.00;870.00;1490.00;1470.00;950.00;310.00;320.00;930.00;630.00;224.67;320.00;0.00;320.00
1769443444.6885557;0.00;1491.01;0.00;0.00;144.67;144.67;0.00;0.00;725.01;0.00;0.00;240.00;0.00;0.00;0.00;289.34;0.00;144.67;1249.34;1154.01;0.00;0.00;0.00;560.00;544.67;784.67;2334.67;960.00;1609.34;1430.00;2606.33;1930.35;1629.34;1190.00;880.00;870.00;1490.00;1160.00;320.00;310.00;320.00;310.00;310.00;224.67;320.00;310.00;320.00
1769443444.6894035;0.00;1491.01;0.00;0.00;144.67;144.67;0.00;0.00;725.01;0.00;0.00;240.00;0.00;0.00;0.00;289.34;0.00;144.67;1249.34;1154.01;0.00;0.00;0.00;560.00;544.67;784.67;2334.67;960.00;1609.34;1430.00;2606.33;1930.35;1629.34;1190.00;880.00;870.00;1490.00;1160.00;320.00;310.00;320.00;310.00;310.00;224.67;320.00;310.00;320.00
1769443444.7338119;0.00;1491.01;0.00;0.00;144.67;144.67;0.00;0.00;725.01;0.00;0.00;384.67;0.00;0.00;0.00;289.34;0.00;144.67;1249.34;1154.01;0.00;0.00;0.00;560.00;544.67;784.67;2334.67;960.00;1609.34;1430.00;2606.33;1930.35;1629.34;1190.00;880.00;870.00;1490.00;1160.00;320.00;310.00;320.00;310.00;310.00;224.67;320.00;310.00;320.00
1769443444.7345188;0.00;1491.01;0.00;0.00;144.67;144.67;0.00;0.00;725.01;0.00;0.00;384.67;0.00;0.00;0.00;289.34;0.00;144.67;1249.34;1154.01;0.00;0.00;0.00;560.00;544.67;784.67;2334.67;960.00;1609.34;1430.00;2606.33;1930.35;1629.34;1190.00;880.00;870.00;1490.00;1160.00;320.00;310.00;320.00;310.00;310.00;224.67;320.00;310.00;320.00
1769443462.0066748;0.00;1491.01;97.00;0.00;144.67;144.67;0.00;0.00;725.01;0.00;0.00;0.00;0.00;0.00;0.00;289.34;0.00;0.00;1249.34;1154.01;0.00;0.00;0.00;560.00;320.00;544.67;1934.67;560.00;909.34;1430.00;2606.33;1930.35;1629.34;1190.00;880.00;870.00;1490.00;1160.00;320.00;310.00;320.00;310.00;310.00;224.67;320.00;310.00;320.00
1769443462.0073566;0.00;1491.01;97.00;0.00;144.67;144.67;0.00;0.00;725.01;0.00;0.00;0.00;0.00;0.00;0.00;289.34;0.00;0.00;1249.34;1154.01;0.00;0.00;0.00;560.00;320.00;544.67;1934.67;560.00;909.34;1430.00;2606.33;1930.35;1629.34;1190.00;880.00;870.00;1490.00;1160.00;320.00;310.00;320.00;310.00;310.00;224.67;320.00;310.00;320.00
1769443462.055655;0.00;1491.01;241.67;0.00;144.67;144.67;0.00;0.00;725.01;0.00;0.00;0.00;0.00;0.00;0.00;289.34;0.00;0.00;1249.34;1154.01;0.00;0.00;0.00;560.00;320.00;544.67;1934.67;560.00;909.34;1430.00;2606.33;1930.35;1629.34;1190.00;880.00;870.00;1490.00;1160.00;320.00;310.00;320.00;310.00;310.00;224.67;320.00;310.00;320.00
1769443462.056304;0.00;1491.01;241.67;0.00;144.67;144.67;0.00;0.00;725.01;0.00;0.00;0.00;0.00;0.00;0.00;289.34;0.00;0.00;1249.34;1154.01;0.00;0.00;0.00;560.00;320.00;544.67;1934.67;560.00;909.34;1430.00;2606.33;1930.35;1629.34;1190.00;880.00;870.00;1490.00;1160.00;320.00;310.00;320.00;310.00;310.00;224.67;320.00;310.00;320.00
1769443462.1161563;0.00;1491.01;386.34;0.00;144.67;144.67;0.00;0.00;725.01;0.00;0.00;0.00;0.00;0.00;0.00;289.34;0.00;0.00;1249.34;1154.01;0.00;0.00;0.00;560.00;320.00;544.67;1934.67;560.00;909.34;1740.00;2606.33;1930.35;1629.34;1190.00;880.00;870.00;1490.00;1160.00;630.00;310.00;320.00;310.00;310.00;224.67;320.00;310.00;320.00
1769443462.1168795;0.00;1491.01;386.34;0.00;144.67;144.67;0.00;0.00;725.01;0.00;0.00;0.00;0.00;0.00;0.00;289.34;0.00;0.00;1249.34;1154.01;0.00;0.00;0.00;560.00;320.00;544.67;1934.67;560.00;909.34;1740.00;2606.33;1930.35;1629.34;1190.00;880.00;870.00;1490.00;1160.00;630.00;310.00;320.00;310.00;310.00;224.67;320.00;310.00;320.00
1769443462.1667008;0.00;1491.01;531.01;0.00;144.67;144.67;0.00;0.00;725.01;0.00;0.00;0.00;0.00;0.00;0.00;289.34;0.00;0.00;1249.34;1154.01;0.00;0.00;0.00;720.00;320.00;544.67;1934.67;560.00;909.34;1884.67;2671.00;1995.02;1694.01;1350.00;1040.00;870.00;1490.00;1160.00;860.00;310.00;320.00;310.00;310.00;224.67;544.67;310.00;320.00
1769443462.1673582;0.00;1491.01;531.01;0.00;144.67;144.67;0.00;0.00;725.01;0.00;0.00;0.00;0.00;0.00;0.00;289.34;0.00;0.00;1249.34;1154.01;0.00;0.00;0.00;720.00;320.00;544.67;1934.67;560.00;909.34;1884.67;2671.00;1995.02;1694.01;1350.00;1040.00;870.00;1490.00;1160.00;860.00;310.00;320.00;310.00;310.00;224.67;544.67;310.00;320.00
1769443462.2157497;0.00;1491.01;675.68;0.00;144.67;144.67;0.00;0.00;725.01;0.00;0.00;0.00;0.00;0.00;0.00;289.34;0.00;0.00;1249.34;1154.01;0.00;0.00;0.00;720.00;320.00;544.67;2094.67;720.00;1299.34;1884.67;2671.00;1995.02;1694.01;1350.00;1040.00;1094.67;1490.00;1160.00;860.00;310.00;640.00;310.00;310.00;224.67;544.67;310.00;320.00
1769443462.2163868;0.00;1491.01;675.68;0.00;144.67;144.67;0.00;0.00;725.01;0.00;0.00;0.00;0.00;0.00;0.00;289.34;0.00;0.00;1249.34;1154.01;0.00;0.00;0.00;720.00;320.00;544.67;2094.67;720.00;1299.34;1884.67;2671.00;1995.02;1694.01;1350.00;1040.00;1094.67;1490.00;1160.00;860.00;310.00;640.00;310.00;310.00;224.67;544.67;310.00;320.00
1769443462.2673452;0.00;1491.01;820.35;0.00;144.67;144.67;0.00;0.00;725.01;0.00;0.00;0.00;0.00;0.00;0.00;289.34;0.00;0.00;1249.34;1154.01;0.00;0.00;0.00;720.00;320.00;544.67;2094.67;720.00;1299.34;2274.67;3141.00;1995.02;1694.01;1350.00;1040.00;1319.34;1490.00;1480.00;1400.00;310.00;640.00;310.00;310.00;224.67;544.67;310.00;320.00
1769443462.2680395;0.00;1491.01;820.35;0.00;144.67;144.67;0.00;0.00;725.01;0.00;0.00;0.00;0.00;0.00;0.00;289.34;0.00;0.00;1249.34;1154.01;0.00;0.00;0.00;720.00;320.00;544.67;2094.67;720.00;1299.34;2274.67;3141.00;1995.02;1694.01;1350.00;1040.00;1319.34;1490.00;1480.00;1400.00;310.00;640.00;310.00;310.00;224.67;544.67;310.00;320.00
1769443477.0631387;0.00;1491.01;820.35;0.00;144.67;144.67;0.00;0.00;725.01;0.00;0.00;0.00;0.00;0.00;0.00;289.34;0.00;0.00;1249.34;1394.01;0.00;0.00;0.00;720.00;320.00;544.67;2094.67;720.00;1299.34;2274.67;3141.00;1995.02;1694.01;1350.00;1040.00;1319.34;1490.00;1480.00;1400.00;310.00;640.00;310.00;310.00;224.67;544.67;310.00;320.00
1769443477.0638783;0.00;1491.01;820.35;0.00;144.67;144.67;0.00;0.00;725.01;0.00;0.00;0.00;0.00;0.00;0.00;289.34;0.00;0.00;1249.34;1394.01;0.00;0.00;0.00;720.00;320.00;544.67;2094.67;720.00;1299.34;2274.67;3141.00;1995.02;1694.01;1350.00;1040.00;1319.34;1490.00;1480.00;1400.00;310.00;640.00;310.00;310.00;224.67;544.67;310.00;320.00
1769443477.1173446;0.00;1491.01;820.35;0.00;144.67;144.67;0.00;0.00;725.01;0.00;0.00;0.00;0.00;0.00;0.00;289.34;0.00;0.00;1249.34;1634.01;0.00;0.00;0.00;720.00;400.00;624.67;2094.67;720.00;1299.34;2274.67;3141.00;1995.02;1694.01;1350.00;1040.00;1319.34;1490.00;1480.00;1400.00;310.00;640.00;310.00;310.00;224.67;544.67;310.00;320.00
1769443477.118057;0.00;1491.01;820.35;0.00;144.67;144.67;0.00;0.00;725.01;0.00;0.00;0.00;0.00;0.00;0.00;289.34;0.00;0.00;1249.34;1634.01;0.00;0.00;0.00;720.00;400.00;624.67;2094.67;720.00;1299.34;2274.67;3141.00;1995.02;1694.01;1350.00;1040.00;1319.34;1490.00;1480.00;1400.00;310.00;640.00;310.00;310.00;224.67;544.67;310.00;320.00
1769443477.724864;0.00;1491.01;820.35;0.00;144.67;144.67;0.00;0.00;725.01;0.00;0.00;0.00;0.00;0.00;0.00;289.34;0.00;0.00;1249.34;1874.01;0.00;0.00;0.00;720.00;400.00;624.67;2244.67;870.00;1449.34;2274.67;3141.00;1995.02;1694.01;1350.00;1040.00;1319.34;1490.00;1480.00;1400.00;310.00;640.00;310.00;310.00;224.67;544.67;310.00;320.00
1769443477.7256567;0.00;1491.01;820.35;0.00;144.67;144.67;0.00;0.00;725.01;0.00;0.00;0.00;0.00;0.00;0.00;289.34;0.00;0.00;1249.34;1874.01;0.00;0.00;0.00;720.00;400.00;624.67;2244.67;870.00;1449.34;2274.67;3141.00;1995.02;1694.01;1350.00;1040.00;1319.34;1490.00;1480.00;1400.00;310.00;640.00;310.00;310.00;224.67;544.67;310.00;320.00
1769443477.784209;0.00;1491.01;820.35;0.00;144.67;144.67;0.00;0.00;725.01;0.00;0.00;0.00;0.00;0.00;0.00;289.34;0.00;0.00;1249.34;1971.01;0.00;0.00;0.00;880.00;742.33;967.00;2619.34;1020.00;1599.34;2424.67;3301.00;2155.02;1854.01;1510.00;1200.00;1319.34;1490.00;1480.00;1710.00;310.00;640.00;310.00;310.00;224.67;544.67;310.00;320.00
1769443477.784945;0.00;1491.01;820.35;0.00;144.67;144.67;0.00;0.00;725.01;0.00;0.00;0.00;0.00;0.00;0.00;289.34;0.00;0.00;1249.34;1971.01;0.00;0.00;0.00;880.00;742.33;967.00;2619.34;1020.00;1599.34;2424.67;3301.00;2155.02;1854.01;1510.00;1200.00;1319.34;1490.00;1480.00;1710.00;310.00;640.00;310.00;310.00;224.67;544.67;310.00;320.00
1769443477.8565364;0.00;1491.01;820.35;0.00;144.67;144.67;0.00;0.00;725.01;0.00;0.00;0.00;0.00;0.00;0.00;289.34;0.00;0.00;1249.34;1971.01;0.00;0.00;0.00;880.00;742.33;967.00;2619.34;1020.00;1599.34;2424.67;3301.00;2155.02;1854.01;1510.00;1200.00;1319.34;1490.00;1480.00;1710.00;310.00;640.00;310.00;310.00;224.67;544.67;310.00;320.00
1769443477.8573542;0.00;1491.01;820.35;0.00;144.67;144.67;0.00;0.00;725.01;0.00;0.00;0.00;0.00;0.00;0.00;289.34;0.00;0.00;1249.34;1971.01;0.00;0.00;0.00;880.00;742.33;967.00;2619.34;1020.00;1599.34;2424.67;3301.00;2155.02;1854.01;1510.00;1200.00;1319.34;1490.00;1480.00;1710.00;310.00;640.00;310.00;310.00;224.67;544.67;310.00;320.00
1769443477.924855;0.00;1491.01;820.35;0.00;144.67;144.67;0.00;0.00;725.01;0.00;0.00;0.00;0.00;0.00;0.00;289.34;0.00;0.00;1249.34;1971.01;0.00;0.00;0.00;880.00;742.33;967.00;2619.34;1020.00;1599.34;2424.67;3301.00;2155.02;1854.01;1510.00;1200.00;1319.34;1490.00;1480.00;1710.00;310.00;640.00;310.00;310.00;224.67;544.67;310.00;320.00
1769443477.92564;0.00;1491.01;820.35;0.00;144.67;144.67;0.00;0.00;725.01;0.00;0.00;0.00;0.00;0.00;0.00;289.34;0.00;0.00;1249.34;1971.01;0.00;0.00;0.00;880.00;742.33;967.00;2619.34;1020.00;1599.34;2424.67;3301.00;2155.02;1854.01;1510.00;1200.00;1319.34;1490.00;1480.00;1710.00;310.00;640.00;310.00;310.00;224.67;544.67;310.00;320.00
1769443479.7143729;0.00;1251.01;820.35;0.00;144.67;144.67;0.00;240.00;386.34;0.00;0.00;0.00;0.00;0.00;0.00;289.34;0.00;0.00;1249.34;1971.01;0.00;0.00;0.00;880.00;742.33;967.00;2619.34;1020.00;1599.34;2584.67;2551.67;2155.02;1854.01;1510.00;1200.00;999.34;1490.00;1480.00;1710.00;310.00;640.00;310.00;310.00;224.67;544.67;310.00;320.00
1769443479.715233;0.00;1251.01;820.35;0.00;144.67;144.67;0.00;240.00;386.34;0.00;0.00;0.00;0.00;0.00;0.00;289.34;0.00;0.00;1249.34;1971.01;0.00;0.00;0.00;880.00;742.33;967.00;2619.34;1020.00;1599.34;2584.67;2551.67;2155.02;1854.01;1510.00;1200.00;999.34;1490.00;1480.00;1710.00;310.00;640.00;310.00;310.00;224.67;544.67;310.00;320.00
1769443479.7650235;0.00;1251.01;820.35;0.00;144.67;144.67;0.00;240.00;386.34;240.00;0.00;0.00;0.00;0.00;0.00;289.34;0.00;0.00;1249.34;1971.01;0.00;0.00;0.00;880.00;742.33;967.00;2619.34;1020.00;1599.34;2584.67;2951.67;2235.02;1854.01;1510.00;1200.00;999.34;1490.00;1480.00;1710.00;310.00;640.00;310.00;310.00;224.67;544.67;310.00;320.00
1769443479.7656772;0.00;1251.01;820.35;0.00;144.67;144.67;0.00;240.00;386.34;240.00;0.00;0.00;0.00;0.00;0.00;289.34;0.00;0.00;1249.34;1971.01;0.00;0.00;0.00;880.00;742.33;967.00;2619.34;1020.00;1599.34;2584.67;2951.67;2235.02;1854.01;1510.00;1200.00;999.34;1490.00;1480.00;1710.00;310.00;640.00;310.00;310.00;224.67;544.67;310.00;320.00
1769443479.8187861;0.00;1251.01;820.35;0.00;144.67;144.67;0.00;480.00;386.34;240.00;0.00;0.00;0.00;0.00;0.00;289.34;0.00;0.00;1249.34;1971.01;0.00;0.00;0.00;880.00;742.33;967.00;2619.34;1020.00;1599.34;2584.67;2951.67;2235.02;1854.01;1510.00;1200.00;999.34;1490.00;1480.00;1710.00;310.00;640.00;310.00;310.00;224.67;544.67;310.00;320.00
1769443479.8194833;0.00;1251.01;820.35;0.00;144.67;144.67;0.00;480.00;386.34;240.00;0.00;0.00;0.00;0.00;0.00;289.34;0.00;0.00;1249.34;1971.01;0.00;0.00;0.00;880.00;742.33;967.00;2619.34;1020.00;1599.34;2584.67;2951.67;2235.02;1854.01;1510.00;1200.00;999.34;1490.00;1480.00;1710.00;310.00;640.00;310.00;310.00;224.67;544.67;310.00;320.00
1769443479.8708375;0.00;1251.01;820.35;0.00;144.67;144.67;240.00;480.00;386.34;240.00;0.00;0.00;0.00;0.00;0.00;289.34;0.00;0.00;1249.34;1971.01;0.00;0.00;0.00;880.00;742.33;967.00;2769.34;1100.00;1679.34;2824.67;3191.67;2235.02;1854.01;1510.00;1200.00;1309.34;1490.00;1480.00;1710.00;310.00;640.00;310.00;310.00;224.67;544.67;310.00;320.00
1769443479.8715503;0.00;1251.01;820.35;0.00;144.67;144.67;240.00;480.00;386.34;240.00;0.00;0.00;0.00;0.00;0.00;289.34;0.00;0.00;1249.34;1971.01;0.00;0.00;0.00;880.00;742.33;967.00;2769.34;1100.00;1679.34;2824.67;3191.67;2235.02;1854.01;1510.00;1200.00;1309.34;1490.00;1480.00;1710.00;310.00;640.00;310.00;310.00;224.67;544.67;310.00;320.00
1769443489.7203393;0.00;624.67;820.35;0.00;144.67;144.67;240.00;624.67;241.67;240.00;0.00;0.00;0.00;0.00;0.00;0.00;0.00;0.00;1249.34;1971.01;0.00;0.00;0.00;880.00;742.33;967.00;2769.34;1100.00;1390.00;2114.67;2576.34;1818.02;1544.01;1200.00;1200.00;1309.34;1490.00;1480.00;1710.00;310.00;640.00;310.00;310.00;224.67;544.67;0.00;320.00
1769443489.7210672;0.00;624.67;820.35;0.00;144.67;144.67;240.00;624.67;241.67;240.00;0.00;0.00;0.00;0.00;0.00;0.00;0.00;0.00;1249.34;1971.01;0.00;0.00;0.00;880.00;742.33;967.00;2769.34;1100.00;1390.00;2114.67;2576.34;1818.02;1544.01;1200.00;1200.00;1309.34;1490.00;1480.00;1710.00;310.00;640.00;310.00;310.00;224.67;544.67;0.00;320.00
1769443493.1097047;0.00;0.00;820.35;0.00;0.00;0.00;0.00;624.67;241.67;240.00;97.00;0.00;0.00;0.00;0.00;0.00;0.00;0.00;1249.34;1971.01;0.00;0.00;0.00;880.00;807.00;1031.67;2651.67;1052.33;1342.33;1874.67;2336.34;984.01;1544.01;1200.00;1200.00;999.34;1260.00;940.00;1710.00;310.00;640.00;310.00;310.00;224.67;544.67;0.00;320.00
1769443493.1104162;0.00;0.00;820.35;0.00;0.00;0.00;0.00;624.67;241.67;240.00;97.00;0.00;0.00;0.00;0.00;0.00;0.00;0.00;1249.34;1971.01;0.00;0.00;0.00;880.00;807.00;1031.67;2651.67;1052.33;1342.33;1874.67;2336.34;984.01;1544.01;1200.00;1200.00;999.34;1260.00;940.00;1710.00;310.00;640.00;310.00;310.00;224.67;544.67;0.00;320.00
1769443493.1677263;0.00;0.00;820.35;0.00;0.00;0.00;0.00;624.67;241.67;240.00;194.00;0.00;0.00;0.00;0.00;0.00;0.00;0.00;1249.34;1971.01;0.00;0.00;0.00;960.00;839.33;1064.00;2716.34;1117.00;1407.00;1874.67;2336.34;984.01;1624.01;1280.00;1280.00;999.34;1260.00;940.00;1710.00;310.00;640.00;310.00;310.00;224.67;544.67;0.00;320.00
1769443493.16852;0.00;0.00;820.35;0.00;0.00;0.00;0.00;624.67;241.67;240.00;194.00;0.00;0.00;0.00;0.00;0.00;0.00;0.00;1249.34;1971.01;0.00;0.00;0.00;960.00;839.33;1064.00;2716.34;1117.00;1407.00;1874.67;2336.34;984.01;1624.01;1280.00;1280.00;999.34;1260.00;940.00;1710.00;310.00;640.00;310.00;310.00;224.67;544.67;0.00;320.00
1769443493.2230916;0.00;0.00;820.35;0.00;0.00;0.00;0.00;624.67;241.67;240.00;338.67;0.00;0.00;0.00;0.00;0.00;0.00;0.00;1249.34;1971.01;0.00;0.00;0.00;1120.00;904.00;1128.67;2796.34;1197.00;1487.00;1874.67;2336.34;984.01;1784.01;1440.00;1440.00;999.34;1260.00;940.00;1710.00;310.00;640.00;534.67;310.00;224.67;544.67;0.00;320.00
1769443493.2237704;0.00;0.00;820.35;0.00;0.00;0.00;0.00;624.67;241.67;240.00;338.67;0.00;0.00;0.00;0.00;0.00;0.00;0.00;1249.34;1971.01;0.00;0.00;0.00;1120.00;904.00;1128.67;2796.34;1197.00;1487.00;1874.67;2336.34;984.01;1784.01;1440.00;1440.00;999.34;1260.00;940.00;1710.00;310.00;640.00;534.67;310.00;224.67;544.67;0.00;320.00
1769443493.2763686;0.00;0.00;820.35;0.00;0.00;0.00;0.00;624.67;241.67;240.00;483.34;0.00;0.00;0.00;0.00;0.00;0.00;0.00;1249.34;1971.01;0.00;0.00;0.00;1120.00;904.00;1128.67;3186.34;1357.00;1637.00;1874.67;2336.34;984.01;1784.01;1440.00;1440.00;999.34;1260.00;940.00;1710.00;534.67;960.00;534.67;310.00;224.67;544.67;0.00;320.00
1769443493.277072;0.00;0.00;820.35;0.00;0.00;0.00;0.00;624.67;241.67;240.00;483.34;0.00;0.00;0.00;0.00;0.00;0.00;0.00;1249.34;1971.01;0.00;0.00;0.00;1120.00;904.00;1128.67;3186.34;1357.00;1637.00;1874.67;2336.34;984.01;1784.01;1440.00;1440.00;999.34;1260.00;940.00;1710.00;534.67;960.00;534.67;310.00;224.67;544.67;0.00;320.00
1769443493.3397665;0.00;0.00;820.35;0.00;0.00;0.00;0.00;624.67;241.67;240.00;628.01;0.00;0.00;0.00;0.00;0.00;0.00;0.00;1249.34;1971.01;0.00;0.00;0.00;1184.67;968.67;1193.34;3266.34;1437.00;1717.00;1874.67;2336.34;984.01;1944.01;1600.00;1600.00;999.34;1260.00;940.00;1710.00;534.67;960.00;534.67;310.00;224.67;544.67;0.00;544.67
1769443493.340505;0.00;0.00;820.35;0.00;0.00;0.00;0.00;624.67;241.67;240.00;628.01;0.00;0.00;0.00;0.00;0.00;0.00;0.00;1249.34;1971.01;0.00;0.00;0.00;1184.67;968.67;1193.34;3266.34;1437.00;1717.00;1874.67;2336.34;984.01;1944.01;1600.00;1600.00;999.34;1260.00;940.00;1710.00;534.67;960.00;534.67;310.00;224.67;544.67;0.00;544.67
1769443493.3931632;0.00;0.00;820.35;0.00;0.00;0.00;0.00;624.67;241.67;240.00;772.68;0.00;0.00;0.00;0.00;0.00;0.00;0.00;1249.34;1971.01;0.00;0.00;0.00;1344.67;1128.67;1353.34;3346.34;1587.00;1867.00;1874.67;2336.34;984.01;2104.01;1760.00;1760.00;999.34;1260.00;940.00;1710.00;759.34;960.00;854.67;310.00;224.67;544.67;0.00;544.67
1769443493.3940306;0.00;0.00;820.35;0.00;0.00;0.00;0.00;624.67;241.67;240.00;772.68;0.00;0.00;0.00;0.00;0.00;0.00;0.00;1249.34;1971.01;0.00;0.00;0.00;1344.67;1128.67;1353.34;3346.34;1587.00;1867.00;1874.67;2336.34;984.01;2104.01;1760.00;1760.00;999.34;1260.00;940.00;1710.00;759.34;960.00;854.67;310.00;224.67;544.67;0.00;544.67
1769443494.7242384;0.00;0.00;820.35;0.00;0.00;144.67;0.00;624.67;144.67;240.00;772.68;0.00;0.00;0.00;0.00;0.00;0.00;0.00;1009.34;1731.01;0.00;0.00;0.00;1264.67;1128.67;1353.34;2956.34;1427.00;1717.00;1874.67;2239.34;664.01;1944.01;1680.00;1680.00;999.34;940.00;630.00;1710.00;759.34;640.00;854.67;0.00;224.67;544.67;0.00;544.67
1769443494.725025;0.00;0.00;820.35;0.00;0.00;144.67;0.00;624.67;144.67;240.00;772.68;0.00;0.00;0.00;0.00;0.00;0.00;0.00;1009.34;1731.01;0.00;0.00;0.00;1264.67;1128.67;1353.34;2956.34;1427.00;1717.00;1874.67;2239.34;664.01;1944.01;1680.00;1680.00;999.34;940.00;630.00;1710.00;759.34;640.00;854.67;0.00;224.67;544.67;0.00;544.67
1769443494.771295;0.00;0.00;820.35;0.00;0.00;144.67;0.00;624.67;144.67;384.67;772.68;0.00;0.00;0.00;0.00;0.00;0.00;0.00;1009.34;1731.01;0.00;0.00;0.00;1264.67;1128.67;1353.34;2956.34;1427.00;1717.00;1874.67;2479.34;664.01;1944.01;1680.00;1680.00;999.34;940.00;630.00;1710.00;759.34;640.00;854.67;0.00;224.67;544.67;0.00;544.67
1769443494.7719007;0.00;0.00;820.35;0.00;0.00;144.67;0.00;624.67;144.67;384.67;772.68;0.00;0.00;0.00;0.00;0.00;0.00;0.00;1009.34;1731.01;0.00;0.00;0.00;1264.67;1128.67;1353.34;2956.34;1427.00;1717.00;1874.67;2479.34;664.01;1944.01;1680.00;1680.00;999.34;940.00;630.00;1710.00;759.34;640.00;854.67;0.00;224.67;544.67;0.00;544.67
1769443494.818356;0.00;0.00;820.35;0.00;0.00;144.67;0.00;624.67;144.67;384.67;772.68;0.00;144.67;0.00;0.00;0.00;0.00;0.00;1009.34;1731.01;0.00;0.00;0.00;1264.67;1128.67;1353.34;2956.34;1571.67;1861.67;2034.67;2639.34;664.01;1944.01;1680.00;1680.00;999.34;940.00;630.00;1710.00;759.34;640.00;854.67;0.00;224.67;544.67;0.00;544.67
1769443494.8189876;0.00;0.00;820.35;0.00;0.00;144.67;0.00;624.67;144.67;384.67;772.68;0.00;144.67;0.00;0.00;0.00;0.00;0.00;1009.34;1731.01;0.00;0.00;0.00;1264.67;1128.67;1353.34;2956.34;1571.67;1861.67;2034.67;2639.34;664.01;1944.01;1680.00;1680.00;999.34;940.00;630.00;1710.00;759.34;640.00;854.67;0.00;224.67;544.67;0.00;544.67
1769443509.7325454;0.00;0.00;820.35;0.00;0.00;289.34;0.00;624.67;144.67;384.67;772.68;0.00;144.67;0.00;0.00;0.00;0.00;0.00;769.34;1731.01;0.00;0.00;0.00;1184.67;1128.67;1353.34;2956.34;1571.67;1861.67;2034.67;2639.34;664.01;1784.01;1280.00;1280.00;999.34;630.00;630.00;1710.00;759.34;640.00;854.67;0.00;224.67;544.67;0.00;224.67
1769443509.73333;0.00;0.00;820.35;0.00;0.00;289.34;0.00;624.67;144.67;384.67;772.68;0.00;144.67;0.00;0.00;0.00;0.00;0.00;769.34;1731.01;0.00;0.00;0.00;1184.67;1128.67;1353.34;2956.34;1571.67;1861.67;2034.67;2639.34;664.01;1784.01;1280.00;1280.00;999.34;630.00;630.00;1710.00;759.34;640.00;854.67;0.00;224.67;544.67;0.00;224.67
1769443510.7480862;0.00;0.00;820.35;0.00;0.00;289.34;0.00;624.67;144.67;384.67;772.68;0.00;144.67;0.00;0.00;0.00;0.00;0.00;1009.34;1731.01;0.00;0.00;0.00;1184.67;1128.67;1353.34;2956.34;1571.67;1861.67;2034.67;2639.34;664.01;2024.01;1280.00;1280.00;999.34;630.00;630.00;1710.00;759.34;640.00;854.67;0.00;224.67;544.67;0.00;224.67
1769443510.7491536;0.00;0.00;820.35;0.00;0.00;289.34;0.00;624.67;144.67;384.67;772.68;0.00;144.67;0.00;0.00;0.00;0.00;0.00;1009.34;1731.01;0.00;0.00;0.00;1184.67;1128.67;1353.34;2956.34;1571.67;1861.67;2034.67;2639.34;664.01;2024.01;1280.00;1280.00;999.34;630.00;630.00;1710.00;759.34;640.00;854.67;0.00;224.67;544.67;0.00;224.67
1769443510.806026;0.00;0.00;820.35;0.00;0.00;289.34;0.00;624.67;144.67;384.67;772.68;0.00;144.67;0.00;0.00;0.00;0.00;0.00;1249.34;1731.01;0.00;0.00;0.00;1184.67;1128.67;1353.34;2956.34;1571.67;1861.67;2034.67;2639.34;664.01;2264.01;1280.00;1280.00;999.34;630.00;630.00;1710.00;759.34;640.00;854.67;0.00;224.67;544.67;0.00;224.67
1769443510.806733;0.00;0.00;820.35;0.00;0.00;289.34;0.00;624.67;144.67;384.67;772.68;0.00;144.67;0.00;0.00;0.00;0.00;0.00;1249.34;1731.01;0.00;0.00;0.00;1184.67;1128.67;1353.34;2956.34;1571.67;1861.67;2034.67;2639.34;664.01;2264.01;1280.00;1280.00;999.34;630.00;630.00;1710.00;759.34;640.00;854.67;0.00;224.67;544.67;0.00;224.67
1769443510.862683;0.00;0.00;820.35;0.00;0.00;289.34;0.00;624.67;144.67;384.67;772.68;0.00;144.67;0.00;0.00;0.00;0.00;0.00;1489.34;1731.01;0.00;0.00;0.00;1184.67;1128.67;1353.34;2956.34;1571.67;1861.67;2034.67;2639.34;664.01;2504.01;1280.00;1280.00;999.34;630.00;630.00;1710.00;759.34;640.00;854.67;0.00;224.67;544.67;0.00;224.67
1769443510.8633986;0.00;0.00;820.35;0.00;0.00;289.34;0.00;624.67;144.67;384.67;772.68;0.00;144.67;0.00;0.00;0.00;0.00;0.00;1489.34;1731.01;0.00;0.00;0.00;1184.67;1128.67;1353.34;2956.34;1571.67;1861.67;2034.67;2639.34;664.01;2504.01;1280.00;1280.00;999.34;630.00;630.00;1710.00;759.34;640.00;854.67;0.00;224.67;544.67;0.00;224.67
1769443510.920774;0.00;0.00;820.35;0.00;0.00;289.34;0.00;624.67;144.67;384.67;772.68;0.00;144.67;0.00;0.00;0.00;0.00;0.00;1729.34;1731.01;0.00;0.00;0.00;1184.67;1128.67;1353.34;2956.34;1571.67;1861.67;2184.67;2799.34;824.01;2744.01;1280.00;1280.00;999.34;630.00;630.00;1710.00;759.34;640.00;854.67;0.00;224.67;544.67;0.00;224.67
1769443510.9214752;0.00;0.00;820.35;0.00;0.00;289.34;0.00;624.67;144.67;384.67;772.68;0.00;144.67;0.00;0.00;0.00;0.00;0.00;1729.34;1731.01;0.00;0.00;0.00;1184.67;1128.67;1353.34;2956.34;1571.67;1861.67;2184.67;2799.34;824.01;2744.01;1280.00;1280.00;999.34;630.00;630.00;1710.00;759.34;640.00;854.67;0.00;224.67;544.67;0.00;224.67
1769443510.9759464;0.00;0.00;820.35;0.00;0.00;289.34;0.00;624.67;144.67;384.67;772.68;0.00;144.67;0.00;0.00;0.00;0.00;0.00;1969.34;1731.01;0.00;0.00;0.00;1184.67;1128.67;1353.34;2956.34;1571.67;1861.67;2334.67;3189.34;1064.01;2984.01;1280.00;1280.00;999.34;950.00;790.00;1710.00;759.34;640.00;854.67;0.00;224.67;544.67;0.00;224.67
1769443510.9766746;0.00;0.00;820.35;0.00;0.00;289.34;0.00;624.67;144.67;384.67;772.68;0.00;144.67;0.00;0.00;0.00;0.00;0.00;1969.34;1731.01;0.00;0.00;0.00;1184.67;1128.67;1353.34;2956.34;1571.67;1861.67;2334.67;3189.34;1064.01;2984.01;1280.00;1280.00;999.34;950.00;790.00;1710.00;759.34;640.00;854.67;0.00;224.67;544.67;0.00;224.67
1769443511.0448768;0.00;0.00;820.35;0.00;0.00;289.34;0.00;624.67;144.67;384.67;772.68;0.00;144.67;0.00;0.00;0.00;0.00;0.00;1969.34;1731.01;0.00;0.00;0.00;1184.67;1128.67;1353.34;2956.34;1571.67;1861.67;2334.67;3189.34;1064.01;2984.01;1280.00;1280.00;999.34;950.00;790.00;1710.00;759.34;640.00;854.67;0.00;224.67;544.67;0.00;224.67
1769443511.045595;0.00;0.00;820.35;0.00;0.00;289.34;0.00;624.67;144.67;384.67;772.68;0.00;144.67;0.00;0.00;0.00;0.00;0.00;1969.34;1731.01;0.00;0.00;0.00;1184.67;1128.67;1353.34;2956.34;1571.67;1861.67;2334.67;3189.34;1064.01;2984.01;1280.00;1280.00;999.34;950.00;790.00;1710.00;759.34;640.00;854.67;0.00;224.67;544.67;0.00;224.67
1769443514.7423644;0.00;0.00;820.35;0.00;0.00;434.01;0.00;624.67;144.67;384.67;772.68;0.00;0.00;0.00;0.00;0.00;0.00;0.00;1729.34;817.00;0.00;0.00;0.00;1024.67;808.67;808.67;1411.67;1027.00;1247.00;1774.67;2639.34;984.01;2584.01;1120.00;1120.00;449.34;640.00;790.00;1710.00;449.34;640.00;544.67;0.00;0.00;224.67;0.00;224.67
1769443514.7431245;0.00;0.00;820.35;0.00;0.00;434.01;0.00;624.67;144.67;384.67;772.68;0.00;0.00;0.00;0.00;0.00;0.00;0.00;1729.34;817.00;0.00;0.00;0.00;1024.67;808.67;808.67;1411.67;1027.00;1247.00;1774.67;2639.34;984.01;2584.01;1120.00;1120.00;449.34;640.00;790.00;1710.00;449.34;640.00;544.67;0.00;0.00;224.67;0.00;224.67
1769443519.74709;0.00;0.00;675.68;0.00;144.67;434.01;0.00;624.67;144.67;384.67;772.68;0.00;0.00;0.00;0.00;0.00;0.00;0.00;1729.34;817.00;0.00;0.00;0.00;1024.67;808.67;808.67;1251.67;867.00;857.00;1924.67;2799.34;1224.01;2584.01;1120.00;1120.00;224.67;640.00;1340.00;1710.00;449.34;320.00;544.67;0.00;0.00;224.67;0.00;224.67
1769443519.747796;0.00;0.00;675.68;0.00;144.67;434.01;0.00;624.67;144.67;384.67;772.68;0.00;0.00;0.00;0.00;0.00;0.00;0.00;1729.34;817.00;0.00;0.00;0.00;1024.67;808.67;808.67;1251.67;867.00;857.00;1924.67;2799.34;1224.01;2584.01;1120.00;1120.00;224.67;640.00;1340.00;1710.00;449.34;320.00;544.67;0.00;0.00;224.67;0.00;224.67
1769443527.167756;0.00;0.00;675.68;144.67;144.67;434.01;0.00;624.67;144.67;384.67;772.68;0.00;0.00;0.00;0.00;0.00;0.00;0.00;1729.34;817.00;0.00;0.00;0.00;1174.67;808.67;808.67;1251.67;867.00;857.00;1924.67;2799.34;1224.01;2744.01;1280.00;1280.00;224.67;1190.00;1340.00;1710.00;449.34;320.00;544.67;0.00;0.00;224.67;0.00;534.67
1769443527.16849;0.00;0.00;675.68;144.67;144.67;434.01;0.00;624.67;144.67;384.67;772.68;0.00;0.00;0.00;0.00;0.00;0.00;0.00;1729.34;817.00;0.00;0.00;0.00;1174.67;808.67;808.67;1251.67;867.00;857.00;1924.67;2799.34;1224.01;2744.01;1280.00;1280.00;224.67;1190.00;1340.00;1710.00;449.34;320.00;544.67;0.00;0.00;224.67;0.00;534.67
1769443527.2245224;0.00;0.00;675.68;289.34;144.67;434.01;0.00;624.67;144.67;384.67;772.68;0.00;0.00;0.00;0.00;0.00;0.00;0.00;1729.34;817.00;0.00;0.00;0.00;1174.67;808.67;808.67;1251.67;867.00;857.00;2084.67;2959.34;1384.01;2744.01;1280.00;1280.00;224.67;1420.00;1340.00;1710.00;449.34;320.00;544.67;0.00;0.00;224.67;0.00;534.67
1769443527.225254;0.00;0.00;675.68;289.34;144.67;434.01;0.00;624.67;144.67;384.67;772.68;0.00;0.00;0.00;0.00;0.00;0.00;0.00;1729.34;817.00;0.00;0.00;0.00;1174.67;808.67;808.67;1251.67;867.00;857.00;2084.67;2959.34;1384.01;2744.01;1280.00;1280.00;224.67;1420.00;1340.00;1710.00;449.34;320.00;544.67;0.00;0.00;224.67;0.00;534.67
1769443527.2814279;0.00;0.00;675.68;434.01;144.67;434.01;0.00;624.67;144.67;384.67;772.68;0.00;0.00;0.00;0.00;0.00;0.00;0.00;1729.34;817.00;0.00;0.00;0.00;1174.67;808.67;808.67;1251.67;867.00;857.00;2234.67;3119.34;1448.68;2744.01;1280.00;1280.00;224.67;1650.00;1564.67;1710.00;449.34;320.00;544.67;0.00;0.00;224.67;0.00;534.67
1769443527.2821574;0.00;0.00;675.68;434.01;144.67;434.01;0.00;624.67;144.67;384.67;772.68;0.00;0.00;0.00;0.00;0.00;0.00;0.00;1729.34;817.00;0.00;0.00;0.00;1174.67;808.67;808.67;1251.67;867.00;857.00;2234.67;3119.34;1448.68;2744.01;1280.00;1280.00;224.67;1650.00;1564.67;1710.00;449.34;320.00;544.67;0.00;0.00;224.67;0.00;534.67
1769443527.3380144;0.00;0.00;675.68;674.01;144.67;434.01;0.00;624.67;144.67;384.67;772.68;0.00;0.00;0.00;0.00;0.00;0.00;0.00;1729.34;817.00;0.00;0.00;0.00;1334.67;968.67;968.67;1251.67;867.00;857.00;2234.67;3119.34;1448.68;2904.01;1440.00;1440.00;224.67;1880.00;1564.67;1710.00;769.34;320.00;544.67;0.00;0.00;224.67;0.00;534.67
1769443527.3386807;0.00;0.00;675.68;674.01;144.67;434.01;0.00;624.67;144.67;384.67;772.68;0.00;0.00;0.00;0.00;0.00;0.00;0.00;1729.34;817.00;0.00;0.00;0.00;1334.67;968.67;968.67;1251.67;867.00;857.00;2234.67;3119.34;1448.68;2904.01;1440.00;1440.00;224.67;1880.00;1564.67;1710.00;769.34;320.00;544.67;0.00;0.00;224.67;0.00;534.67
1769443527.395961;0.00;0.00;675.68;914.01;144.67;434.01;0.00;624.67;144.67;384.67;772.68;0.00;0.00;0.00;0.00;0.00;0.00;0.00;1729.34;817.00;0.00;0.00;0.00;1334.67;968.67;968.67;1251.67;867.00;857.00;2394.67;3279.34;1608.68;2904.01;1440.00;1440.00;534.67;2110.00;1564.67;1710.00;769.34;320.00;544.67;0.00;0.00;224.67;0.00;534.67
1769443527.396676;0.00;0.00;675.68;914.01;144.67;434.01;0.00;624.67;144.67;384.67;772.68;0.00;0.00;0.00;0.00;0.00;0.00;0.00;1729.34;817.00;0.00;0.00;0.00;1334.67;968.67;968.67;1251.67;867.00;857.00;2394.67;3279.34;1608.68;2904.01;1440.00;1440.00;534.67;2110.00;1564.67;1710.00;769.34;320.00;544.67;0.00;0.00;224.67;0.00;534.67
1769443527.453686;0.00;0.00;675.68;1154.01;144.67;434.01;0.00;624.67;144.67;384.67;772.68;0.00;0.00;0.00;0.00;0.00;0.00;0.00;1729.34;817.00;0.00;0.00;0.00;1334.67;968.67;968.67;1251.67;867.00;1167.00;2554.67;3439.34;1768.68;2904.01;1440.00;1440.00;534.67;2340.00;1564.67;1710.00;769.34;320.00;544.67;320.00;0.00;224.67;0.00;534.67
1769443527.454396;0.00;0.00;675.68;1154.01;144.67;434.01;0.00;624.67;144.67;384.67;772.68;0.00;0.00;0.00;0.00;0.00;0.00;0.00;1729.34;817.00;0.00;0.00;0.00;1334.67;968.67;968.67;1251.67;867.00;1167.00;2554.67;3439.34;1768.68;2904.01;1440.00;1440.00;534.67;2340.00;1564.67;1710.00;769.34;320.00;544.67;320.00;0.00;224.67;0.00;534.67
1769443529.7504926;0.00;0.00;675.68;1154.01;0.00;434.01;240.00;624.67;144.67;384.67;772.68;0.00;0.00;0.00;0.00;0.00;0.00;0.00;1729.34;817.00;0.00;0.00;0.00;1334.67;968.67;968.67;1251.67;867.00;1167.00;2564.67;3439.34;1528.68;2904.01;1440.00;1440.00;844.67;2340.00;1244.67;1710.00;769.34;320.00;544.67;320.00;0.00;224.67;0.00;534.67
1769443529.7514343;0.00;0.00;675.68;1154.01;0.00;434.01;240.00;624.67;144.67;384.67;772.68;0.00;0.00;0.00;0.00;0.00;0.00;0.00;1729.34;817.00;0.00;0.00;0.00;1334.67;968.67;968.67;1251.67;867.00;1167.00;2564.67;3439.34;1528.68;2904.01;1440.00;1440.00;844.67;2340.00;1244.67;1710.00;769.34;320.00;544.67;320.00;0.00;224.67;0.00;534.67
1769443544.756935;0.00;0.00;675.68;1154.01;0.00;434.01;240.00;624.67;144.67;144.67;772.68;0.00;0.00;0.00;0.00;0.00;0.00;0.00;1729.34;817.00;240.00;0.00;0.00;1334.67;968.67;968.67;1251.67;867.00;1477.00;2884.67;3039.34;1448.68;2904.01;1440.00;1440.00;844.67;2340.00;1244.67;1710.00;769.34;320.00;544.67;320.00;0.00;224.67;0.00;534.67
1769443544.7576811;0.00;0.00;675.68;1154.01;0.00;434.01;240.00;624.67;144.67;144.67;772.68;0.00;0.00;0.00;0.00;0.00;0.00;0.00;1729.34;817.00;240.00;0.00;0.00;1334.67;968.67;968.67;1251.67;867.00;1477.00;2884.67;3039.34;1448.68;2904.01;1440.00;1440.00;844.67;2340.00;1244.67;1710.00;769.34;320.00;544.67;320.00;0.00;224.67;0.00;534.67
1769443545.1894317;0.00;0.00;675.68;1154.01;0.00;434.01;240.00;624.67;144.67;144.67;772.68;0.00;0.00;0.00;0.00;0.00;0.00;0.00;1729.34;817.00;240.00;240.00;0.00;1494.67;1128.67;1118.67;1251.67;867.00;1477.00;2884.67;3039.34;1448.68;2984.01;1520.00;1600.00;844.67;2340.00;1244.67;1710.00;769.34;320.00;544.67;320.00;310.00;224.67;0.00;534.67
1769443545.1902122;0.00;0.00;675.68;1154.01;0.00;434.01;240.00;624.67;144.67;144.67;772.68;0.00;0.00;0.00;0.00;0.00;0.00;0.00;1729.34;817.00;240.00;240.00;0.00;1494.67;1128.67;1118.67;1251.67;867.00;1477.00;2884.67;3039.34;1448.68;2984.01;1520.00;1600.00;844.67;2340.00;1244.67;1710.00;769.34;320.00;544.67;320.00;310.00;224.67;0.00;534.67
1769443545.247646;0.00;0.00;675.68;1154.01;0.00;434.01;240.00;624.67;144.67;144.67;772.68;0.00;0.00;0.00;0.00;0.00;0.00;0.00;1729.34;817.00;240.00;480.00;0.00;1654.67;1128.67;1118.67;1251.67;867.00;1477.00;2884.67;3039.34;1448.68;3064.01;1600.00;1760.00;844.67;2340.00;1244.67;1710.00;769.34;320.00;854.67;320.00;310.00;224.67;0.00;534.67
1769443545.2484174;0.00;0.00;675.68;1154.01;0.00;434.01;240.00;624.67;144.67;144.67;772.68;0.00;0.00;0.00;0.00;0.00;0.00;0.00;1729.34;817.00;240.00;480.00;0.00;1654.67;1128.67;1118.67;1251.67;867.00;1477.00;2884.67;3039.34;1448.68;3064.01;1600.00;1760.00;844.67;2340.00;1244.67;1710.00;769.34;320.00;854.67;320.00;310.00;224.67;0.00;534.67
1769443545.3015037;0.00;0.00;675.68;1154.01;0.00;434.01;240.00;624.67;144.67;144.67;772.68;0.00;0.00;0.00;0.00;0.00;0.00;0.00;1729.34;817.00;240.00;720.00;0.00;1654.67;1128.67;1118.67;1251.67;867.00;1477.00;3044.67;3199.34;1608.68;3304.01;1840.00;1760.00;1154.67;2340.00;1244.67;1710.00;769.34;320.00;854.67;320.00;310.00;224.67;0.00;534.67
1769443545.3022482;0.00;0.00;675.68;1154.01;0.00;434.01;240.00;624.67;144.67;144.67;772.68;0.00;0.00;0.00;0.00;0.00;0.00;0.00;1729.34;817.00;240.00;720.00;0.00;1654.67;1128.67;1118.67;1251.67;867.00;1477.00;3044.67;3199.34;1608.68;3304.01;1840.00;1760.00;1154.67;2340.00;1244.67;1710.00;769.34;320.00;854.67;320.00;310.00;224.67;0.00;534.67
1769443545.3589728;0.00;0.00;675.68;1154.01;0.00;434.01;240.00;624.67;144.67;144.67;772.68;0.00;0.00;0.00;0.00;0.00;0.00;0.00;1729.34;817.00;240.00;960.00;0.00;1654.67;1128.67;1118.67;1251.67;867.00;1477.00;3194.67;3359.34;1768.68;3544.01;2080.00;1760.00;1154.67;2340.00;1564.67;2020.00;769.34;320.00;854.67;320.00;310.00;224.67;0.00;534.67
1769443545.3597791;0.00;0.00;675.68;1154.01;0.00;434.01;240.00;624.67;144.67;144.67;772.68;0.00;0.00;0.00;0.00;0.00;0.00;0.00;1729.34;817.00;240.00;960.00;0.00;1654.67;1128.67;1118.67;1251.67;867.00;1477.00;3194.67;3359.34;1768.68;3544.01;2080.00;1760.00;1154.67;2340.00;1564.67;2020.00;769.34;320.00;854.67;320.00;310.00;224.67;0.00;534.67
1769443545.4175055;0.00;0.00;675.68;1154.01;0.00;434.01;240.00;624.67;144.67;144.67;772.68;0.00;0.00;0.00;0.00;0.00;0.00;0.00;1729.34;817.00;240.00;1200.00;0.00;1814.67;1288.67;1278.67;1571.67;867.00;1477.00;3194.67;3359.34;1768.68;3624.01;2160.00;1920.00;1154.67;2340.00;1564.67;2020.00;1079.34;640.00;854.67;320.00;310.00;224.67;0.00;534.67
1769443545.4182408;0.00;0.00;675.68;1154.01;0.00;434.01;240.00;624.67;144.67;144.67;772.68;0.00;0.00;0.00;0.00;0.00;0.00;0.00;1729.34;817.00;240.00;1200.00;0.00;1814.67;1288.67;1278.67;1571.67;867.00;1477.00;3194.67;3359.34;1768.68;3624.01;2160.00;1920.00;1154.67;2340.00;1564.67;2020.00;1079.34;640.00;854.67;320.00;310.00;224.67;0.00;534.67
1769443546.1479452;0.00;0.00;675.68;1154.01;0.00;434.01;240.00;624.67;144.67;144.67;772.68;0.00;0.00;0.00;0.00;0.00;0.00;0.00;1729.34;817.00;240.00;1440.00;0.00;1814.67;1288.67;1278.67;1571.67;867.00;1477.00;3194.67;3359.34;1768.68;3854.01;2390.00;2240.00;1154.67;2340.00;1564.67;2020.00;1079.34;640.00;854.67;320.00;310.00;224.67;310.00;534.67
1769443546.1489763;0.00;0.00;675.68;1154.01;0.00;434.01;240.00;624.67;144.67;144.67;772.68;0.00;0.00;0.00;0.00;0.00;0.00;0.00;1729.34;817.00;240.00;1440.00;0.00;1814.67;1288.67;1278.67;1571.67;867.00;1477.00;3194.67;3359.34;1768.68;3854.01;2390.00;2240.00;1154.67;2340.00;1564.67;2020.00;1079.34;640.00;854.67;320.00;310.00;224.67;310.00;534.67
1769443559.2121742;0.00;0.00;820.35;1154.01;0.00;289.34;240.00;0.00;0.00;0.00;772.68;0.00;0.00;0.00;0.00;0.00;0.00;0.00;1440.00;817.00;0.00;1440.00;0.00;1654.67;1288.67;1278.67;1571.67;867.00;1167.00;2394.67;2364.67;1489.34;3724.67;2230.00;2080.00;1154.67;2340.00;1254.67;1700.00;1079.34;640.00;854.67;320.00;310.00;224.67;310.00;534.67
1769443559.2129078;0.00;0.00;820.35;1154.01;0.00;289.34;240.00;0.00;0.00;0.00;772.68;0.00;0.00;0.00;0.00;0.00;0.00;0.00;1440.00;817.00;0.00;1440.00;0.00;1654.67;1288.67;1278.67;1571.67;867.00;1167.00;2394.67;2364.67;1489.34;3724.67;2230.00;2080.00;1154.67;2340.00;1254.67;1700.00;1079.34;640.00;854.67;320.00;310.00;224.67;310.00;534.67
1769443559.2692513;0.00;0.00;1060.35;1154.01;0.00;289.34;240.00;0.00;0.00;0.00;772.68;0.00;0.00;0.00;0.00;0.00;0.00;0.00;1440.00;817.00;0.00;1440.00;0.00;1654.67;1288.67;1278.67;1571.67;867.00;1167.00;2784.67;2514.67;1489.34;3724.67;2230.00;2080.00;1154.67;2340.00;1254.67;1700.00;1079.34;640.00;854.67;320.00;310.00;224.67;310.00;534.67
1769443559.269991;0.00;0.00;1060.35;1154.01;0.00;289.34;240.00;0.00;0.00;0.00;772.68;0.00;0.00;0.00;0.00;0.00;0.00;0.00;1440.00;817.00;0.00;1440.00;0.00;1654.67;1288.67;1278.67;1571.67;867.00;1167.00;2784.67;2514.67;1489.34;3724.67;2230.00;2080.00;1154.67;2340.00;1254.67;1700.00;1079.34;640.00;854.67;320.00;310.00;224.67;310.00;534.67
1769443559.328182;0.00;0.00;1300.35;1154.01;0.00;289.34;240.00;0.00;0.00;0.00;772.68;0.00;0.00;0.00;0.00;0.00;0.00;0.00;1440.00;817.00;0.00;1440.00;0.00;1654.67;1288.67;1278.67;1571.67;867.00;1167.00;3024.67;2664.67;1489.34;3724.67;2230.00;2080.00;1154.67;2340.00;1254.67;1700.00;1079.34;640.00;854.67;320.00;310.00;224.67;310.00;534.67
1769443559.328899;0.00;0.00;1300.35;1154.01;0.00;289.34;240.00;0.00;0.00;0.00;772.68;0.00;0.00;0.00;0.00;0.00;0.00;0.00;1440.00;817.00;0.00;1440.00;0.00;1654.67;1288.67;1278.67;1571.67;867.00;1167.00;3024.67;2664.67;1489.34;3724.67;2230.00;2080.00;1154.67;2340.00;1254.67;1700.00;1079.34;640.00;854.67;320.00;310.00;224.67;310.00;534.67
1769443559.3869314;0.00;0.00;1540.35;1154.01;0.00;289.34;240.00;0.00;0.00;0.00;772.68;0.00;0.00;0.00;0.00;0.00;0.00;0.00;1440.00;817.00;0.00;1440.00;0.00;1654.67;1288.67;1278.67;1571.67;867.00;1167.00;3264.67;2744.67;1489.34;3724.67;2230.00;2080.00;1154.67;2340.00;1254.67;1700.00;1079.34;640.00;854.67;320.00;310.00;224.67;310.00;534.67
1769443559.387659;0.00;0.00;1540.35;1154.01;0.00;289.34;240.00;0.00;0.00;0.00;772.68;0.00;0.00;0.00;0.00;0.00;0.00;0.00;1440.00;817.00;0.00;1440.00;0.00;1654.67;1288.67;1278.67;1571.67;867.00;1167.00;3264.67;2744.67;1489.34;3724.67;2230.00;2080.00;1154.67;2340.00;1254.67;1700.00;1079.34;640.00;854.67;320.00;310.00;224.67;310.00;534.67
1769443559.449448;0.00;0.00;1780.35;1154.01;0.00;289.34;240.00;0.00;0.00;0.00;772.68;0.00;0.00;0.00;0.00;0.00;0.00;0.00;1440.00;817.00;0.00;1440.00;0.00;1654.67;1288.67;1278.67;1571.67;867.00;1167.00;3654.67;2904.67;1489.34;3724.67;2230.00;2080.00;1154.67;2340.00;1254.67;1700.00;1079.34;640.00;854.67;320.00;310.00;224.67;310.00;534.67
1769443559.450282;0.00;0.00;1780.35;1154.01;0.00;289.34;240.00;0.00;0.00;0.00;772.68;0.00;0.00;0.00;0.00;0.00;0.00;0.00;1440.00;817.00;0.00;1440.00;0.00;1654.67;1288.67;1278.67;1571.67;867.00;1167.00;3654.67;2904.67;1489.34;3724.67;2230.00;2080.00;1154.67;2340.00;1254.67;1700.00;1079.34;640.00;854.67;320.00;310.00;224.67;310.00;534.67
1769443559.5135071;0.00;0.00;1925.02;1154.01;0.00;289.34;240.00;0.00;0.00;0.00;772.68;0.00;0.00;0.00;0.00;0.00;0.00;0.00;1440.00;817.00;0.00;1440.00;0.00;1804.67;1288.67;1278.67;1571.67;867.00;1391.67;4044.67;3294.67;1649.34;3884.67;2700.00;2230.00;1154.67;2340.00;1254.67;1700.00;1079.34;640.00;1004.67;320.00;310.00;534.67;310.00;534.67
1769443559.514259;0.00;0.00;1925.02;1154.01;0.00;289.34;240.00;0.00;0.00;0.00;772.68;0.00;0.00;0.00;0.00;0.00;0.00;0.00;1440.00;817.00;0.00;1440.00;0.00;1804.67;1288.67;1278.67;1571.67;867.00;1391.67;4044.67;3294.67;1649.34;3884.67;2700.00;2230.00;1154.67;2340.00;1254.67;1700.00;1079.34;640.00;1004.67;320.00;310.00;534.67;310.00;534.67
1769443559.7710912;0.00;0.00;1925.02;1009.34;0.00;0.00;480.00;0.00;0.00;0.00;772.68;0.00;0.00;0.00;0.00;0.00;0.00;0.00;1200.00;817.00;0.00;1440.00;0.00;1574.67;1288.67;1278.67;1571.67;867.00;1391.67;4044.67;3294.67;1799.34;3254.67;2460.00;1990.00;1154.67;1470.00;1254.67;1700.00;1079.34;640.00;1004.67;320.00;310.00;534.67;310.00;224.67
1769443559.7718942;0.00;0.00;1925.02;1009.34;0.00;0.00;480.00;0.00;0.00;0.00;772.68;0.00;0.00;0.00;0.00;0.00;0.00;0.00;1200.00;817.00;0.00;1440.00;0.00;1574.67;1288.67;1278.67;1571.67;867.00;1391.67;4044.67;3294.67;1799.34;3254.67;2460.00;1990.00;1154.67;1470.00;1254.67;1700.00;1079.34;640.00;1004.67;320.00;310.00;534.67;310.00;224.67
1769443560.2031054;0.00;0.00;1925.02;1009.34;0.00;0.00;480.00;0.00;0.00;0.00;772.68;0.00;0.00;0.00;0.00;0.00;0.00;0.00;1200.00;817.00;0.00;1440.00;0.00;1414.67;1288.67;1278.67;1571.67;867.00;1871.67;4664.67;3454.67;1734.67;3190.00;2300.00;1830.00;1154.67;1470.00;1254.67;2010.00;1079.34;640.00;1004.67;480.00;310.00;310.00;310.00;224.67
1769443560.2041762;0.00;0.00;1925.02;1009.34;0.00;0.00;480.00;0.00;0.00;0.00;772.68;0.00;0.00;0.00;0.00;0.00;0.00;0.00;1200.00;817.00;0.00;1440.00;0.00;1414.67;1288.67;1278.67;1571.67;867.00;1871.67;4664.67;3454.67;1734.67;3190.00;2300.00;1830.00;1154.67;1470.00;1254.67;2010.00;1079.34;640.00;1004.67;480.00;310.00;310.00;310.00;224.67
1769443563.0684123;0.00;0.00;1925.02;1009.34;0.00;0.00;480.00;0.00;0.00;0.00;868.01;0.00;0.00;0.00;0.00;0.00;0.00;0.00;1200.00;720.00;0.00;1440.00;0.00;1190.00;961.67;951.67;1277.00;797.00;1801.67;4514.67;3294.67;1574.67;2870.00;1980.00;1510.00;1464.67;1470.00;1254.67;1700.00;1079.34;640.00;1004.67;480.00;310.00;310.00;310.00;0.00
1769443563.0691676;0.00;0.00;1925.02;1009.34;0.00;0.00;480.00;0.00;0.00;0.00;868.01;0.00;0.00;0.00;0.00;0.00;0.00;0.00;1200.00;720.00;0.00;1440.00;0.00;1190.00;961.67;951.67;1277.00;797.00;1801.67;4514.67;3294.67;1574.67;2870.00;1980.00;1510.00;1464.67;1470.00;1254.67;1700.00;1079.34;640.00;1004.67;480.00;310.00;310.00;310.00;0.00
1769443563.1223807;0.00;0.00;1925.02;1009.34;0.00;0.00;480.00;0.00;0.00;0.00;868.01;0.00;0.00;0.00;0.00;0.00;0.00;0.00;1200.00;960.00;0.00;1440.00;0.00;1190.00;1041.67;1031.67;1437.00;957.00;1961.67;4674.67;3454.67;1734.67;2870.00;1980.00;1510.00;1464.67;1470.00;1574.67;1700.00;1079.34;640.00;1004.67;480.00;310.00;310.00;310.00;0.00
1769443563.1230628;0.00;0.00;1925.02;1009.34;0.00;0.00;480.00;0.00;0.00;0.00;868.01;0.00;0.00;0.00;0.00;0.00;0.00;0.00;1200.00;960.00;0.00;1440.00;0.00;1190.00;1041.67;1031.67;1437.00;957.00;1961.67;4674.67;3454.67;1734.67;2870.00;1980.00;1510.00;1464.67;1470.00;1574.67;1700.00;1079.34;640.00;1004.67;480.00;310.00;310.00;310.00;0.00
1769443564.7868912;0.00;0.00;1925.02;864.67;0.00;0.00;384.67;0.00;0.00;0.00;338.67;0.00;0.00;0.00;0.00;0.00;0.00;0.00;960.00;960.00;0.00;1440.00;0.00;1030.00;897.00;887.00;807.00;557.00;1571.67;4204.67;2974.67;1629.34;2470.00;1820.00;1350.00;844.67;1240.00;1344.67;1700.00;854.67;320.00;780.00;480.00;310.00;310.00;310.00;0.00
1769443564.7876904;0.00;0.00;1925.02;864.67;0.00;0.00;384.67;0.00;0.00;0.00;338.67;0.00;0.00;0.00;0.00;0.00;0.00;0.00;960.00;960.00;0.00;1440.00;0.00;1030.00;897.00;887.00;807.00;557.00;1571.67;4204.67;2974.67;1629.34;2470.00;1820.00;1350.00;844.67;1240.00;1344.67;1700.00;854.67;320.00;780.00;480.00;310.00;310.00;310.00;0.00
1769443564.8410158;0.00;0.00;1925.02;864.67;0.00;144.67;384.67;0.00;0.00;0.00;338.67;0.00;0.00;0.00;0.00;0.00;0.00;0.00;960.00;960.00;0.00;1440.00;0.00;1030.00;897.00;887.00;807.00;557.00;1571.67;4204.67;2974.67;1844.01;2470.00;1820.00;1350.00;844.67;1240.00;1344.67;1700.00;854.67;320.00;780.00;480.00;310.00;310.00;310.00;0.00
1769443564.841748;0.00;0.00;1925.02;864.67;0.00;144.67;384.67;0.00;0.00;0.00;338.67;0.00;0.00;0.00;0.00;0.00;0.00;0.00;960.00;960.00;0.00;1440.00;0.00;1030.00;897.00;887.00;807.00;557.00;1571.67;4204.67;2974.67;1844.01;2470.00;1820.00;1350.00;844.67;1240.00;1344.67;1700.00;854.67;320.00;780.00;480.00;310.00;310.00;310.00;0.00
1769443564.89462;0.00;0.00;1925.02;864.67;0.00;144.67;384.67;0.00;0.00;0.00;338.67;0.00;0.00;0.00;0.00;0.00;0.00;240.00;960.00;960.00;0.00;1440.00;0.00;1030.00;1137.00;887.00;807.00;557.00;1571.67;4204.67;2974.67;1844.01;2470.00;1820.00;1350.00;844.67;1240.00;1344.67;1700.00;854.67;320.00;780.00;480.00;310.00;310.00;310.00;0.00
1769443564.895382;0.00;0.00;1925.02;864.67;0.00;144.67;384.67;0.00;0.00;0.00;338.67;0.00;0.00;0.00;0.00;0.00;0.00;240.00;960.00;960.00;0.00;1440.00;0.00;1030.00;1137.00;887.00;807.00;557.00;1571.67;4204.67;2974.67;1844.01;2470.00;1820.00;1350.00;844.67;1240.00;1344.67;1700.00;854.67;320.00;780.00;480.00;310.00;310.00;310.00;0.00
1769443564.949662;0.00;0.00;1925.02;864.67;0.00;144.67;384.67;0.00;0.00;0.00;338.67;0.00;0.00;0.00;0.00;0.00;0.00;480.00;960.00;960.00;0.00;1440.00;0.00;1030.00;1217.00;1047.00;967.00;717.00;1731.67;4204.67;2974.67;1844.01;2470.00;1820.00;1350.00;844.67;1240.00;1344.67;1700.00;1174.67;320.00;780.00;480.00;310.00;310.00;310.00;0.00
1769443564.9505782;0.00;0.00;1925.02;864.67;0.00;144.67;384.67;0.00;0.00;0.00;338.67;0.00;0.00;0.00;0.00;0.00;0.00;480.00;960.00;960.00;0.00;1440.00;0.00;1030.00;1217.00;1047.00;967.00;717.00;1731.67;4204.67;2974.67;1844.01;2470.00;1820.00;1350.00;844.67;1240.00;1344.67;1700.00;1174.67;320.00;780.00;480.00;310.00;310.00;310.00;0.00
1769443565.004193;0.00;0.00;1925.02;864.67;0.00;144.67;384.67;0.00;0.00;0.00;338.67;0.00;0.00;0.00;0.00;0.00;0.00;720.00;960.00;960.00;0.00;1440.00;0.00;1030.00;1297.00;1207.00;1277.00;1027.00;1731.67;4204.67;2974.67;1844.01;2470.00;1820.00;1350.00;844.67;1240.00;1344.67;1700.00;1174.67;320.00;780.00;800.00;310.00;310.00;310.00;0.00
1769443565.004952;0.00;0.00;1925.02;864.67;0.00;144.67;384.67;0.00;0.00;0.00;338.67;0.00;0.00;0.00;0.00;0.00;0.00;720.00;960.00;960.00;0.00;1440.00;0.00;1030.00;1297.00;1207.00;1277.00;1027.00;1731.67;4204.67;2974.67;1844.01;2470.00;1820.00;1350.00;844.67;1240.00;1344.67;1700.00;1174.67;320.00;780.00;800.00;310.00;310.00;310.00;0.00
1769443565.0586677;0.00;240.00;1925.02;864.67;0.00;144.67;384.67;0.00;0.00;0.00;338.67;0.00;0.00;0.00;0.00;0.00;0.00;720.00;960.00;960.00;0.00;1440.00;0.00;1030.00;1297.00;1207.00;1277.00;1027.00;1731.67;4204.67;2974.67;2144.01;2470.00;1820.00;1350.00;844.67;1240.00;1574.67;1700.00;1174.67;320.00;780.00;800.00;310.00;310.00;310.00;0.00
1769443565.059459;0.00;240.00;1925.02;864.67;0.00;144.67;384.67;0.00;0.00;0.00;338.67;0.00;0.00;0.00;0.00;0.00;0.00;720.00;960.00;960.00;0.00;1440.00;0.00;1030.00;1297.00;1207.00;1277.00;1027.00;1731.67;4204.67;2974.67;2144.01;2470.00;1820.00;1350.00;844.67;1240.00;1574.67;1700.00;1174.67;320.00;780.00;800.00;310.00;310.00;310.00;0.00
1769443569.733626;0.00;240.00;1780.35;864.67;0.00;144.67;384.67;0.00;0.00;0.00;338.67;0.00;0.00;0.00;0.00;0.00;0.00;720.00;960.00;960.00;0.00;1440.00;0.00;880.00;1297.00;1207.00;1277.00;1027.00;1507.00;3814.67;2584.67;2144.01;2320.00;1360.00;880.00;844.67;1240.00;1574.67;1700.00;1174.67;320.00;630.00;800.00;310.00;0.00;0.00;0.00
1769443569.7344103;0.00;240.00;1780.35;864.67;0.00;144.67;384.67;0.00;0.00;0.00;338.67;0.00;0.00;0.00;0.00;0.00;0.00;720.00;960.00;960.00;0.00;1440.00;0.00;880.00;1297.00;1207.00;1277.00;1027.00;1507.00;3814.67;2584.67;2144.01;2320.00;1360.00;880.00;844.67;1240.00;1574.67;1700.00;1174.67;320.00;630.00;800.00;310.00;0.00;0.00;0.00
1769443569.788344;0.00;240.00;1925.02;864.67;0.00;144.67;384.67;0.00;0.00;0.00;338.67;0.00;0.00;0.00;0.00;0.00;0.00;720.00;960.00;960.00;0.00;1440.00;0.00;1030.00;1447.00;1207.00;1277.00;1251.67;1731.67;4204.67;2664.67;2294.01;2470.00;1510.00;1030.00;844.67;1240.00;1574.67;2020.00;1174.67;320.00;630.00;800.00;460.00;0.00;0.00;0.00
1769443569.789441;0.00;240.00;1925.02;864.67;0.00;144.67;384.67;0.00;0.00;0.00;338.67;0.00;0.00;0.00;0.00;0.00;0.00;720.00;960.00;960.00;0.00;1440.00;0.00;1030.00;1447.00;1207.00;1277.00;1251.67;1731.67;4204.67;2664.67;2294.01;2470.00;1510.00;1030.00;844.67;1240.00;1574.67;2020.00;1174.67;320.00;630.00;800.00;460.00;0.00;0.00;0.00
1769443574.8519962;0.00;240.00;1780.35;720.00;0.00;144.67;624.67;0.00;0.00;0.00;338.67;0.00;0.00;0.00;0.00;0.00;0.00;720.00;960.00;960.00;0.00;1440.00;0.00;1030.00;1447.00;1207.00;1277.00;1251.67;1251.67;3290.00;2280.00;2229.34;2470.00;1510.00;1030.00;844.67;1010.00;1350.00;1480.00;1174.67;320.00;630.00;640.00;460.00;0.00;0.00;0.00
1769443574.8527706;0.00;240.00;1780.35;720.00;0.00;144.67;624.67;0.00;0.00;0.00;338.67;0.00;0.00;0.00;0.00;0.00;0.00;720.00;960.00;960.00;0.00;1440.00;0.00;1030.00;1447.00;1207.00;1277.00;1251.67;1251.67;3290.00;2280.00;2229.34;2470.00;1510.00;1030.00;844.67;1010.00;1350.00;1480.00;1174.67;320.00;630.00;640.00;460.00;0.00;0.00;0.00
1769443574.9105992;0.00;480.00;1780.35;720.00;0.00;144.67;624.67;0.00;0.00;0.00;338.67;0.00;0.00;0.00;0.00;0.00;0.00;720.00;960.00;960.00;0.00;1440.00;0.00;1030.00;1447.00;1207.00;1277.00;1251.67;1251.67;3290.00;2510.00;2229.34;2470.00;1510.00;1030.00;844.67;1010.00;1350.00;1480.00;1174.67;320.00;630.00;640.00;460.00;0.00;0.00;0.00
1769443574.911358;0.00;480.00;1780.35;720.00;0.00;144.67;624.67;0.00;0.00;0.00;338.67;0.00;0.00;0.00;0.00;0.00;0.00;720.00;960.00;960.00;0.00;1440.00;0.00;1030.00;1447.00;1207.00;1277.00;1251.67;1251.67;3290.00;2510.00;2229.34;2470.00;1510.00;1030.00;844.67;1010.00;1350.00;1480.00;1174.67;320.00;630.00;640.00;460.00;0.00;0.00;0.00
1769443580.5979993;0.00;480.00;1780.35;480.00;0.00;144.67;864.67;0.00;0.00;0.00;338.67;0.00;0.00;0.00;0.00;0.00;0.00;720.00;960.00;960.00;0.00;1440.00;0.00;1030.00;1447.00;1207.00;1277.00;1251.67;1251.67;3130.00;2510.00;2069.34;2470.00;1510.00;1030.00;534.67;780.00;1350.00;1480.00;1174.67;320.00;630.00;640.00;460.00;0.00;0.00;0.00
1769443580.5987647;0.00;480.00;1780.35;480.00;0.00;144.67;864.67;0.00;0.00;0.00;338.67;0.00;0.00;0.00;0.00;0.00;0.00;720.00;960.00;960.00;0.00;1440.00;0.00;1030.00;1447.00;1207.00;1277.00;1251.67;1251.67;3130.00;2510.00;2069.34;2470.00;1510.00;1030.00;534.67;780.00;1350.00;1480.00;1174.67;320.00;630.00;640.00;460.00;0.00;0.00;0.00
1769443581.2435732;0.00;480.00;1780.35;480.00;0.00;144.67;864.67;0.00;0.00;0.00;338.67;0.00;0.00;0.00;240.00;0.00;0.00;720.00;960.00;960.00;0.00;1440.00;0.00;1030.00;1447.00;1207.00;1277.00;1251.67;1551.67;3130.00;2510.00;2069.34;2470.00;1510.00;1030.00;534.67;780.00;1350.00;1480.00;1174.67;320.00;630.00;950.00;460.00;0.00;0.00;0.00
1769443581.2444105;0.00;480.00;1780.35;480.00;0.00;144.67;864.67;0.00;0.00;0.00;338.67;0.00;0.00;0.00;240.00;0.00;0.00;720.00;960.00;960.00;0.00;1440.00;0.00;1030.00;1447.00;1207.00;1277.00;1251.67;1551.67;3130.00;2510.00;2069.34;2470.00;1510.00;1030.00;534.67;780.00;1350.00;1480.00;1174.67;320.00;630.00;950.00;460.00;0.00;0.00;0.00
1769443581.3085225;0.00;480.00;1780.35;480.00;0.00;144.67;864.67;0.00;0.00;0.00;338.67;0.00;0.00;0.00;480.00;0.00;0.00;720.00;960.00;960.00;0.00;1440.00;0.00;1030.00;1447.00;1207.00;1277.00;1251.67;1791.67;3290.00;2660.00;2069.34;2470.00;1510.00;1030.00;764.67;780.00;1350.00;1480.00;1174.67;320.00;630.00;950.00;460.00;0.00;0.00;0.00
1769443581.3092744;0.00;480.00;1780.35;480.00;0.00;144.67;864.67;0.00;0.00;0.00;338.67;0.00;0.00;0.00;480.00;0.00;0.00;720.00;960.00;960.00;0.00;1440.00;0.00;1030.00;1447.00;1207.00;1277.00;1251.67;1791.67;3290.00;2660.00;2069.34;2470.00;1510.00;1030.00;764.67;780.00;1350.00;1480.00;1174.67;320.00;630.00;950.00;460.00;0.00;0.00;0.00
1769443581.369726;0.00;480.00;1780.35;480.00;0.00;144.67;864.67;0.00;0.00;0.00;338.67;0.00;0.00;0.00;720.00;0.00;0.00;720.00;960.00;960.00;0.00;1440.00;0.00;1030.00;1447.00;1207.00;1277.00;1251.67;2031.67;3450.00;2810.00;2069.34;2470.00;1510.00;1030.00;994.67;780.00;1350.00;1790.00;1174.67;320.00;630.00;950.00;460.00;0.00;0.00;0.00
1769443581.370442;0.00;480.00;1780.35;480.00;0.00;144.67;864.67;0.00;0.00;0.00;338.67;0.00;0.00;0.00;720.00;0.00;0.00;720.00;960.00;960.00;0.00;1440.00;0.00;1030.00;1447.00;1207.00;1277.00;1251.67;2031.67;3450.00;2810.00;2069.34;2470.00;1510.00;1030.00;994.67;780.00;1350.00;1790.00;1174.67;320.00;630.00;950.00;460.00;0.00;0.00;0.00
1769443581.4308486;0.00;480.00;1780.35;480.00;0.00;144.67;864.67;0.00;0.00;0.00;338.67;0.00;0.00;0.00;960.00;0.00;0.00;720.00;960.00;960.00;0.00;1440.00;0.00;1030.00;1447.00;1207.00;1277.00;1251.67;2261.67;3450.00;2810.00;2069.34;2470.00;1510.00;1030.00;1224.67;780.00;1350.00;1790.00;1174.67;320.00;630.00;950.00;460.00;0.00;0.00;0.00
1769443581.43159;0.00;480.00;1780.35;480.00;0.00;144.67;864.67;0.00;0.00;0.00;338.67;0.00;0.00;0.00;960.00;0.00;0.00;720.00;960.00;960.00;0.00;1440.00;0.00;1030.00;1447.00;1207.00;1277.00;1251.67;2261.67;3450.00;2810.00;2069.34;2470.00;1510.00;1030.00;1224.67;780.00;1350.00;1790.00;1174.67;320.00;630.00;950.00;460.00;0.00;0.00;0.00
1769443581.4939117;0.00;480.00;1780.35;480.00;0.00;144.67;864.67;0.00;0.00;0.00;338.67;0.00;0.00;0.00;1200.00;0.00;0.00;720.00;960.00;960.00;0.00;1440.00;0.00;1030.00;1447.00;1207.00;1427.00;1411.67;2411.67;3450.00;2810.00;2069.34;2470.00;1510.00;1030.00;1224.67;780.00;1350.00;1790.00;1174.67;630.00;630.00;950.00;460.00;0.00;0.00;0.00
1769443581.4946434;0.00;480.00;1780.35;480.00;0.00;144.67;864.67;0.00;0.00;0.00;338.67;0.00;0.00;0.00;1200.00;0.00;0.00;720.00;960.00;960.00;0.00;1440.00;0.00;1030.00;1447.00;1207.00;1427.00;1411.67;2411.67;3450.00;2810.00;2069.34;2470.00;1510.00;1030.00;1224.67;780.00;1350.00;1790.00;1174.67;630.00;630.00;950.00;460.00;0.00;0.00;0.00
1769443581.555722;0.00;480.00;1780.35;480.00;0.00;144.67;864.67;0.00;0.00;0.00;338.67;0.00;0.00;0.00;1440.00;0.00;0.00;720.00;960.00;960.00;0.00;1440.00;0.00;1030.00;1447.00;1207.00;1577.00;1571.67;2561.67;3450.00;2810.00;2069.34;2470.00;1510.00;1030.00;1224.67;780.00;1350.00;1790.00;1174.67;630.00;630.00;950.00;460.00;0.00;0.00;0.00
1769443581.5564659;0.00;480.00;1780.35;480.00;0.00;144.67;864.67;0.00;0.00;0.00;338.67;0.00;0.00;0.00;1440.00;0.00;0.00;720.00;960.00;960.00;0.00;1440.00;0.00;1030.00;1447.00;1207.00;1577.00;1571.67;2561.67;3450.00;2810.00;2069.34;2470.00;1510.00;1030.00;1224.67;780.00;1350.00;1790.00;1174.67;630.00;630.00;950.00;460.00;0.00;0.00;0.00
1769443584.8701494;0.00;480.00;1780.35;240.00;0.00;144.67;1104.67;0.00;0.00;0.00;241.67;0.00;0.00;0.00;1440.00;0.00;0.00;720.00;720.00;960.00;0.00;1440.00;0.00;870.00;1222.33;982.33;1544.67;1539.34;2529.34;3530.00;2890.00;2229.34;2070.00;1350.00;870.00;1224.67;550.00;1350.00;1790.00;854.67;630.00;630.00;950.00;460.00;0.00;0.00;0.00
1769443584.8709319;0.00;480.00;1780.35;240.00;0.00;144.67;1104.67;0.00;0.00;0.00;241.67;0.00;0.00;0.00;1440.00;0.00;0.00;720.00;720.00;960.00;0.00;1440.00;0.00;870.00;1222.33;982.33;1544.67;1539.34;2529.34;3530.00;2890.00;2229.34;2070.00;1350.00;870.00;1224.67;550.00;1350.00;1790.00;854.67;630.00;630.00;950.00;460.00;0.00;0.00;0.00
1769443584.9286094;0.00;480.00;1780.35;240.00;0.00;384.67;1104.67;0.00;0.00;0.00;241.67;0.00;0.00;0.00;1440.00;0.00;0.00;720.00;720.00;960.00;0.00;1440.00;0.00;870.00;1222.33;982.33;1694.67;1619.34;2609.34;3610.00;2970.00;2229.34;2070.00;1350.00;870.00;1224.67;550.00;1660.00;1790.00;854.67;630.00;630.00;950.00;460.00;0.00;0.00;0.00
1769443584.9295404;0.00;480.00;1780.35;240.00;0.00;384.67;1104.67;0.00;0.00;0.00;241.67;0.00;0.00;0.00;1440.00;0.00;0.00;720.00;720.00;960.00;0.00;1440.00;0.00;870.00;1222.33;982.33;1694.67;1619.34;2609.34;3610.00;2970.00;2229.34;2070.00;1350.00;870.00;1224.67;550.00;1660.00;1790.00;854.67;630.00;630.00;950.00;460.00;0.00;0.00;0.00
1769443584.9900947;0.00;480.00;1780.35;240.00;0.00;384.67;1104.67;0.00;0.00;0.00;241.67;0.00;0.00;0.00;1440.00;0.00;0.00;960.00;720.00;960.00;0.00;1440.00;0.00;870.00;1222.33;1222.33;2004.67;1619.34;2609.34;3610.00;2970.00;2229.34;2070.00;1350.00;870.00;1224.67;550.00;1660.00;1790.00;854.67;940.00;630.00;950.00;460.00;0.00;0.00;0.00
1769443584.990897;0.00;480.00;1780.35;240.00;0.00;384.67;1104.67;0.00;0.00;0.00;241.67;0.00;0.00;0.00;1440.00;0.00;0.00;960.00;720.00;960.00;0.00;1440.00;0.00;870.00;1222.33;1222.33;2004.67;1619.34;2609.34;3610.00;2970.00;2229.34;2070.00;1350.00;870.00;1224.67;550.00;1660.00;1790.00;854.67;940.00;630.00;950.00;460.00;0.00;0.00;0.00
1769443594.879168;0.00;480.00;1780.35;240.00;0.00;624.67;1104.67;0.00;0.00;0.00;241.67;0.00;0.00;0.00;1440.00;0.00;0.00;960.00;480.00;960.00;0.00;1440.00;0.00;870.00;1222.33;1222.33;2154.67;1699.34;2689.34;3690.00;3050.00;2389.34;1830.00;1350.00;870.00;1224.67;550.00;1660.00;1790.00;854.67;940.00;630.00;950.00;460.00;0.00;0.00;0.00
1769443594.8799586;0.00;480.00;1780.35;240.00;0.00;624.67;1104.67;0.00;0.00;0.00;241.67;0.00;0.00;0.00;1440.00;0.00;0.00;960.00;480.00;960.00;0.00;1440.00;0.00;870.00;1222.33;1222.33;2154.67;1699.34;2689.34;3690.00;3050.00;2389.34;1830.00;1350.00;870.00;1224.67;550.00;1660.00;1790.00;854.67;940.00;630.00;950.00;460.00;0.00;0.00;0.00
1769443603.2692685;0.00;0.00;1249.34;240.00;0.00;624.67;1104.67;0.00;0.00;0.00;241.67;144.67;0.00;0.00;1440.00;0.00;0.00;960.00;480.00;480.00;0.00;1440.00;0.00;870.00;1142.33;1142.33;2234.67;1779.34;2839.34;2990.00;2350.00;2089.34;1830.00;1350.00;870.00;1000.00;550.00;1110.00;940.00;854.67;940.00;630.00;950.00;460.00;0.00;0.00;0.00
1769443603.2700264;0.00;0.00;1249.34;240.00;0.00;624.67;1104.67;0.00;0.00;0.00;241.67;144.67;0.00;0.00;1440.00;0.00;0.00;960.00;480.00;480.00;0.00;1440.00;0.00;870.00;1142.33;1142.33;2234.67;1779.34;2839.34;2990.00;2350.00;2089.34;1830.00;1350.00;870.00;1000.00;550.00;1110.00;940.00;854.67;940.00;630.00;950.00;460.00;0.00;0.00;0.00
1769443603.3273957;0.00;0.00;1249.34;240.00;0.00;624.67;1104.67;0.00;0.00;0.00;241.67;289.34;0.00;0.00;1440.00;0.00;0.00;960.00;480.00;480.00;0.00;1440.00;0.00;870.00;1142.33;1142.33;2474.67;2019.34;3079.34;2990.00;2350.00;2089.34;1830.00;1350.00;870.00;1000.00;550.00;1110.00;940.00;854.67;940.00;630.00;950.00;460.00;0.00;0.00;0.00
1769443603.328114;0.00;0.00;1249.34;240.00;0.00;624.67;1104.67;0.00;0.00;0.00;241.67;289.34;0.00;0.00;1440.00;0.00;0.00;960.00;480.00;480.00;0.00;1440.00;0.00;870.00;1142.33;1142.33;2474.67;2019.34;3079.34;2990.00;2350.00;2089.34;1830.00;1350.00;870.00;1000.00;550.00;1110.00;940.00;854.67;940.00;630.00;950.00;460.00;0.00;0.00;0.00
1769443603.3862672;0.00;0.00;1249.34;240.00;0.00;624.67;1104.67;0.00;0.00;0.00;241.67;529.34;0.00;0.00;1440.00;0.00;0.00;960.00;480.00;480.00;0.00;1440.00;0.00;1020.00;1302.33;1302.33;2554.67;2099.34;3159.34;2990.00;2350.00;2089.34;1830.00;1350.00;870.00;1000.00;550.00;1110.00;940.00;854.67;940.00;630.00;950.00;460.00;0.00;0.00;150.00
1769443603.386986;0.00;0.00;1249.34;240.00;0.00;624.67;1104.67;0.00;0.00;0.00;241.67;529.34;0.00;0.00;1440.00;0.00;0.00;960.00;480.00;480.00;0.00;1440.00;0.00;1020.00;1302.33;1302.33;2554.67;2099.34;3159.34;2990.00;2350.00;2089.34;1830.00;1350.00;870.00;1000.00;550.00;1110.00;940.00;854.67;940.00;630.00;950.00;460.00;0.00;0.00;150.00
1769443603.4580674;0.00;0.00;1249.34;240.00;0.00;624.67;1104.67;0.00;0.00;0.00;241.67;769.34;0.00;0.00;1440.00;0.00;0.00;960.00;480.00;480.00;0.00;1440.00;0.00;1180.00;1462.33;1462.33;2634.67;2179.34;3239.34;2990.00;2350.00;2089.34;1980.00;1500.00;1030.00;1000.00;550.00;1110.00;940.00;854.67;940.00;630.00;950.00;460.00;0.00;0.00;150.00
1769443603.4588633;0.00;0.00;1249.34;240.00;0.00;624.67;1104.67;0.00;0.00;0.00;241.67;769.34;0.00;0.00;1440.00;0.00;0.00;960.00;480.00;480.00;0.00;1440.00;0.00;1180.00;1462.33;1462.33;2634.67;2179.34;3239.34;2990.00;2350.00;2089.34;1980.00;1500.00;1030.00;1000.00;550.00;1110.00;940.00;854.67;940.00;630.00;950.00;460.00;0.00;0.00;150.00
1769443603.5219736;0.00;0.00;1249.34;240.00;0.00;624.67;1104.67;0.00;0.00;0.00;241.67;1009.34;0.00;0.00;1440.00;0.00;0.00;960.00;480.00;480.00;0.00;1440.00;0.00;1340.00;1622.33;1622.33;2714.67;2259.34;3319.34;2990.00;2350.00;2089.34;2130.00;1650.00;1180.00;1000.00;550.00;1110.00;940.00;1174.67;940.00;630.00;950.00;460.00;0.00;0.00;460.00
1769443603.5227652;0.00;0.00;1249.34;240.00;0.00;624.67;1104.67;0.00;0.00;0.00;241.67;1009.34;0.00;0.00;1440.00;0.00;0.00;960.00;480.00;480.00;0.00;1440.00;0.00;1340.00;1622.33;1622.33;2714.67;2259.34;3319.34;2990.00;2350.00;2089.34;2130.00;1650.00;1180.00;1000.00;550.00;1110.00;940.00;1174.67;940.00;630.00;950.00;460.00;0.00;0.00;460.00
1769443603.5852623;0.00;0.00;1249.34;240.00;0.00;624.67;1104.67;0.00;0.00;0.00;241.67;1249.34;0.00;0.00;1440.00;0.00;0.00;960.00;480.00;480.00;0.00;1440.00;0.00;1340.00;1622.33;1622.33;2954.67;2499.34;3559.34;2990.00;2350.00;2089.34;2130.00;1650.00;1180.00;1000.00;550.00;1110.00;940.00;1174.67;940.00;630.00;950.00;460.00;0.00;0.00;460.00
1769443603.586011;0.00;0.00;1249.34;240.00;0.00;624.67;1104.67;0.00;0.00;0.00;241.67;1249.34;0.00;0.00;1440.00;0.00;0.00;960.00;480.00;480.00;0.00;1440.00;0.00;1340.00;1622.33;1622.33;2954.67;2499.34;3559.34;2990.00;2350.00;2089.34;2130.00;1650.00;1180.00;1000.00;550.00;1110.00;940.00;1174.67;940.00;630.00;950.00;460.00;0.00;0.00;460.00
1769443604.8844666;0.00;0.00;1249.34;240.00;0.00;624.67;1104.67;0.00;0.00;0.00;97.00;1249.34;0.00;0.00;1440.00;0.00;0.00;1200.00;480.00;0.00;0.00;1440.00;0.00;1180.00;1462.33;1542.33;2564.67;2039.34;3099.34;2830.00;2190.00;1929.34;1970.00;1490.00;1020.00;1000.00;550.00;790.00;940.00;950.00;940.00;310.00;950.00;460.00;0.00;0.00;460.00
1769443604.885351;0.00;0.00;1249.34;240.00;0.00;624.67;1104.67;0.00;0.00;0.00;97.00;1249.34;0.00;0.00;1440.00;0.00;0.00;1200.00;480.00;0.00;0.00;1440.00;0.00;1180.00;1462.33;1542.33;2564.67;2039.34;3099.34;2830.00;2190.00;1929.34;1970.00;1490.00;1020.00;1000.00;550.00;790.00;940.00;950.00;940.00;310.00;950.00;460.00;0.00;0.00;460.00
1769443613.095177;0.00;0.00;1249.34;240.00;0.00;624.67;1104.67;0.00;0.00;0.00;97.00;1249.34;0.00;0.00;1440.00;0.00;0.00;1200.00;480.00;0.00;0.00;1440.00;0.00;1020.00;1302.33;1392.33;2564.67;2039.34;3099.34;2830.00;2190.00;1929.34;2130.00;1650.00;860.00;1000.00;550.00;790.00;940.00;950.00;940.00;310.00;950.00;150.00;0.00;0.00;460.00
1769443613.0959597;0.00;0.00;1249.34;240.00;0.00;624.67;1104.67;0.00;0.00;0.00;97.00;1249.34;0.00;0.00;1440.00;0.00;0.00;1200.00;480.00;0.00;0.00;1440.00;0.00;1020.00;1302.33;1392.33;2564.67;2039.34;3099.34;2830.00;2190.00;1929.34;2130.00;1650.00;860.00;1000.00;550.00;790.00;940.00;950.00;940.00;310.00;950.00;150.00;0.00;0.00;460.00
1769443625.2960172;0.00;0.00;1249.34;240.00;0.00;624.67;1104.67;0.00;0.00;0.00;97.00;1249.34;240.00;0.00;1440.00;0.00;0.00;1200.00;480.00;0.00;0.00;1440.00;0.00;1020.00;1302.33;1392.33;2644.67;2199.34;3259.34;2830.00;2190.00;1929.34;2130.00;1650.00;860.00;1000.00;550.00;790.00;940.00;950.00;940.00;310.00;950.00;150.00;0.00;0.00;460.00
1769443625.2970257;0.00;0.00;1249.34;240.00;0.00;624.67;1104.67;0.00;0.00;0.00;97.00;1249.34;240.00;0.00;1440.00;0.00;0.00;1200.00;480.00;0.00;0.00;1440.00;0.00;1020.00;1302.33;1392.33;2644.67;2199.34;3259.34;2830.00;2190.00;1929.34;2130.00;1650.00;860.00;1000.00;550.00;790.00;940.00;950.00;940.00;310.00;950.00;150.00;0.00;0.00;460.00
1769443625.3621087;0.00;0.00;1249.34;240.00;0.00;624.67;1104.67;0.00;0.00;0.00;97.00;1249.34;480.00;0.00;1440.00;0.00;0.00;1200.00;480.00;0.00;0.00;1440.00;0.00;1020.00;1382.33;1472.33;2724.67;2359.34;3419.34;2830.00;2190.00;1929.34;2130.00;1650.00;860.00;1000.00;550.00;790.00;940.00;950.00;940.00;310.00;950.00;150.00;0.00;0.00;460.00
1769443625.3629506;0.00;0.00;1249.34;240.00;0.00;624.67;1104.67;0.00;0.00;0.00;97.00;1249.34;480.00;0.00;1440.00;0.00;0.00;1200.00;480.00;0.00;0.00;1440.00;0.00;1020.00;1382.33;1472.33;2724.67;2359.34;3419.34;2830.00;2190.00;1929.34;2130.00;1650.00;860.00;1000.00;550.00;790.00;940.00;950.00;940.00;310.00;950.00;150.00;0.00;0.00;460.00
1769443626.3031223;0.00;0.00;1249.34;240.00;0.00;624.67;1104.67;0.00;0.00;0.00;97.00;1249.34;720.00;0.00;1440.00;0.00;0.00;1200.00;480.00;0.00;0.00;1440.00;0.00;1020.00;1462.33;1552.33;2804.67;2519.34;3579.34;2990.00;2340.00;1929.34;2130.00;1650.00;860.00;1320.00;550.00;790.00;1250.00;950.00;940.00;310.00;950.00;150.00;0.00;0.00;460.00
1769443626.3040297;0.00;0.00;1249.34;240.00;0.00;624.67;1104.67;0.00;0.00;0.00;97.00;1249.34;720.00;0.00;1440.00;0.00;0.00;1200.00;480.00;0.00;0.00;1440.00;0.00;1020.00;1462.33;1552.33;2804.67;2519.34;3579.34;2990.00;2340.00;1929.34;2130.00;1650.00;860.00;1320.00;550.00;790.00;1250.00;950.00;940.00;310.00;950.00;150.00;0.00;0.00;460.00
1769443626.3900325;0.00;0.00;1249.34;240.00;0.00;624.67;1104.67;0.00;0.00;0.00;97.00;1249.34;960.00;0.00;1440.00;0.00;0.00;1200.00;480.00;0.00;0.00;1440.00;0.00;1020.00;1542.33;1632.33;2884.67;2679.34;3739.34;3150.00;2500.00;2079.34;2130.00;1650.00;860.00;1320.00;550.00;790.00;1570.00;950.00;940.00;310.00;950.00;150.00;0.00;0.00;460.00
1769443626.3910978;0.00;0.00;1249.34;240.00;0.00;624.67;1104.67;0.00;0.00;0.00;97.00;1249.34;960.00;0.00;1440.00;0.00;0.00;1200.00;480.00;0.00;0.00;1440.00;0.00;1020.00;1542.33;1632.33;2884.67;2679.34;3739.34;3150.00;2500.00;2079.34;2130.00;1650.00;860.00;1320.00;550.00;790.00;1570.00;950.00;940.00;310.00;950.00;150.00;0.00;0.00;460.00
1769443626.4595633;0.00;0.00;1249.34;240.00;0.00;624.67;1104.67;0.00;0.00;0.00;97.00;1249.34;1200.00;0.00;1440.00;0.00;0.00;1200.00;480.00;0.00;0.00;1440.00;0.00;1020.00;1782.33;1872.33;3124.67;2679.34;3739.34;3150.00;2500.00;2079.34;2130.00;1650.00;860.00;1320.00;550.00;790.00;1570.00;950.00;940.00;630.00;950.00;150.00;0.00;0.00;460.00
1769443626.4604673;0.00;0.00;1249.34;240.00;0.00;624.67;1104.67;0.00;0.00;0.00;97.00;1249.34;1200.00;0.00;1440.00;0.00;0.00;1200.00;480.00;0.00;0.00;1440.00;0.00;1020.00;1782.33;1872.33;3124.67;2679.34;3739.34;3150.00;2500.00;2079.34;2130.00;1650.00;860.00;1320.00;550.00;790.00;1570.00;950.00;940.00;630.00;950.00;150.00;0.00;0.00;460.00
1769443626.528781;0.00;0.00;1249.34;240.00;0.00;624.67;1104.67;0.00;0.00;0.00;97.00;1249.34;1440.00;0.00;1440.00;0.00;0.00;1200.00;480.00;0.00;0.00;1440.00;0.00;1020.00;1782.33;1872.33;3124.67;2919.34;3979.34;3390.00;2810.00;2229.34;2130.00;1650.00;860.00;1320.00;550.00;790.00;1800.00;950.00;940.00;630.00;950.00;150.00;0.00;0.00;460.00
1769443626.529638;0.00;0.00;1249.34;240.00;0.00;624.67;1104.67;0.00;0.00;0.00;97.00;1249.34;1440.00;0.00;1440.00;0.00;0.00;1200.00;480.00;0.00;0.00;1440.00;0.00;1020.00;1782.33;1872.33;3124.67;2919.34;3979.34;3390.00;2810.00;2229.34;2130.00;1650.00;860.00;1320.00;550.00;790.00;1800.00;950.00;940.00;630.00;950.00;150.00;0.00;0.00;460.00
1769443629.8997157;0.00;0.00;1009.34;240.00;0.00;624.67;1104.67;0.00;0.00;0.00;0.00;1249.34;1440.00;0.00;1440.00;0.00;0.00;0.00;480.00;0.00;240.00;1440.00;0.00;940.00;1270.00;1120.00;2280.00;2384.67;3754.67;3230.00;2810.00;2229.34;2050.00;1570.00;780.00;1320.00;550.00;790.00;1800.00;630.00;630.00;630.00;630.00;150.00;0.00;0.00;460.00
1769443629.900497;0.00;0.00;1009.34;240.00;0.00;624.67;1104.67;0.00;0.00;0.00;0.00;1249.34;1440.00;0.00;1440.00;0.00;0.00;0.00;480.00;0.00;240.00;1440.00;0.00;940.00;1270.00;1120.00;2280.00;2384.67;3754.67;3230.00;2810.00;2229.34;2050.00;1570.00;780.00;1320.00;550.00;790.00;1800.00;630.00;630.00;630.00;630.00;150.00;0.00;0.00;460.00
1769443639.904691;0.00;0.00;769.34;240.00;0.00;624.67;1104.67;0.00;0.00;0.00;0.00;1249.34;1440.00;0.00;1440.00;0.00;0.00;0.00;480.00;0.00;480.00;1440.00;0.00;940.00;1270.00;1120.00;2280.00;2384.67;3754.67;3080.00;2810.00;2379.34;2050.00;1570.00;780.00;1320.00;550.00;790.00;1800.00;630.00;630.00;630.00;630.00;150.00;0.00;0.00;460.00
1769443639.9054818;0.00;0.00;769.34;240.00;0.00;624.67;1104.67;0.00;0.00;0.00;0.00;1249.34;1440.00;0.00;1440.00;0.00;0.00;0.00;480.00;0.00;480.00;1440.00;0.00;940.00;1270.00;1120.00;2280.00;2384.67;3754.67;3080.00;2810.00;2379.34;2050.00;1570.00;780.00;1320.00;550.00;790.00;1800.00;630.00;630.00;630.00;630.00;150.00;0.00;0.00;460.00
1769443646.6886945;0.00;0.00;769.34;0.00;0.00;0.00;0.00;0.00;0.00;0.00;0.00;1106.34;1440.00;0.00;1440.00;0.00;0.00;0.00;0.00;0.00;480.00;1440.00;0.00;790.00;1110.00;960.00;1900.00;2144.67;3204.67;2530.00;1860.00;1080.00;1570.00;1570.00;780.00;1320.00;0.00;320.00;1800.00;630.00;630.00;630.00;310.00;150.00;0.00;0.00;310.00
1769443646.6893742;0.00;0.00;769.34;0.00;0.00;0.00;0.00;0.00;0.00;0.00;0.00;1106.34;1440.00;0.00;1440.00;0.00;0.00;0.00;0.00;0.00;480.00;1440.00;0.00;790.00;1110.00;960.00;1900.00;2144.67;3204.67;2530.00;1860.00;1080.00;1570.00;1570.00;780.00;1320.00;0.00;320.00;1800.00;630.00;630.00;630.00;310.00;150.00;0.00;0.00;310.00
1769443652.3204958;0.00;0.00;769.34;0.00;0.00;0.00;0.00;0.00;0.00;0.00;0.00;1106.34;1440.00;0.00;1440.00;0.00;0.00;0.00;0.00;0.00;577.00;1440.00;0.00;790.00;1110.00;960.00;1900.00;2144.67;3204.67;2690.00;2020.00;1080.00;1570.00;1570.00;780.00;1320.00;0.00;320.00;1800.00;630.00;630.00;630.00;310.00;150.00;0.00;0.00;310.00
1769443652.3212397;0.00;0.00;769.34;0.00;0.00;0.00;0.00;0.00;0.00;0.00;0.00;1106.34;1440.00;0.00;1440.00;0.00;0.00;0.00;0.00;0.00;577.00;1440.00;0.00;790.00;1110.00;960.00;1900.00;2144.67;3204.67;2690.00;2020.00;1080.00;1570.00;1570.00;780.00;1320.00;0.00;320.00;1800.00;630.00;630.00;630.00;310.00;150.00;0.00;0.00;310.00
1769443652.3881612;0.00;0.00;769.34;0.00;0.00;0.00;0.00;0.00;0.00;0.00;0.00;1106.34;1440.00;0.00;1440.00;0.00;0.00;0.00;0.00;0.00;674.00;1440.00;0.00;790.00;1110.00;960.00;1900.00;2144.67;3204.67;2850.00;2180.00;1080.00;1570.00;1570.00;780.00;1320.00;0.00;320.00;1800.00;630.00;630.00;630.00;310.00;150.00;0.00;0.00;310.00
1769443652.3889267;0.00;0.00;769.34;0.00;0.00;0.00;0.00;0.00;0.00;0.00;0.00;1106.34;1440.00;0.00;1440.00;0.00;0.00;0.00;0.00;0.00;674.00;1440.00;0.00;790.00;1110.00;960.00;1900.00;2144.67;3204.67;2850.00;2180.00;1080.00;1570.00;1570.00;780.00;1320.00;0.00;320.00;1800.00;630.00;630.00;630.00;310.00;150.00;0.00;0.00;310.00
1769443652.451334;0.00;0.00;769.34;0.00;0.00;0.00;0.00;0.00;0.00;0.00;0.00;1106.34;1440.00;0.00;1440.00;0.00;0.00;0.00;0.00;0.00;818.67;1440.00;0.00;790.00;1110.00;960.00;1900.00;2144.67;3204.67;2994.67;2420.00;1390.00;1570.00;1570.00;780.00;1320.00;0.00;320.00;1800.00;630.00;630.00;630.00;310.00;150.00;0.00;0.00;310.00
1769443652.4520726;0.00;0.00;769.34;0.00;0.00;0.00;0.00;0.00;0.00;0.00;0.00;1106.34;1440.00;0.00;1440.00;0.00;0.00;0.00;0.00;0.00;818.67;1440.00;0.00;790.00;1110.00;960.00;1900.00;2144.67;3204.67;2994.67;2420.00;1390.00;1570.00;1570.00;780.00;1320.00;0.00;320.00;1800.00;630.00;630.00;630.00;310.00;150.00;0.00;0.00;310.00
1769443652.5149758;0.00;0.00;769.34;0.00;0.00;0.00;0.00;0.00;0.00;0.00;0.00;1106.34;1440.00;0.00;1440.00;0.00;0.00;0.00;0.00;0.00;963.34;1440.00;0.00;790.00;1110.00;960.00;1900.00;2144.67;3204.67;3139.34;2730.00;1550.00;1570.00;1570.00;780.00;1320.00;0.00;320.00;1800.00;630.00;630.00;630.00;310.00;150.00;0.00;0.00;310.00
1769443652.515791;0.00;0.00;769.34;0.00;0.00;0.00;0.00;0.00;0.00;0.00;0.00;1106.34;1440.00;0.00;1440.00;0.00;0.00;0.00;0.00;0.00;963.34;1440.00;0.00;790.00;1110.00;960.00;1900.00;2144.67;3204.67;3139.34;2730.00;1550.00;1570.00;1570.00;780.00;1320.00;0.00;320.00;1800.00;630.00;630.00;630.00;310.00;150.00;0.00;0.00;310.00
1769443652.5778508;0.00;0.00;769.34;0.00;0.00;0.00;0.00;0.00;0.00;0.00;0.00;1106.34;1440.00;0.00;1440.00;0.00;0.00;0.00;0.00;0.00;1108.01;1440.00;0.00;790.00;1110.00;960.00;1900.00;2144.67;3204.67;3284.01;3040.00;1710.00;1570.00;1570.00;780.00;1320.00;0.00;320.00;1800.00;630.00;630.00;630.00;310.00;150.00;0.00;0.00;310.00
1769443652.5785534;0.00;0.00;769.34;0.00;0.00;0.00;0.00;0.00;0.00;0.00;0.00;1106.34;1440.00;0.00;1440.00;0.00;0.00;0.00;0.00;0.00;1108.01;1440.00;0.00;790.00;1110.00;960.00;1900.00;2144.67;3204.67;3284.01;3040.00;1710.00;1570.00;1570.00;780.00;1320.00;0.00;320.00;1800.00;630.00;630.00;630.00;310.00;150.00;0.00;0.00;310.00
1769443652.6400995;0.00;0.00;769.34;0.00;0.00;0.00;0.00;0.00;0.00;0.00;0.00;1106.34;1440.00;0.00;1440.00;0.00;0.00;0.00;0.00;0.00;1252.68;1440.00;0.00;790.00;1110.00;960.00;1900.00;2144.67;3204.67;3428.68;3280.00;2020.00;1570.00;1570.00;780.00;1320.00;0.00;320.00;1800.00;630.00;630.00;630.00;310.00;150.00;0.00;0.00;310.00
1769443652.6408126;0.00;0.00;769.34;0.00;0.00;0.00;0.00;0.00;0.00;0.00;0.00;1106.34;1440.00;0.00;1440.00;0.00;0.00;0.00;0.00;0.00;1252.68;1440.00;0.00;790.00;1110.00;960.00;1900.00;2144.67;3204.67;3428.68;3280.00;2020.00;1570.00;1570.00;780.00;1320.00;0.00;320.00;1800.00;630.00;630.00;630.00;310.00;150.00;0.00;0.00;310.00
1769443654.9152002;0.00;144.67;769.34;0.00;0.00;0.00;0.00;0.00;0.00;0.00;0.00;1106.34;1440.00;0.00;720.00;0.00;0.00;0.00;0.00;0.00;1252.68;1440.00;0.00;790.00;1110.00;960.00;1750.00;1984.67;2574.67;3108.68;2980.00;2084.67;1570.00;1570.00;780.00;860.00;0.00;320.00;1490.00;630.00;630.00;630.00;310.00;150.00;0.00;0.00;310.00
1769443654.9159284;0.00;144.67;769.34;0.00;0.00;0.00;0.00;0.00;0.00;0.00;0.00;1106.34;1440.00;0.00;720.00;0.00;0.00;0.00;0.00;0.00;1252.68;1440.00;0.00;790.00;1110.00;960.00;1750.00;1984.67;2574.67;3108.68;2980.00;2084.67;1570.00;1570.00;780.00;860.00;0.00;320.00;1490.00;630.00;630.00;630.00;310.00;150.00;0.00;0.00;310.00
1769443654.9702413;0.00;289.34;769.34;0.00;0.00;0.00;0.00;0.00;0.00;0.00;0.00;1106.34;1440.00;0.00;720.00;0.00;0.00;0.00;0.00;0.00;1252.68;1440.00;0.00;790.00;1110.00;960.00;1750.00;1984.67;2574.67;3108.68;2980.00;2149.34;1570.00;1570.00;780.00;860.00;0.00;320.00;1490.00;630.00;630.00;630.00;310.00;150.00;0.00;0.00;310.00
1769443654.971045;0.00;289.34;769.34;0.00;0.00;0.00;0.00;0.00;0.00;0.00;0.00;1106.34;1440.00;0.00;720.00;0.00;0.00;0.00;0.00;0.00;1252.68;1440.00;0.00;790.00;1110.00;960.00;1750.00;1984.67;2574.67;3108.68;2980.00;2149.34;1570.00;1570.00;780.00;860.00;0.00;320.00;1490.00;630.00;630.00;630.00;310.00;150.00;0.00;0.00;310.00
1769443655.0275843;0.00;434.01;769.34;0.00;0.00;0.00;0.00;0.00;0.00;0.00;0.00;1106.34;1440.00;0.00;720.00;0.00;0.00;0.00;0.00;0.00;1252.68;1440.00;0.00;790.00;1110.00;960.00;1750.00;1984.67;2574.67;3108.68;2980.00;2214.01;1570.00;1570.00;780.00;860.00;0.00;320.00;1490.00;630.00;630.00;630.00;310.00;150.00;0.00;0.00;310.00
1769443655.0285084;0.00;434.01;769.34;0.00;0.00;0.00;0.00;0.00;0.00;0.00;0.00;1106.34;1440.00;0.00;720.00;0.00;0.00;0.00;0.00;0.00;1252.68;1440.00;0.00;790.00;1110.00;960.00;1750.00;1984.67;2574.67;3108.68;2980.00;2214.01;1570.00;1570.00;780.00;860.00;0.00;320.00;1490.00;630.00;630.00;630.00;310.00;150.00;0.00;0.00;310.00
1769443659.9188385;0.00;578.68;769.34;0.00;0.00;0.00;0.00;0.00;0.00;0.00;0.00;1106.34;1440.00;0.00;480.00;0.00;0.00;0.00;0.00;0.00;1252.68;1440.00;0.00;790.00;1110.00;960.00;1750.00;1984.67;2274.67;3108.68;3290.00;2438.68;1570.00;1570.00;780.00;860.00;0.00;320.00;1490.00;630.00;630.00;630.00;0.00;150.00;0.00;0.00;310.00
1769443659.9195669;0.00;578.68;769.34;0.00;0.00;0.00;0.00;0.00;0.00;0.00;0.00;1106.34;1440.00;0.00;480.00;0.00;0.00;0.00;0.00;0.00;1252.68;1440.00;0.00;790.00;1110.00;960.00;1750.00;1984.67;2274.67;3108.68;3290.00;2438.68;1570.00;1570.00;780.00;860.00;0.00;320.00;1490.00;630.00;630.00;630.00;0.00;150.00;0.00;0.00;310.00
1769443664.9266872;0.00;578.68;289.34;0.00;0.00;0.00;0.00;0.00;0.00;0.00;0.00;1106.34;1440.00;0.00;240.00;97.00;0.00;0.00;0.00;0.00;1252.68;240.00;0.00;470.00;1030.00;880.00;1510.00;2017.00;2109.34;2328.68;2900.00;2268.68;690.00;690.00;460.00;544.67;0.00;0.00;1180.00;320.00;310.00;320.00;0.00;310.00;0.00;0.00;310.00
1769443664.9273653;0.00;578.68;289.34;0.00;0.00;0.00;0.00;0.00;0.00;0.00;0.00;1106.34;1440.00;0.00;240.00;97.00;0.00;0.00;0.00;0.00;1252.68;240.00;0.00;470.00;1030.00;880.00;1510.00;2017.00;2109.34;2328.68;2900.00;2268.68;690.00;690.00;460.00;544.67;0.00;0.00;1180.00;320.00;310.00;320.00;0.00;310.00;0.00;0.00;310.00
1769443664.981539;0.00;723.35;289.34;0.00;0.00;0.00;0.00;0.00;0.00;0.00;0.00;1106.34;1440.00;0.00;240.00;97.00;0.00;0.00;0.00;0.00;1252.68;240.00;0.00;470.00;1030.00;880.00;1510.00;2017.00;2109.34;2328.68;2900.00;2573.35;690.00;690.00;460.00;544.67;0.00;310.00;1180.00;320.00;310.00;320.00;0.00;310.00;0.00;0.00;310.00
1769443664.982212;0.00;723.35;289.34;0.00;0.00;0.00;0.00;0.00;0.00;0.00;0.00;1106.34;1440.00;0.00;240.00;97.00;0.00;0.00;0.00;0.00;1252.68;240.00;0.00;470.00;1030.00;880.00;1510.00;2017.00;2109.34;2328.68;2900.00;2573.35;690.00;690.00;460.00;544.67;0.00;310.00;1180.00;320.00;310.00;320.00;0.00;310.00;0.00;0.00;310.00
1769443665.0372374;0.00;868.02;289.34;0.00;0.00;0.00;0.00;0.00;0.00;0.00;0.00;1106.34;1440.00;0.00;240.00;97.00;0.00;0.00;0.00;0.00;1252.68;240.00;0.00;470.00;1030.00;880.00;1510.00;2017.00;2109.34;2328.68;2900.00;2878.02;690.00;690.00;460.00;544.67;320.00;620.00;1180.00;320.00;310.00;320.00;0.00;310.00;0.00;0.00;310.00
1769443665.0379152;0.00;868.02;289.34;0.00;0.00;0.00;0.00;0.00;0.00;0.00;0.00;1106.34;1440.00;0.00;240.00;97.00;0.00;0.00;0.00;0.00;1252.68;240.00;0.00;470.00;1030.00;880.00;1510.00;2017.00;2109.34;2328.68;2900.00;2878.02;690.00;690.00;460.00;544.67;320.00;620.00;1180.00;320.00;310.00;320.00;0.00;310.00;0.00;0.00;310.00
1769443674.339161;0.00;868.02;289.34;0.00;0.00;0.00;144.67;0.00;0.00;0.00;0.00;1106.34;1440.00;0.00;240.00;97.00;0.00;0.00;0.00;0.00;1252.68;0.00;0.00;470.00;1030.00;880.00;1510.00;2017.00;2419.34;2488.68;3060.00;2798.02;450.00;450.00;460.00;544.67;320.00;620.00;1180.00;320.00;310.00;320.00;310.00;310.00;0.00;0.00;310.00
1769443674.3398519;0.00;868.02;289.34;0.00;0.00;0.00;144.67;0.00;0.00;0.00;0.00;1106.34;1440.00;0.00;240.00;97.00;0.00;0.00;0.00;0.00;1252.68;0.00;0.00;470.00;1030.00;880.00;1510.00;2017.00;2419.34;2488.68;3060.00;2798.02;450.00;450.00;460.00;544.67;320.00;620.00;1180.00;320.00;310.00;320.00;310.00;310.00;0.00;0.00;310.00
1769443674.4023893;0.00;868.02;289.34;0.00;0.00;0.00;289.34;0.00;0.00;0.00;0.00;1106.34;1440.00;0.00;240.00;97.00;0.00;0.00;0.00;0.00;1252.68;0.00;0.00;470.00;1030.00;880.00;1510.00;2017.00;2419.34;2638.68;3450.00;3022.69;450.00;450.00;460.00;544.67;320.00;940.00;1180.00;320.00;310.00;320.00;310.00;310.00;0.00;0.00;310.00
1769443674.4030604;0.00;868.02;289.34;0.00;0.00;0.00;289.34;0.00;0.00;0.00;0.00;1106.34;1440.00;0.00;240.00;97.00;0.00;0.00;0.00;0.00;1252.68;0.00;0.00;470.00;1030.00;880.00;1510.00;2017.00;2419.34;2638.68;3450.00;3022.69;450.00;450.00;460.00;544.67;320.00;940.00;1180.00;320.00;310.00;320.00;310.00;310.00;0.00;0.00;310.00
1769443674.4673254;0.00;868.02;289.34;0.00;0.00;0.00;434.01;0.00;0.00;0.00;0.00;1106.34;1440.00;0.00;240.00;97.00;0.00;0.00;0.00;0.00;1252.68;0.00;0.00;470.00;1030.00;880.00;1510.00;2017.00;2419.34;2938.68;3690.00;3022.69;450.00;450.00;460.00;544.67;320.00;940.00;1180.00;320.00;310.00;320.00;310.00;310.00;0.00;0.00;310.00
1769443674.4681313;0.00;868.02;289.34;0.00;0.00;0.00;434.01;0.00;0.00;0.00;0.00;1106.34;1440.00;0.00;240.00;97.00;0.00;0.00;0.00;0.00;1252.68;0.00;0.00;470.00;1030.00;880.00;1510.00;2017.00;2419.34;2938.68;3690.00;3022.69;450.00;450.00;460.00;544.67;320.00;940.00;1180.00;320.00;310.00;320.00;310.00;310.00;0.00;0.00;310.00
1769443675.515693;0.00;868.02;289.34;0.00;0.00;0.00;578.68;0.00;0.00;0.00;0.00;1106.34;1440.00;0.00;240.00;97.00;0.00;0.00;0.00;0.00;1252.68;0.00;0.00;470.00;1030.00;880.00;1660.00;2167.00;2579.34;3098.68;3850.00;3172.69;450.00;450.00;460.00;544.67;320.00;1170.00;1180.00;320.00;310.00;320.00;620.00;310.00;0.00;0.00;310.00
1769443675.5165458;0.00;868.02;289.34;0.00;0.00;0.00;578.68;0.00;0.00;0.00;0.00;1106.34;1440.00;0.00;240.00;97.00;0.00;0.00;0.00;0.00;1252.68;0.00;0.00;470.00;1030.00;880.00;1660.00;2167.00;2579.34;3098.68;3850.00;3172.69;450.00;450.00;460.00;544.67;320.00;1170.00;1180.00;320.00;310.00;320.00;620.00;310.00;0.00;0.00;310.00
1769443675.5879705;0.00;289.34;0.00;0.00;0.00;97.00;578.68;0.00;0.00;0.00;0.00;1106.34;1440.00;0.00;240.00;97.00;0.00;0.00;0.00;0.00;772.68;0.00;0.00;320.00;880.00;880.00;1660.00;1942.33;2354.67;2388.68;3460.00;2231.01;300.00;300.00;310.00;544.67;0.00;550.00;860.00;320.00;310.00;320.00;620.00;160.00;0.00;0.00;310.00
1769443675.5887394;0.00;289.34;0.00;0.00;0.00;97.00;578.68;0.00;0.00;0.00;0.00;1106.34;1440.00;0.00;240.00;97.00;0.00;0.00;0.00;0.00;772.68;0.00;0.00;320.00;880.00;880.00;1660.00;1942.33;2354.67;2388.68;3460.00;2231.01;300.00;300.00;310.00;544.67;0.00;550.00;860.00;320.00;310.00;320.00;620.00;160.00;0.00;0.00;310.00
1769443675.6513562;0.00;289.34;0.00;0.00;0.00;194.00;578.68;0.00;0.00;0.00;0.00;1106.34;1440.00;0.00;240.00;97.00;0.00;0.00;0.00;0.00;772.68;0.00;0.00;320.00;880.00;880.00;1660.00;1942.33;2354.67;2388.68;3460.00;2328.01;300.00;300.00;310.00;544.67;0.00;550.00;860.00;320.00;310.00;320.00;620.00;160.00;0.00;0.00;310.00
1769443675.6520438;0.00;289.34;0.00;0.00;0.00;194.00;578.68;0.00;0.00;0.00;0.00;1106.34;1440.00;0.00;240.00;97.00;0.00;0.00;0.00;0.00;772.68;0.00;0.00;320.00;880.00;880.00;1660.00;1942.33;2354.67;2388.68;3460.00;2328.01;300.00;300.00;310.00;544.67;0.00;550.00;860.00;320.00;310.00;320.00;620.00;160.00;0.00;0.00;310.00
1769443675.7100472;0.00;386.34;0.00;0.00;0.00;194.00;578.68;0.00;0.00;0.00;0.00;1106.34;1440.00;0.00;240.00;97.00;0.00;0.00;0.00;0.00;772.68;0.00;0.00;320.00;880.00;880.00;1660.00;1942.33;2354.67;2388.68;3460.00;3060.34;620.00;300.00;310.00;544.67;0.00;860.00;860.00;320.00;310.00;320.00;620.00;160.00;0.00;0.00;310.00
1769443675.710833;0.00;386.34;0.00;0.00;0.00;194.00;578.68;0.00;0.00;0.00;0.00;1106.34;1440.00;0.00;240.00;97.00;0.00;0.00;0.00;0.00;772.68;0.00;0.00;320.00;880.00;880.00;1660.00;1942.33;2354.67;2388.68;3460.00;3060.34;620.00;300.00;310.00;544.67;0.00;860.00;860.00;320.00;310.00;320.00;620.00;160.00;0.00;0.00;310.00
1769443675.7788851;0.00;386.34;0.00;0.00;0.00;194.00;723.35;0.00;0.00;0.00;0.00;1106.34;1440.00;0.00;240.00;97.00;0.00;0.00;0.00;0.00;772.68;0.00;0.00;320.00;880.00;880.00;1660.00;1942.33;2354.67;2698.68;3700.00;3060.34;620.00;300.00;310.00;544.67;0.00;860.00;1180.00;320.00;310.00;320.00;620.00;160.00;0.00;0.00;310.00
1769443675.7795684;0.00;386.34;0.00;0.00;0.00;194.00;723.35;0.00;0.00;0.00;0.00;1106.34;1440.00;0.00;240.00;97.00;0.00;0.00;0.00;0.00;772.68;0.00;0.00;320.00;880.00;880.00;1660.00;1942.33;2354.67;2698.68;3700.00;3060.34;620.00;300.00;310.00;544.67;0.00;860.00;1180.00;320.00;310.00;320.00;620.00;160.00;0.00;0.00;310.00
1769443675.8449156;0.00;386.34;0.00;0.00;0.00;194.00;868.02;0.00;0.00;0.00;0.00;1106.34;1440.00;0.00;240.00;97.00;0.00;0.00;0.00;0.00;772.68;0.00;0.00;480.00;880.00;880.00;1660.00;1942.33;2354.67;2848.68;3780.00;3220.34;780.00;460.00;470.00;544.67;0.00;860.00;1180.00;320.00;310.00;320.00;620.00;160.00;0.00;320.00;310.00
1769443675.8456364;0.00;386.34;0.00;0.00;0.00;194.00;868.02;0.00;0.00;0.00;0.00;1106.34;1440.00;0.00;240.00;97.00;0.00;0.00;0.00;0.00;772.68;0.00;0.00;480.00;880.00;880.00;1660.00;1942.33;2354.67;2848.68;3780.00;3220.34;780.00;460.00;470.00;544.67;0.00;860.00;1180.00;320.00;310.00;320.00;620.00;160.00;0.00;320.00;310.00
1769443676.862844;0.00;289.34;0.00;0.00;0.00;194.00;820.35;0.00;0.00;0.00;0.00;866.34;1440.00;0.00;240.00;97.00;0.00;0.00;0.00;0.00;772.68;0.00;0.00;320.00;720.00;720.00;1580.00;1862.33;2274.67;2698.68;3700.00;2750.34;310.00;310.00;310.00;544.67;0.00;550.00;1180.00;320.00;310.00;320.00;620.00;160.00;0.00;0.00;310.00
1769443676.8635128;0.00;289.34;0.00;0.00;0.00;194.00;820.35;0.00;0.00;0.00;0.00;866.34;1440.00;0.00;240.00;97.00;0.00;0.00;0.00;0.00;772.68;0.00;0.00;320.00;720.00;720.00;1580.00;1862.33;2274.67;2698.68;3700.00;2750.34;310.00;310.00;310.00;544.67;0.00;550.00;1180.00;320.00;310.00;320.00;620.00;160.00;0.00;0.00;310.00
1769443676.9233463;0.00;289.34;0.00;0.00;0.00;194.00;820.35;0.00;0.00;0.00;0.00;1011.01;1440.00;0.00;240.00;97.00;0.00;0.00;0.00;0.00;772.68;0.00;0.00;320.00;784.67;784.67;1660.00;1942.33;2424.67;2698.68;3700.00;2750.34;310.00;310.00;310.00;544.67;0.00;550.00;1180.00;320.00;310.00;320.00;620.00;160.00;0.00;0.00;310.00
1769443676.9239755;0.00;289.34;0.00;0.00;0.00;194.00;820.35;0.00;0.00;0.00;0.00;1011.01;1440.00;0.00;240.00;97.00;0.00;0.00;0.00;0.00;772.68;0.00;0.00;320.00;784.67;784.67;1660.00;1942.33;2424.67;2698.68;3700.00;2750.34;310.00;310.00;310.00;544.67;0.00;550.00;1180.00;320.00;310.00;320.00;620.00;160.00;0.00;0.00;310.00
1769443680.5963025;0.00;289.34;0.00;0.00;0.00;194.00;820.35;0.00;0.00;0.00;0.00;1155.68;1200.00;0.00;0.00;97.00;0.00;0.00;0.00;0.00;772.68;0.00;0.00;320.00;769.34;769.34;1510.00;1702.33;2264.67;2538.68;3550.00;2750.34;310.00;310.00;310.00;224.67;0.00;550.00;870.00;320.00;0.00;630.00;620.00;160.00;0.00;0.00;310.00
1769443680.5969818;0.00;289.34;0.00;0.00;0.00;194.00;820.35;0.00;0.00;0.00;0.00;1155.68;1200.00;0.00;0.00;97.00;0.00;0.00;0.00;0.00;772.68;0.00;0.00;320.00;769.34;769.34;1510.00;1702.33;2264.67;2538.68;3550.00;2750.34;310.00;310.00;310.00;224.67;0.00;550.00;870.00;320.00;0.00;630.00;620.00;160.00;0.00;0.00;310.00
1769443680.6580608;0.00;289.34;0.00;0.00;0.00;194.00;820.35;0.00;0.00;0.00;0.00;1155.68;1200.00;144.67;0.00;97.00;0.00;0.00;0.00;0.00;772.68;0.00;0.00;480.00;849.34;849.34;1740.00;1702.33;2264.67;2538.68;3550.00;2750.34;460.00;470.00;470.00;224.67;0.00;550.00;870.00;320.00;0.00;854.67;620.00;160.00;310.00;0.00;310.00
1769443680.6586747;0.00;289.34;0.00;0.00;0.00;194.00;820.35;0.00;0.00;0.00;0.00;1155.68;1200.00;144.67;0.00;97.00;0.00;0.00;0.00;0.00;772.68;0.00;0.00;480.00;849.34;849.34;1740.00;1702.33;2264.67;2538.68;3550.00;2750.34;460.00;470.00;470.00;224.67;0.00;550.00;870.00;320.00;0.00;854.67;620.00;160.00;310.00;0.00;310.00
1769443683.0018873;0.00;289.34;0.00;0.00;0.00;194.00;820.35;0.00;0.00;0.00;0.00;1155.68;1200.00;144.67;0.00;97.00;0.00;0.00;0.00;0.00;772.68;0.00;0.00;400.00;929.34;929.34;1670.00;1862.33;2424.67;2538.68;3550.00;2750.34;390.00;390.00;390.00;224.67;230.00;550.00;870.00;320.00;320.00;854.67;620.00;160.00;0.00;0.00;310.00
1769443683.0025737;0.00;289.34;0.00;0.00;0.00;194.00;820.35;0.00;0.00;0.00;0.00;1155.68;1200.00;144.67;0.00;97.00;0.00;0.00;0.00;0.00;772.68;0.00;0.00;400.00;929.34;929.34;1670.00;1862.33;2424.67;2538.68;3550.00;2750.34;390.00;390.00;390.00;224.67;230.00;550.00;870.00;320.00;320.00;854.67;620.00;160.00;0.00;0.00;310.00
1769443689.3792076;0.00;0.00;0.00;0.00;0.00;0.00;820.35;0.00;0.00;97.00;0.00;1155.68;1200.00;0.00;0.00;0.00;0.00;0.00;0.00;0.00;772.68;0.00;0.00;320.00;689.34;689.34;1430.00;1670.00;2200.00;2378.68;3177.00;2357.00;310.00;310.00;310.00;0.00;0.00;550.00;870.00;320.00;0.00;630.00;620.00;0.00;0.00;0.00;310.00
1769443689.3799462;0.00;0.00;0.00;0.00;0.00;0.00;820.35;0.00;0.00;97.00;0.00;1155.68;1200.00;0.00;0.00;0.00;0.00;0.00;0.00;0.00;772.68;0.00;0.00;320.00;689.34;689.34;1430.00;1670.00;2200.00;2378.68;3177.00;2357.00;310.00;310.00;310.00;0.00;0.00;550.00;870.00;320.00;0.00;630.00;620.00;0.00;0.00;0.00;310.00
1769443689.446482;0.00;0.00;0.00;0.00;0.00;0.00;820.35;0.00;0.00;194.00;0.00;1155.68;1200.00;0.00;0.00;0.00;0.00;0.00;0.00;0.00;772.68;0.00;0.00;320.00;689.34;689.34;1430.00;1670.00;2200.00;2411.01;3241.67;2517.00;310.00;310.00;310.00;0.00;0.00;550.00;870.00;320.00;0.00;630.00;620.00;0.00;0.00;0.00;310.00
1769443689.4471595;0.00;0.00;0.00;0.00;0.00;0.00;820.35;0.00;0.00;194.00;0.00;1155.68;1200.00;0.00;0.00;0.00;0.00;0.00;0.00;0.00;772.68;0.00;0.00;320.00;689.34;689.34;1430.00;1670.00;2200.00;2411.01;3241.67;2517.00;310.00;310.00;310.00;0.00;0.00;550.00;870.00;320.00;0.00;630.00;620.00;0.00;0.00;0.00;310.00
1769443689.5147045;0.00;0.00;0.00;0.00;0.00;0.00;820.35;0.00;0.00;291.00;0.00;1155.68;1200.00;0.00;0.00;0.00;0.00;0.00;0.00;0.00;772.68;0.00;0.00;320.00;689.34;689.34;1430.00;1670.00;2200.00;2475.68;3274.00;2597.00;310.00;310.00;310.00;0.00;0.00;550.00;870.00;320.00;0.00;630.00;620.00;0.00;0.00;0.00;310.00
1769443689.5153613;0.00;0.00;0.00;0.00;0.00;0.00;820.35;0.00;0.00;291.00;0.00;1155.68;1200.00;0.00;0.00;0.00;0.00;0.00;0.00;0.00;772.68;0.00;0.00;320.00;689.34;689.34;1430.00;1670.00;2200.00;2475.68;3274.00;2597.00;310.00;310.00;310.00;0.00;0.00;550.00;870.00;320.00;0.00;630.00;620.00;0.00;0.00;0.00;310.00
1769443689.579572;0.00;0.00;0.00;0.00;0.00;0.00;820.35;0.00;0.00;435.67;0.00;1155.68;1200.00;0.00;0.00;0.00;0.00;0.00;0.00;0.00;772.68;0.00;0.00;320.00;689.34;689.34;1430.00;1670.00;2520.00;2850.35;3424.00;2597.00;310.00;310.00;310.00;0.00;0.00;550.00;870.00;320.00;0.00;630.00;940.00;0.00;0.00;0.00;310.00
1769443689.5802112;0.00;0.00;0.00;0.00;0.00;0.00;820.35;0.00;0.00;435.67;0.00;1155.68;1200.00;0.00;0.00;0.00;0.00;0.00;0.00;0.00;772.68;0.00;0.00;320.00;689.34;689.34;1430.00;1670.00;2520.00;2850.35;3424.00;2597.00;310.00;310.00;310.00;0.00;0.00;550.00;870.00;320.00;0.00;630.00;940.00;0.00;0.00;0.00;310.00
1769443689.64456;0.00;0.00;0.00;0.00;0.00;0.00;820.35;0.00;0.00;580.34;0.00;1155.68;1200.00;0.00;0.00;0.00;0.00;0.00;0.00;0.00;772.68;0.00;0.00;320.00;689.34;689.34;1430.00;1670.00;2520.00;2850.35;3654.00;2747.00;310.00;310.00;310.00;0.00;0.00;550.00;870.00;320.00;0.00;630.00;940.00;0.00;0.00;0.00;310.00
1769443689.6453335;0.00;0.00;0.00;0.00;0.00;0.00;820.35;0.00;0.00;580.34;0.00;1155.68;1200.00;0.00;0.00;0.00;0.00;0.00;0.00;0.00;772.68;0.00;0.00;320.00;689.34;689.34;1430.00;1670.00;2520.00;2850.35;3654.00;2747.00;310.00;310.00;310.00;0.00;0.00;550.00;870.00;320.00;0.00;630.00;940.00;0.00;0.00;0.00;310.00
1769443689.7080097;0.00;0.00;0.00;0.00;0.00;0.00;820.35;0.00;0.00;725.01;0.00;1155.68;1200.00;0.00;0.00;0.00;0.00;0.00;0.00;0.00;772.68;0.00;0.00;320.00;689.34;689.34;1430.00;1670.00;2520.00;2850.35;3798.67;3057.00;310.00;310.00;310.00;0.00;0.00;550.00;870.00;320.00;0.00;630.00;940.00;0.00;0.00;0.00;310.00
1769443689.7086995;0.00;0.00;0.00;0.00;0.00;0.00;820.35;0.00;0.00;725.01;0.00;1155.68;1200.00;0.00;0.00;0.00;0.00;0.00;0.00;0.00;772.68;0.00;0.00;320.00;689.34;689.34;1430.00;1670.00;2520.00;2850.35;3798.67;3057.00;310.00;310.00;310.00;0.00;0.00;550.00;870.00;320.00;0.00;630.00;940.00;0.00;0.00;0.00;310.00
1769443690.6018314;0.00;0.00;0.00;0.00;0.00;0.00;820.35;0.00;0.00;725.01;0.00;1300.35;960.00;0.00;0.00;0.00;0.00;0.00;0.00;0.00;772.68;0.00;0.00;320.00;689.34;689.34;1414.67;1574.67;2424.67;2850.35;3798.67;3057.00;310.00;310.00;310.00;224.67;0.00;550.00;550.00;320.00;0.00;630.00;940.00;0.00;0.00;0.00;310.00
1769443690.6025238;0.00;0.00;0.00;0.00;0.00;0.00;820.35;0.00;0.00;725.01;0.00;1300.35;960.00;0.00;0.00;0.00;0.00;0.00;0.00;0.00;772.68;0.00;0.00;320.00;689.34;689.34;1414.67;1574.67;2424.67;2850.35;3798.67;3057.00;310.00;310.00;310.00;224.67;0.00;550.00;550.00;320.00;0.00;630.00;940.00;0.00;0.00;0.00;310.00
1769443695.6103961;0.00;0.00;0.00;0.00;0.00;0.00;820.35;0.00;0.00;725.01;0.00;1445.02;480.00;0.00;0.00;0.00;0.00;0.00;0.00;0.00;772.68;0.00;0.00;480.00;514.01;514.01;1094.67;1414.67;2264.67;2850.35;3798.67;3057.00;470.00;470.00;470.00;224.67;0.00;550.00;550.00;320.00;0.00;310.00;940.00;0.00;0.00;0.00;310.00
1769443695.6110804;0.00;0.00;0.00;0.00;0.00;0.00;820.35;0.00;0.00;725.01;0.00;1445.02;480.00;0.00;0.00;0.00;0.00;0.00;0.00;0.00;772.68;0.00;0.00;480.00;514.01;514.01;1094.67;1414.67;2264.67;2850.35;3798.67;3057.00;470.00;470.00;470.00;224.67;0.00;550.00;550.00;320.00;0.00;310.00;940.00;0.00;0.00;0.00;310.00
1769443695.6676986;0.00;0.00;0.00;0.00;0.00;0.00;820.35;0.00;0.00;725.01;0.00;1589.69;480.00;0.00;0.00;0.00;0.00;0.00;0.00;0.00;772.68;0.00;0.00;480.00;594.01;594.01;1159.34;1574.67;2424.67;2850.35;3798.67;3057.00;470.00;470.00;470.00;224.67;0.00;550.00;550.00;320.00;224.67;310.00;940.00;0.00;0.00;0.00;310.00
1769443695.6683505;0.00;0.00;0.00;0.00;0.00;0.00;820.35;0.00;0.00;725.01;0.00;1589.69;480.00;0.00;0.00;0.00;0.00;0.00;0.00;0.00;772.68;0.00;0.00;480.00;594.01;594.01;1159.34;1574.67;2424.67;2850.35;3798.67;3057.00;470.00;470.00;470.00;224.67;0.00;550.00;550.00;320.00;224.67;310.00;940.00;0.00;0.00;0.00;310.00
1769443703.391409;0.00;0.00;144.67;0.00;0.00;0.00;820.35;0.00;0.00;725.01;0.00;1589.69;480.00;0.00;0.00;0.00;0.00;0.00;0.00;0.00;772.68;0.00;0.00;480.00;594.01;594.01;1159.34;1574.67;2734.67;3075.02;3798.67;3057.00;470.00;470.00;470.00;454.67;0.00;550.00;774.67;320.00;224.67;310.00;940.00;0.00;0.00;0.00;310.00
1769443703.3921075;0.00;0.00;144.67;0.00;0.00;0.00;820.35;0.00;0.00;725.01;0.00;1589.69;480.00;0.00;0.00;0.00;0.00;0.00;0.00;0.00;772.68;0.00;0.00;480.00;594.01;594.01;1159.34;1574.67;2734.67;3075.02;3798.67;3057.00;470.00;470.00;470.00;454.67;0.00;550.00;774.67;320.00;224.67;310.00;940.00;0.00;0.00;0.00;310.00
1769443703.4561534;0.00;0.00;289.34;0.00;0.00;0.00;820.35;0.00;0.00;725.01;0.00;1589.69;480.00;0.00;0.00;0.00;0.00;0.00;0.00;0.00;772.68;0.00;0.00;480.00;594.01;594.01;1159.34;1574.67;2734.67;3139.69;3863.34;3207.00;470.00;470.00;470.00;684.67;0.00;860.00;774.67;320.00;224.67;310.00;940.00;0.00;0.00;0.00;310.00
1769443703.456825;0.00;0.00;289.34;0.00;0.00;0.00;820.35;0.00;0.00;725.01;0.00;1589.69;480.00;0.00;0.00;0.00;0.00;0.00;0.00;0.00;772.68;0.00;0.00;480.00;594.01;594.01;1159.34;1574.67;2734.67;3139.69;3863.34;3207.00;470.00;470.00;470.00;684.67;0.00;860.00;774.67;320.00;224.67;310.00;940.00;0.00;0.00;0.00;310.00
1769443703.5215108;0.00;0.00;434.01;0.00;0.00;0.00;820.35;0.00;0.00;725.01;0.00;1589.69;480.00;0.00;0.00;0.00;0.00;0.00;0.00;0.00;772.68;0.00;0.00;480.00;594.01;594.01;1159.34;1574.67;2734.67;3364.36;3863.34;3207.00;470.00;470.00;470.00;1224.67;0.00;860.00;1094.67;320.00;224.67;310.00;940.00;0.00;0.00;0.00;310.00
1769443703.5222366;0.00;0.00;434.01;0.00;0.00;0.00;820.35;0.00;0.00;725.01;0.00;1589.69;480.00;0.00;0.00;0.00;0.00;0.00;0.00;0.00;772.68;0.00;0.00;480.00;594.01;594.01;1159.34;1574.67;2734.67;3364.36;3863.34;3207.00;470.00;470.00;470.00;1224.67;0.00;860.00;1094.67;320.00;224.67;310.00;940.00;0.00;0.00;0.00;310.00
1769443703.5931423;0.00;0.00;578.68;0.00;0.00;0.00;820.35;0.00;0.00;725.01;0.00;1589.69;480.00;0.00;0.00;0.00;0.00;0.00;0.00;0.00;772.68;0.00;0.00;480.00;594.01;594.01;1159.34;1574.67;2734.67;3589.03;3863.34;3207.00;470.00;470.00;470.00;1764.67;0.00;860.00;1319.34;320.00;224.67;310.00;940.00;0.00;0.00;0.00;310.00
1769443703.593941;0.00;0.00;578.68;0.00;0.00;0.00;820.35;0.00;0.00;725.01;0.00;1589.69;480.00;0.00;0.00;0.00;0.00;0.00;0.00;0.00;772.68;0.00;0.00;480.00;594.01;594.01;1159.34;1574.67;2734.67;3589.03;3863.34;3207.00;470.00;470.00;470.00;1764.67;0.00;860.00;1319.34;320.00;224.67;310.00;940.00;0.00;0.00;0.00;310.00
1769443704.665086;0.00;0.00;818.68;0.00;0.00;0.00;820.35;0.00;0.00;725.01;0.00;1589.69;480.00;0.00;0.00;0.00;0.00;0.00;0.00;0.00;772.68;0.00;0.00;480.00;594.01;594.01;1159.34;1574.67;2734.67;3749.03;4023.34;3367.00;470.00;470.00;470.00;1994.67;310.00;1180.00;1319.34;320.00;224.67;310.00;940.00;0.00;0.00;0.00;310.00
1769443704.6658132;0.00;0.00;818.68;0.00;0.00;0.00;820.35;0.00;0.00;725.01;0.00;1589.69;480.00;0.00;0.00;0.00;0.00;0.00;0.00;0.00;772.68;0.00;0.00;480.00;594.01;594.01;1159.34;1574.67;2734.67;3749.03;4023.34;3367.00;470.00;470.00;470.00;1994.67;310.00;1180.00;1319.34;320.00;224.67;310.00;940.00;0.00;0.00;0.00;310.00
1769443704.7345033;0.00;0.00;963.35;0.00;0.00;0.00;820.35;0.00;0.00;725.01;0.00;578.68;480.00;0.00;0.00;0.00;0.00;0.00;0.00;0.00;772.68;0.00;0.00;320.00;369.34;369.34;439.34;854.67;1874.67;3749.03;4023.34;3367.00;320.00;320.00;320.00;1994.67;310.00;1180.00;1319.34;0.00;224.67;310.00;940.00;0.00;0.00;0.00;0.00
1769443704.7352686;0.00;0.00;963.35;0.00;0.00;0.00;820.35;0.00;0.00;725.01;0.00;578.68;480.00;0.00;0.00;0.00;0.00;0.00;0.00;0.00;772.68;0.00;0.00;320.00;369.34;369.34;439.34;854.67;1874.67;3749.03;4023.34;3367.00;320.00;320.00;320.00;1994.67;310.00;1180.00;1319.34;0.00;224.67;310.00;940.00;0.00;0.00;0.00;0.00
1769443705.620025;0.00;0.00;963.35;0.00;0.00;0.00;820.35;0.00;0.00;725.01;0.00;723.35;240.00;0.00;0.00;0.00;0.00;0.00;0.00;0.00;772.68;0.00;0.00;320.00;289.34;289.34;359.34;694.67;1714.67;3749.03;4023.34;3367.00;320.00;320.00;320.00;1994.67;310.00;1180.00;1319.34;0.00;224.67;310.00;940.00;0.00;0.00;0.00;0.00
1769443705.6207836;0.00;0.00;963.35;0.00;0.00;0.00;820.35;0.00;0.00;725.01;0.00;723.35;240.00;0.00;0.00;0.00;0.00;0.00;0.00;0.00;772.68;0.00;0.00;320.00;289.34;289.34;359.34;694.67;1714.67;3749.03;4023.34;3367.00;320.00;320.00;320.00;1994.67;310.00;1180.00;1319.34;0.00;224.67;310.00;940.00;0.00;0.00;0.00;0.00
1769443715.6338093;0.00;0.00;963.35;0.00;0.00;0.00;820.35;0.00;0.00;725.01;0.00;868.02;0.00;0.00;0.00;0.00;0.00;0.00;0.00;0.00;772.68;0.00;0.00;320.00;289.34;289.34;359.34;454.67;1474.67;3509.03;3713.34;3217.00;320.00;320.00;320.00;1994.67;310.00;1180.00;1089.34;0.00;224.67;310.00;940.00;0.00;0.00;0.00;0.00
1769443715.6345289;0.00;0.00;963.35;0.00;0.00;0.00;820.35;0.00;0.00;725.01;0.00;868.02;0.00;0.00;0.00;0.00;0.00;0.00;0.00;0.00;772.68;0.00;0.00;320.00;289.34;289.34;359.34;454.67;1474.67;3509.03;3713.34;3217.00;320.00;320.00;320.00;1994.67;310.00;1180.00;1089.34;0.00;224.67;310.00;940.00;0.00;0.00;0.00;0.00
1769443722.4216232;0.00;0.00;963.35;0.00;0.00;0.00;820.35;0.00;0.00;725.01;0.00;868.02;0.00;0.00;0.00;0.00;0.00;0.00;0.00;0.00;917.35;0.00;0.00;320.00;289.34;289.34;439.34;534.67;1554.67;3509.03;3713.34;3217.00;320.00;320.00;320.00;1994.67;310.00;1180.00;1089.34;0.00;224.67;310.00;940.00;0.00;0.00;0.00;0.00
1769443722.4223247;0.00;0.00;963.35;0.00;0.00;0.00;820.35;0.00;0.00;725.01;0.00;868.02;0.00;0.00;0.00;0.00;0.00;0.00;0.00;0.00;917.35;0.00;0.00;320.00;289.34;289.34;439.34;534.67;1554.67;3509.03;3713.34;3217.00;320.00;320.00;320.00;1994.67;310.00;1180.00;1089.34;0.00;224.67;310.00;940.00;0.00;0.00;0.00;0.00
1769443722.4917479;0.00;0.00;963.35;0.00;0.00;0.00;820.35;0.00;0.00;725.01;0.00;868.02;0.00;0.00;0.00;0.00;0.00;0.00;0.00;0.00;1157.35;0.00;0.00;320.00;289.34;289.34;679.34;774.67;1794.67;3509.03;3713.34;3217.00;320.00;320.00;320.00;1994.67;310.00;1180.00;1089.34;0.00;224.67;310.00;940.00;0.00;0.00;0.00;0.00
1769443722.4924803;0.00;0.00;963.35;0.00;0.00;0.00;820.35;0.00;0.00;725.01;0.00;868.02;0.00;0.00;0.00;0.00;0.00;0.00;0.00;0.00;1157.35;0.00;0.00;320.00;289.34;289.34;679.34;774.67;1794.67;3509.03;3713.34;3217.00;320.00;320.00;320.00;1994.67;310.00;1180.00;1089.34;0.00;224.67;310.00;940.00;0.00;0.00;0.00;0.00
1769443722.560426;0.00;0.00;963.35;0.00;0.00;0.00;820.35;0.00;0.00;725.01;0.00;868.02;0.00;0.00;0.00;0.00;0.00;0.00;0.00;0.00;1397.35;0.00;0.00;320.00;289.34;289.34;919.34;1014.67;2034.67;3509.03;3713.34;3217.00;320.00;320.00;320.00;1994.67;310.00;1180.00;1089.34;0.00;224.67;310.00;940.00;0.00;0.00;0.00;0.00
1769443722.5610995;0.00;0.00;963.35;0.00;0.00;0.00;820.35;0.00;0.00;725.01;0.00;868.02;0.00;0.00;0.00;0.00;0.00;0.00;0.00;0.00;1397.35;0.00;0.00;320.00;289.34;289.34;919.34;1014.67;2034.67;3509.03;3713.34;3217.00;320.00;320.00;320.00;1994.67;310.00;1180.00;1089.34;0.00;224.67;310.00;940.00;0.00;0.00;0.00;0.00
1769443722.628471;0.00;0.00;963.35;0.00;0.00;0.00;820.35;0.00;0.00;725.01;0.00;868.02;0.00;0.00;0.00;0.00;0.00;0.00;0.00;0.00;1637.35;0.00;0.00;320.00;289.34;289.34;919.34;1014.67;2264.67;3669.03;3873.34;3367.00;320.00;320.00;320.00;1994.67;310.00;1180.00;1089.34;0.00;224.67;310.00;940.00;0.00;0.00;0.00;0.00
1769443722.6291623;0.00;0.00;963.35;0.00;0.00;0.00;820.35;0.00;0.00;725.01;0.00;868.02;0.00;0.00;0.00;0.00;0.00;0.00;0.00;0.00;1637.35;0.00;0.00;320.00;289.34;289.34;919.34;1014.67;2264.67;3669.03;3873.34;3367.00;320.00;320.00;320.00;1994.67;310.00;1180.00;1089.34;0.00;224.67;310.00;940.00;0.00;0.00;0.00;0.00
1769443722.6982293;0.00;0.00;963.35;0.00;0.00;0.00;820.35;0.00;0.00;725.01;0.00;868.02;0.00;0.00;0.00;0.00;0.00;0.00;0.00;0.00;1877.35;0.00;0.00;320.00;289.34;599.34;1229.34;1324.67;2574.67;3899.03;3873.34;3367.00;320.00;320.00;320.00;1994.67;310.00;1180.00;1319.34;0.00;224.67;310.00;940.00;310.00;0.00;0.00;0.00
1769443722.6989222;0.00;0.00;963.35;0.00;0.00;0.00;820.35;0.00;0.00;725.01;0.00;868.02;0.00;0.00;0.00;0.00;0.00;0.00;0.00;0.00;1877.35;0.00;0.00;320.00;289.34;599.34;1229.34;1324.67;2574.67;3899.03;3873.34;3367.00;320.00;320.00;320.00;1994.67;310.00;1180.00;1319.34;0.00;224.67;310.00;940.00;310.00;0.00;0.00;0.00
1769443722.7707481;0.00;0.00;963.35;0.00;0.00;0.00;820.35;0.00;0.00;725.01;0.00;868.02;0.00;0.00;0.00;0.00;0.00;0.00;0.00;0.00;1974.35;0.00;0.00;320.00;289.34;599.34;1229.34;1324.67;2894.67;4203.70;4103.34;3597.00;320.00;320.00;320.00;1994.67;540.00;1180.00;1544.01;0.00;224.67;310.00;1090.00;310.00;0.00;0.00;0.00
1769443722.7715263;0.00;0.00;963.35;0.00;0.00;0.00;820.35;0.00;0.00;725.01;0.00;868.02;0.00;0.00;0.00;0.00;0.00;0.00;0.00;0.00;1974.35;0.00;0.00;320.00;289.34;599.34;1229.34;1324.67;2894.67;4203.70;4103.34;3597.00;320.00;320.00;320.00;1994.67;540.00;1180.00;1544.01;0.00;224.67;310.00;1090.00;310.00;0.00;0.00;0.00
1769443725.6513274;0.00;0.00;963.35;0.00;0.00;0.00;434.01;0.00;144.67;628.01;0.00;868.02;0.00;0.00;0.00;0.00;0.00;0.00;0.00;0.00;1877.35;0.00;0.00;160.00;289.34;599.34;1229.34;1324.67;2584.67;3733.70;3441.01;2940.00;160.00;160.00;160.00;1994.67;540.00;860.00;1544.01;0.00;224.67;310.00;780.00;310.00;0.00;0.00;0.00
1769443725.6520534;0.00;0.00;963.35;0.00;0.00;0.00;434.01;0.00;144.67;628.01;0.00;868.02;0.00;0.00;0.00;0.00;0.00;0.00;0.00;0.00;1877.35;0.00;0.00;160.00;289.34;599.34;1229.34;1324.67;2584.67;3733.70;3441.01;2940.00;160.00;160.00;160.00;1994.67;540.00;860.00;1544.01;0.00;224.67;310.00;780.00;310.00;0.00;0.00;0.00
1769443725.715439;0.00;240.00;963.35;0.00;0.00;0.00;434.01;0.00;144.67;628.01;0.00;868.02;0.00;0.00;0.00;0.00;0.00;0.00;0.00;0.00;1877.35;0.00;0.00;160.00;289.34;599.34;1229.34;1324.67;2584.67;3733.70;3441.01;3490.00;160.00;160.00;160.00;1994.67;540.00;860.00;1544.01;0.00;224.67;310.00;780.00;310.00;0.00;0.00;0.00
1769443725.7161536;0.00;240.00;963.35;0.00;0.00;0.00;434.01;0.00;144.67;628.01;0.00;868.02;0.00;0.00;0.00;0.00;0.00;0.00;0.00;0.00;1877.35;0.00;0.00;160.00;289.34;599.34;1229.34;1324.67;2584.67;3733.70;3441.01;3490.00;160.00;160.00;160.00;1994.67;540.00;860.00;1544.01;0.00;224.67;310.00;780.00;310.00;0.00;0.00;0.00
1769443725.7793543;0.00;480.00;963.35;0.00;0.00;0.00;434.01;0.00;144.67;628.01;0.00;868.02;0.00;0.00;0.00;0.00;0.00;0.00;0.00;0.00;1877.35;0.00;0.00;240.00;289.34;599.34;1229.34;1324.67;2584.67;3733.70;3441.01;3720.00;240.00;240.00;240.00;1994.67;540.00;860.00;1544.01;0.00;224.67;310.00;780.00;310.00;0.00;0.00;0.00
1769443725.7800448;0.00;480.00;963.35;0.00;0.00;0.00;434.01;0.00;144.67;628.01;0.00;868.02;0.00;0.00;0.00;0.00;0.00;0.00;0.00;0.00;1877.35;0.00;0.00;240.00;289.34;599.34;1229.34;1324.67;2584.67;3733.70;3441.01;3720.00;240.00;240.00;240.00;1994.67;540.00;860.00;1544.01;0.00;224.67;310.00;780.00;310.00;0.00;0.00;0.00
1769443725.8416243;0.00;720.00;963.35;0.00;0.00;0.00;434.01;0.00;144.67;628.01;0.00;868.02;0.00;0.00;0.00;0.00;0.00;0.00;0.00;0.00;1877.35;0.00;0.00;320.00;289.34;599.34;1229.34;1324.67;2584.67;3733.70;3441.01;3950.00;320.00;320.00;320.00;1994.67;540.00;1170.00;1544.01;0.00;224.67;310.00;780.00;310.00;0.00;0.00;0.00
1769443725.8423326;0.00;720.00;963.35;0.00;0.00;0.00;434.01;0.00;144.67;628.01;0.00;868.02;0.00;0.00;0.00;0.00;0.00;0.00;0.00;0.00;1877.35;0.00;0.00;320.00;289.34;599.34;1229.34;1324.67;2584.67;3733.70;3441.01;3950.00;320.00;320.00;320.00;1994.67;540.00;1170.00;1544.01;0.00;224.67;310.00;780.00;310.00;0.00;0.00;0.00
1769443725.9032013;0.00;720.00;1203.35;0.00;0.00;0.00;434.01;0.00;144.67;628.01;0.00;868.02;0.00;0.00;0.00;0.00;0.00;0.00;0.00;0.00;1877.35;0.00;0.00;320.00;289.34;599.34;1379.34;1404.67;2664.67;3893.70;3591.01;3950.00;320.00;320.00;320.00;1994.67;540.00;1170.00;1544.01;0.00;224.67;310.00;780.00;310.00;0.00;0.00;0.00
1769443725.90392;0.00;720.00;1203.35;0.00;0.00;0.00;434.01;0.00;144.67;628.01;0.00;868.02;0.00;0.00;0.00;0.00;0.00;0.00;0.00;0.00;1877.35;0.00;0.00;320.00;289.34;599.34;1379.34;1404.67;2664.67;3893.70;3591.01;3950.00;320.00;320.00;320.00;1994.67;540.00;1170.00;1544.01;0.00;224.67;310.00;780.00;310.00;0.00;0.00;0.00
1769443740.6612298;0.00;720.00;1203.35;0.00;0.00;0.00;289.34;0.00;289.34;483.34;0.00;0.00;0.00;0.00;0.00;0.00;0.00;0.00;0.00;0.00;1877.35;0.00;0.00;160.00;0.00;310.00;1170.00;1100.00;2290.00;3433.70;3105.68;3810.00;160.00;160.00;160.00;1770.00;540.00;1170.00;1544.01;0.00;0.00;0.00;780.00;310.00;0.00;0.00;0.00
1769443740.6620145;0.00;720.00;1203.35;0.00;0.00;0.00;289.34;0.00;289.34;483.34;0.00;0.00;0.00;0.00;0.00;0.00;0.00;0.00;0.00;0.00;1877.35;0.00;0.00;160.00;0.00;310.00;1170.00;1100.00;2290.00;3433.70;3105.68;3810.00;160.00;160.00;160.00;1770.00;540.00;1170.00;1544.01;0.00;0.00;0.00;780.00;310.00;0.00;0.00;0.00
1769443740.7215903;0.00;720.00;1203.35;0.00;144.67;0.00;289.34;0.00;289.34;483.34;0.00;0.00;0.00;0.00;0.00;0.00;0.00;0.00;0.00;0.00;1877.35;0.00;0.00;160.00;0.00;310.00;1170.00;1100.00;2290.00;3433.70;3105.68;3810.00;470.00;160.00;160.00;1770.00;860.00;1170.00;1544.01;0.00;0.00;0.00;780.00;310.00;310.00;0.00;0.00
1769443740.722278;0.00;720.00;1203.35;0.00;144.67;0.00;289.34;0.00;289.34;483.34;0.00;0.00;0.00;0.00;0.00;0.00;0.00;0.00;0.00;0.00;1877.35;0.00;0.00;160.00;0.00;310.00;1170.00;1100.00;2290.00;3433.70;3105.68;3810.00;470.00;160.00;160.00;1770.00;860.00;1170.00;1544.01;0.00;0.00;0.00;780.00;310.00;310.00;0.00;0.00
1769443745.6678715;0.00;720.00;1203.35;0.00;144.67;0.00;289.34;97.00;289.34;338.67;0.00;0.00;0.00;0.00;0.00;0.00;0.00;0.00;0.00;0.00;1732.68;0.00;0.00;160.00;0.00;310.00;1170.00;1100.00;2290.00;3289.03;2748.01;3500.00;470.00;160.00;160.00;1770.00;860.00;1170.00;1544.01;0.00;0.00;0.00;780.00;310.00;310.00;0.00;0.00
1769443745.6710727;0.00;720.00;1203.35;0.00;144.67;0.00;289.34;97.00;289.34;338.67;0.00;0.00;0.00;0.00;0.00;0.00;0.00;0.00;0.00;0.00;1732.68;0.00;0.00;160.00;0.00;310.00;1170.00;1100.00;2290.00;3289.03;2748.01;3500.00;470.00;160.00;160.00;1770.00;860.00;1170.00;1544.01;0.00;0.00;0.00;780.00;310.00;310.00;0.00;0.00
1769443745.7316642;0.00;720.00;1348.02;0.00;144.67;0.00;289.34;97.00;289.34;338.67;0.00;0.00;0.00;0.00;0.00;0.00;0.00;0.00;0.00;0.00;1732.68;0.00;0.00;160.00;0.00;310.00;1250.00;1180.00;2370.00;3289.03;2748.01;3500.00;470.00;160.00;160.00;1770.00;860.00;1170.00;1544.01;0.00;0.00;0.00;780.00;310.00;310.00;0.00;0.00
1769443745.732317;0.00;720.00;1348.02;0.00;144.67;0.00;289.34;97.00;289.34;338.67;0.00;0.00;0.00;0.00;0.00;0.00;0.00;0.00;0.00;0.00;1732.68;0.00;0.00;160.00;0.00;310.00;1250.00;1180.00;2370.00;3289.03;2748.01;3500.00;470.00;160.00;160.00;1770.00;860.00;1170.00;1544.01;0.00;0.00;0.00;780.00;310.00;310.00;0.00;0.00
1769443750.4959142;0.00;720.00;1348.02;0.00;144.67;0.00;289.34;97.00;289.34;338.67;0.00;0.00;0.00;0.00;0.00;0.00;0.00;0.00;0.00;0.00;1877.35;0.00;0.00;160.00;0.00;310.00;1720.00;1580.00;2770.00;3759.03;2748.01;3500.00;470.00;160.00;160.00;1770.00;860.00;1170.00;1544.01;320.00;0.00;0.00;780.00;310.00;310.00;0.00;0.00
1769443750.4967096;0.00;720.00;1348.02;0.00;144.67;0.00;289.34;97.00;289.34;338.67;0.00;0.00;0.00;0.00;0.00;0.00;0.00;0.00;0.00;0.00;1877.35;0.00;0.00;160.00;0.00;310.00;1720.00;1580.00;2770.00;3759.03;2748.01;3500.00;470.00;160.00;160.00;1770.00;860.00;1170.00;1544.01;320.00;0.00;0.00;780.00;310.00;310.00;0.00;0.00
1769443750.5641851;0.00;720.00;1348.02;0.00;144.67;0.00;289.34;97.00;289.34;338.67;0.00;0.00;0.00;0.00;0.00;0.00;0.00;0.00;0.00;0.00;1974.35;0.00;0.00;390.00;0.00;310.00;1720.00;1580.00;3304.67;4111.36;2828.01;3580.00;550.00;240.00;240.00;1770.00;860.00;1170.00;1544.01;320.00;0.00;0.00;1090.00;310.00;310.00;0.00;150.00
1769443750.5648878;0.00;720.00;1348.02;0.00;144.67;0.00;289.34;97.00;289.34;338.67;0.00;0.00;0.00;0.00;0.00;0.00;0.00;0.00;0.00;0.00;1974.35;0.00;0.00;390.00;0.00;310.00;1720.00;1580.00;3304.67;4111.36;2828.01;3580.00;550.00;240.00;240.00;1770.00;860.00;1170.00;1544.01;320.00;0.00;0.00;1090.00;310.00;310.00;0.00;150.00
1769443750.6513598;0.00;720.00;1348.02;0.00;144.67;0.00;289.34;97.00;289.34;338.67;0.00;0.00;0.00;0.00;0.00;0.00;0.00;0.00;0.00;0.00;1974.35;0.00;0.00;390.00;0.00;310.00;1720.00;1580.00;3304.67;4111.36;2828.01;3580.00;550.00;240.00;240.00;1770.00;860.00;1170.00;1544.01;320.00;0.00;0.00;1090.00;310.00;310.00;0.00;150.00
1769443750.6521273;0.00;720.00;1348.02;0.00;144.67;0.00;289.34;97.00;289.34;338.67;0.00;0.00;0.00;0.00;0.00;0.00;0.00;0.00;0.00;0.00;1974.35;0.00;0.00;390.00;0.00;310.00;1720.00;1580.00;3304.67;4111.36;2828.01;3580.00;550.00;240.00;240.00;1770.00;860.00;1170.00;1544.01;320.00;0.00;0.00;1090.00;310.00;310.00;0.00;150.00
1769443750.732022;0.00;720.00;1348.02;0.00;144.67;0.00;289.34;97.00;289.34;338.67;0.00;0.00;0.00;0.00;0.00;0.00;0.00;0.00;0.00;0.00;1974.35;0.00;0.00;390.00;0.00;310.00;1720.00;1580.00;3304.67;4111.36;2828.01;3580.00;550.00;240.00;240.00;1770.00;860.00;1170.00;1544.01;320.00;0.00;0.00;1090.00;310.00;310.00;0.00;150.00
1769443750.7327425;0.00;720.00;1348.02;0.00;144.67;0.00;289.34;97.00;289.34;338.67;0.00;0.00;0.00;0.00;0.00;0.00;0.00;0.00;0.00;0.00;1974.35;0.00;0.00;390.00;0.00;310.00;1720.00;1580.00;3304.67;4111.36;2828.01;3580.00;550.00;240.00;240.00;1770.00;860.00;1170.00;1544.01;320.00;0.00;0.00;1090.00;310.00;310.00;0.00;150.00
1769443752.023292;0.00;720.00;1348.02;0.00;144.67;0.00;289.34;97.00;289.34;338.67;0.00;0.00;0.00;0.00;0.00;0.00;0.00;0.00;0.00;0.00;1974.35;0.00;0.00;390.00;0.00;310.00;1720.00;1580.00;3304.67;4111.36;2828.01;3580.00;550.00;240.00;240.00;1770.00;860.00;1170.00;1544.01;320.00;0.00;0.00;1090.00;310.00;310.00;0.00;150.00
1769443752.0242167;0.00;720.00;1348.02;0.00;144.67;0.00;289.34;97.00;289.34;338.67;0.00;0.00;0.00;0.00;0.00;0.00;0.00;0.00;0.00;0.00;1974.35;0.00;0.00;390.00;0.00;310.00;1720.00;1580.00;3304.67;4111.36;2828.01;3580.00;550.00;240.00;240.00;1770.00;860.00;1170.00;1544.01;320.00;0.00;0.00;1090.00;310.00;310.00;0.00;150.00
1769443752.0991647;0.00;720.00;1492.69;0.00;0.00;0.00;289.34;97.00;289.34;338.67;0.00;0.00;0.00;0.00;0.00;0.00;0.00;0.00;0.00;0.00;1732.68;0.00;0.00;390.00;0.00;310.00;1720.00;1580.00;3304.67;3966.69;2578.01;3270.00;240.00;240.00;240.00;2090.00;540.00;1170.00;1544.01;320.00;0.00;0.00;1090.00;310.00;0.00;0.00;150.00
1769443752.0998752;0.00;720.00;1492.69;0.00;0.00;0.00;289.34;97.00;289.34;338.67;0.00;0.00;0.00;0.00;0.00;0.00;0.00;0.00;0.00;0.00;1732.68;0.00;0.00;390.00;0.00;310.00;1720.00;1580.00;3304.67;3966.69;2578.01;3270.00;240.00;240.00;240.00;2090.00;540.00;1170.00;1544.01;320.00;0.00;0.00;1090.00;310.00;0.00;0.00;150.00
1769443752.1678622;0.00;720.00;1637.36;0.00;0.00;0.00;289.34;97.00;289.34;338.67;0.00;0.00;0.00;0.00;0.00;0.00;0.00;0.00;0.00;0.00;1732.68;0.00;0.00;390.00;0.00;310.00;1800.00;1660.00;3384.67;4126.69;2738.01;3420.00;240.00;240.00;240.00;2090.00;540.00;1170.00;1544.01;320.00;0.00;0.00;1090.00;310.00;0.00;0.00;150.00
1769443752.1685834;0.00;720.00;1637.36;0.00;0.00;0.00;289.34;97.00;289.34;338.67;0.00;0.00;0.00;0.00;0.00;0.00;0.00;0.00;0.00;0.00;1732.68;0.00;0.00;390.00;0.00;310.00;1800.00;1660.00;3384.67;4126.69;2738.01;3420.00;240.00;240.00;240.00;2090.00;540.00;1170.00;1544.01;320.00;0.00;0.00;1090.00;310.00;0.00;0.00;150.00
1769443752.2372923;0.00;720.00;1782.03;0.00;0.00;0.00;289.34;97.00;289.34;338.67;0.00;0.00;0.00;0.00;0.00;0.00;0.00;0.00;0.00;0.00;1732.68;0.00;0.00;390.00;0.00;310.00;1950.00;1810.00;3464.67;4191.36;2898.01;3580.00;240.00;240.00;240.00;2090.00;540.00;1170.00;1544.01;320.00;0.00;0.00;1090.00;310.00;0.00;0.00;150.00
1769443752.2380261;0.00;720.00;1782.03;0.00;0.00;0.00;289.34;97.00;289.34;338.67;0.00;0.00;0.00;0.00;0.00;0.00;0.00;0.00;0.00;0.00;1732.68;0.00;0.00;390.00;0.00;310.00;1950.00;1810.00;3464.67;4191.36;2898.01;3580.00;240.00;240.00;240.00;2090.00;540.00;1170.00;1544.01;320.00;0.00;0.00;1090.00;310.00;0.00;0.00;150.00
1769443752.3127282;0.00;720.00;1782.03;0.00;0.00;0.00;289.34;97.00;289.34;338.67;0.00;0.00;0.00;0.00;0.00;0.00;0.00;0.00;0.00;0.00;1877.35;0.00;0.00;390.00;0.00;310.00;2100.00;1890.00;3544.67;4576.03;3058.01;3740.00;550.00;550.00;240.00;2570.00;540.00;1170.00;1544.01;320.00;0.00;0.00;1090.00;310.00;0.00;310.00;150.00
1769443752.3134587;0.00;720.00;1782.03;0.00;0.00;0.00;289.34;97.00;289.34;338.67;0.00;0.00;0.00;0.00;0.00;0.00;0.00;0.00;0.00;0.00;1877.35;0.00;0.00;390.00;0.00;310.00;2100.00;1890.00;3544.67;4576.03;3058.01;3740.00;550.00;550.00;240.00;2570.00;540.00;1170.00;1544.01;320.00;0.00;0.00;1090.00;310.00;0.00;310.00;150.00
1769443757.1095514;0.00;864.67;1542.03;0.00;0.00;0.00;289.34;97.00;289.34;338.67;0.00;0.00;0.00;0.00;0.00;0.00;0.00;0.00;0.00;0.00;1877.35;0.00;0.00;550.00;0.00;310.00;1950.00;1810.00;3464.67;4416.03;2908.01;3884.67;710.00;710.00;400.00;2570.00;540.00;1170.00;1544.01;320.00;0.00;0.00;1090.00;310.00;0.00;310.00;150.00
1769443757.1103303;0.00;864.67;1542.03;0.00;0.00;0.00;289.34;97.00;289.34;338.67;0.00;0.00;0.00;0.00;0.00;0.00;0.00;0.00;0.00;0.00;1877.35;0.00;0.00;550.00;0.00;310.00;1950.00;1810.00;3464.67;4416.03;2908.01;3884.67;710.00;710.00;400.00;2570.00;540.00;1170.00;1544.01;320.00;0.00;0.00;1090.00;310.00;0.00;310.00;150.00
1769443766.51197;0.00;864.67;1542.03;0.00;0.00;0.00;289.34;97.00;289.34;338.67;0.00;0.00;0.00;0.00;0.00;0.00;0.00;0.00;0.00;0.00;1877.35;0.00;0.00;550.00;0.00;0.00;2030.00;1890.00;3544.67;4186.03;2908.01;3884.67;710.00;710.00;400.00;2570.00;540.00;1170.00;1314.01;320.00;0.00;0.00;1090.00;0.00;0.00;310.00;150.00
1769443766.5126932;0.00;864.67;1542.03;0.00;0.00;0.00;289.34;97.00;289.34;338.67;0.00;0.00;0.00;0.00;0.00;0.00;0.00;0.00;0.00;0.00;1877.35;0.00;0.00;550.00;0.00;0.00;2030.00;1890.00;3544.67;4186.03;2908.01;3884.67;710.00;710.00;400.00;2570.00;540.00;1170.00;1314.01;320.00;0.00;0.00;1090.00;0.00;0.00;310.00;150.00
1769443767.1178029;0.00;864.67;1397.36;0.00;144.67;0.00;289.34;97.00;289.34;338.67;0.00;0.00;0.00;0.00;0.00;0.00;0.00;0.00;0.00;0.00;1877.35;0.00;0.00;550.00;0.00;0.00;2030.00;1890.00;3544.67;3961.36;3138.01;3964.67;1020.00;710.00;400.00;2030.00;764.67;1170.00;1224.01;320.00;0.00;0.00;1090.00;0.00;310.00;310.00;150.00
1769443767.1185203;0.00;864.67;1397.36;0.00;144.67;0.00;289.34;97.00;289.34;338.67;0.00;0.00;0.00;0.00;0.00;0.00;0.00;0.00;0.00;0.00;1877.35;0.00;0.00;550.00;0.00;0.00;2030.00;1890.00;3544.67;3961.36;3138.01;3964.67;1020.00;710.00;400.00;2030.00;764.67;1170.00;1224.01;320.00;0.00;0.00;1090.00;0.00;310.00;310.00;150.00
1769443770.532172;0.00;864.67;1397.36;0.00;144.67;0.00;289.34;97.00;289.34;338.67;0.00;0.00;0.00;0.00;0.00;0.00;0.00;0.00;0.00;0.00;1877.35;240.00;0.00;790.00;80.00;80.00;2260.00;1890.00;3544.67;3961.36;3138.01;3964.67;1020.00;710.00;640.00;2030.00;764.67;1170.00;1224.01;320.00;0.00;0.00;1090.00;0.00;310.00;310.00;150.00
1769443770.5329099;0.00;864.67;1397.36;0.00;144.67;0.00;289.34;97.00;289.34;338.67;0.00;0.00;0.00;0.00;0.00;0.00;0.00;0.00;0.00;0.00;1877.35;240.00;0.00;790.00;80.00;80.00;2260.00;1890.00;3544.67;3961.36;3138.01;3964.67;1020.00;710.00;640.00;2030.00;764.67;1170.00;1224.01;320.00;0.00;0.00;1090.00;0.00;310.00;310.00;150.00
1769443770.611549;0.00;864.67;1397.36;0.00;144.67;0.00;289.34;97.00;289.34;338.67;0.00;0.00;0.00;0.00;0.00;0.00;0.00;0.00;0.00;0.00;1877.35;480.00;0.00;1030.00;160.00;160.00;2490.00;1890.00;3544.67;3961.36;3138.01;3964.67;1020.00;710.00;880.00;2030.00;764.67;1170.00;1224.01;320.00;0.00;0.00;1090.00;0.00;310.00;310.00;150.00
1769443770.6123;0.00;864.67;1397.36;0.00;144.67;0.00;289.34;97.00;289.34;338.67;0.00;0.00;0.00;0.00;0.00;0.00;0.00;0.00;0.00;0.00;1877.35;480.00;0.00;1030.00;160.00;160.00;2490.00;1890.00;3544.67;3961.36;3138.01;3964.67;1020.00;710.00;880.00;2030.00;764.67;1170.00;1224.01;320.00;0.00;0.00;1090.00;0.00;310.00;310.00;150.00
1769443770.6877296;0.00;864.67;1397.36;0.00;144.67;0.00;289.34;97.00;289.34;338.67;0.00;0.00;0.00;0.00;0.00;0.00;0.00;0.00;0.00;0.00;1877.35;720.00;0.00;1270.00;400.00;400.00;2720.00;1890.00;3544.67;3961.36;3138.01;3964.67;1020.00;710.00;1120.00;2030.00;764.67;1170.00;1224.01;320.00;0.00;0.00;1090.00;0.00;310.00;310.00;150.00
1769443770.6884656;0.00;864.67;1397.36;0.00;144.67;0.00;289.34;97.00;289.34;338.67;0.00;0.00;0.00;0.00;0.00;0.00;0.00;0.00;0.00;0.00;1877.35;720.00;0.00;1270.00;400.00;400.00;2720.00;1890.00;3544.67;3961.36;3138.01;3964.67;1020.00;710.00;1120.00;2030.00;764.67;1170.00;1224.01;320.00;0.00;0.00;1090.00;0.00;310.00;310.00;150.00
1769443770.763807;0.00;864.67;1397.36;0.00;144.67;0.00;289.34;97.00;289.34;338.67;0.00;0.00;0.00;0.00;0.00;0.00;0.00;0.00;0.00;0.00;1877.35;960.00;0.00;1510.00;640.00;640.00;2950.00;1890.00;3544.67;3961.36;3138.01;3964.67;1020.00;710.00;1360.00;2030.00;764.67;1170.00;1224.01;320.00;0.00;0.00;1090.00;0.00;310.00;310.00;150.00
1769443770.764527;0.00;864.67;1397.36;0.00;144.67;0.00;289.34;97.00;289.34;338.67;0.00;0.00;0.00;0.00;0.00;0.00;0.00;0.00;0.00;0.00;1877.35;960.00;0.00;1510.00;640.00;640.00;2950.00;1890.00;3544.67;3961.36;3138.01;3964.67;1020.00;710.00;1360.00;2030.00;764.67;1170.00;1224.01;320.00;0.00;0.00;1090.00;0.00;310.00;310.00;150.00
1769443770.8407083;0.00;864.67;1397.36;0.00;144.67;0.00;289.34;97.00;289.34;338.67;0.00;0.00;0.00;0.00;0.00;0.00;0.00;0.00;0.00;0.00;1877.35;1200.00;0.00;1750.00;720.00;720.00;3180.00;1890.00;3544.67;3961.36;3138.01;3964.67;1020.00;710.00;1600.00;2030.00;764.67;1170.00;1224.01;320.00;0.00;310.00;1090.00;0.00;310.00;310.00;150.00
1769443770.8414679;0.00;864.67;1397.36;0.00;144.67;0.00;289.34;97.00;289.34;338.67;0.00;0.00;0.00;0.00;0.00;0.00;0.00;0.00;0.00;0.00;1877.35;1200.00;0.00;1750.00;720.00;720.00;3180.00;1890.00;3544.67;3961.36;3138.01;3964.67;1020.00;710.00;1600.00;2030.00;764.67;1170.00;1224.01;320.00;0.00;310.00;1090.00;0.00;310.00;310.00;150.00
1769443770.9171646;0.00;864.67;1397.36;0.00;144.67;0.00;289.34;97.00;289.34;338.67;0.00;0.00;0.00;0.00;0.00;0.00;0.00;0.00;0.00;0.00;1877.35;1440.00;0.00;1990.00;960.00;960.00;3410.00;1890.00;3544.67;3961.36;3138.01;3964.67;1020.00;710.00;1840.00;2030.00;764.67;1170.00;1224.01;630.00;0.00;630.00;1090.00;0.00;310.00;310.00;150.00
1769443770.917944;0.00;864.67;1397.36;0.00;144.67;0.00;289.34;97.00;289.34;338.67;0.00;0.00;0.00;0.00;0.00;0.00;0.00;0.00;0.00;0.00;1877.35;1440.00;0.00;1990.00;960.00;960.00;3410.00;1890.00;3544.67;3961.36;3138.01;3964.67;1020.00;710.00;1840.00;2030.00;764.67;1170.00;1224.01;630.00;0.00;630.00;1090.00;0.00;310.00;310.00;150.00
1769443772.1253736;0.00;720.00;578.68;0.00;144.67;0.00;289.34;97.00;144.67;338.67;0.00;0.00;0.00;0.00;0.00;0.00;0.00;0.00;0.00;0.00;1588.01;1440.00;0.00;1830.00;960.00;960.00;3100.00;1580.00;3304.67;3062.68;1733.34;2490.00;550.00;550.00;1680.00;1260.00;230.00;850.00;769.34;630.00;0.00;630.00;1090.00;0.00;0.00;310.00;150.00
1769443772.1261723;0.00;720.00;578.68;0.00;144.67;0.00;289.34;97.00;144.67;338.67;0.00;0.00;0.00;0.00;0.00;0.00;0.00;0.00;0.00;0.00;1588.01;1440.00;0.00;1830.00;960.00;960.00;3100.00;1580.00;3304.67;3062.68;1733.34;2490.00;550.00;550.00;1680.00;1260.00;230.00;850.00;769.34;630.00;0.00;630.00;1090.00;0.00;0.00;310.00;150.00
1769443772.1882644;0.00;720.00;578.68;0.00;144.67;0.00;434.01;97.00;144.67;338.67;0.00;0.00;0.00;0.00;0.00;0.00;0.00;0.00;0.00;0.00;1588.01;1440.00;0.00;1830.00;960.00;960.00;3100.00;1580.00;3304.67;3062.68;1733.34;2554.67;550.00;550.00;1680.00;1260.00;230.00;850.00;769.34;630.00;0.00;630.00;1090.00;0.00;0.00;310.00;150.00
1769443772.1889153;0.00;720.00;578.68;0.00;144.67;0.00;434.01;97.00;144.67;338.67;0.00;0.00;0.00;0.00;0.00;0.00;0.00;0.00;0.00;0.00;1588.01;1440.00;0.00;1830.00;960.00;960.00;3100.00;1580.00;3304.67;3062.68;1733.34;2554.67;550.00;550.00;1680.00;1260.00;230.00;850.00;769.34;630.00;0.00;630.00;1090.00;0.00;0.00;310.00;150.00
1769443772.2546186;0.00;720.00;578.68;0.00;144.67;0.00;578.68;97.00;144.67;338.67;0.00;0.00;0.00;0.00;0.00;0.00;0.00;0.00;0.00;0.00;1588.01;1440.00;0.00;1830.00;960.00;960.00;3100.00;1580.00;3304.67;3062.68;1733.34;2554.67;550.00;550.00;1680.00;1260.00;230.00;850.00;769.34;630.00;0.00;630.00;1090.00;0.00;0.00;310.00;150.00
1769443772.2553554;0.00;720.00;578.68;0.00;144.67;0.00;578.68;97.00;144.67;338.67;0.00;0.00;0.00;0.00;0.00;0.00;0.00;0.00;0.00;0.00;1588.01;1440.00;0.00;1830.00;960.00;960.00;3100.00;1580.00;3304.67;3062.68;1733.34;2554.67;550.00;550.00;1680.00;1260.00;230.00;850.00;769.34;630.00;0.00;630.00;1090.00;0.00;0.00;310.00;150.00
1769443772.3233254;0.00;720.00;578.68;0.00;144.67;0.00;578.68;97.00;144.67;483.34;0.00;0.00;0.00;0.00;0.00;0.00;0.00;0.00;0.00;0.00;1588.01;1440.00;0.00;1830.00;960.00;960.00;3100.00;1580.00;3304.67;3062.68;1948.01;2714.67;550.00;550.00;1680.00;1260.00;230.00;850.00;769.34;630.00;0.00;630.00;1090.00;0.00;0.00;310.00;150.00
1769443772.3242521;0.00;720.00;578.68;0.00;144.67;0.00;578.68;97.00;144.67;483.34;0.00;0.00;0.00;0.00;0.00;0.00;0.00;0.00;0.00;0.00;1588.01;1440.00;0.00;1830.00;960.00;960.00;3100.00;1580.00;3304.67;3062.68;1948.01;2714.67;550.00;550.00;1680.00;1260.00;230.00;850.00;769.34;630.00;0.00;630.00;1090.00;0.00;0.00;310.00;150.00
1769443784.1385224;0.00;720.00;578.68;0.00;144.67;0.00;578.68;97.00;144.67;483.34;0.00;0.00;0.00;0.00;0.00;0.00;0.00;0.00;0.00;0.00;1635.68;1440.00;0.00;1600.00;960.00;960.00;3100.00;1580.00;2770.00;2790.35;2018.01;2634.67;470.00;470.00;1600.00;1260.00;230.00;850.00;769.34;630.00;0.00;630.00;780.00;0.00;0.00;310.00;0.00
1769443784.1392627;0.00;720.00;578.68;0.00;144.67;0.00;578.68;97.00;144.67;483.34;0.00;0.00;0.00;0.00;0.00;0.00;0.00;0.00;0.00;0.00;1635.68;1440.00;0.00;1600.00;960.00;960.00;3100.00;1580.00;2770.00;2790.35;2018.01;2634.67;470.00;470.00;1600.00;1260.00;230.00;850.00;769.34;630.00;0.00;630.00;780.00;0.00;0.00;310.00;0.00
1769443787.1388502;0.00;720.00;578.68;0.00;0.00;0.00;723.35;97.00;144.67;483.34;0.00;0.00;0.00;0.00;0.00;0.00;0.00;0.00;0.00;0.00;1635.68;1440.00;0.00;1600.00;960.00;960.00;3100.00;1580.00;2770.00;2790.35;2018.01;2794.67;470.00;470.00;1600.00;1260.00;230.00;850.00;769.34;630.00;0.00;630.00;780.00;0.00;0.00;310.00;0.00
1769443787.1396139;0.00;720.00;578.68;0.00;0.00;0.00;723.35;97.00;144.67;483.34;0.00;0.00;0.00;0.00;0.00;0.00;0.00;0.00;0.00;0.00;1635.68;1440.00;0.00;1600.00;960.00;960.00;3100.00;1580.00;2770.00;2790.35;2018.01;2794.67;470.00;470.00;1600.00;1260.00;230.00;850.00;769.34;630.00;0.00;630.00;780.00;0.00;0.00;310.00;0.00
1769443792.141811;0.00;720.00;578.68;0.00;0.00;0.00;723.35;97.00;144.67;386.34;0.00;0.00;0.00;0.00;0.00;0.00;0.00;0.00;0.00;0.00;1780.35;1440.00;0.00;1600.00;960.00;960.00;3100.00;1580.00;3000.00;2725.68;1985.68;2714.67;470.00;470.00;1600.00;1260.00;230.00;850.00;769.34;630.00;0.00;630.00;780.00;0.00;0.00;310.00;0.00
1769443792.1425343;0.00;720.00;578.68;0.00;0.00;0.00;723.35;97.00;144.67;386.34;0.00;0.00;0.00;0.00;0.00;0.00;0.00;0.00;0.00;0.00;1780.35;1440.00;0.00;1600.00;960.00;960.00;3100.00;1580.00;3000.00;2725.68;1985.68;2714.67;470.00;470.00;1600.00;1260.00;230.00;850.00;769.34;630.00;0.00;630.00;780.00;0.00;0.00;310.00;0.00
1769443793.5376928;0.00;720.00;578.68;0.00;0.00;0.00;723.35;97.00;144.67;386.34;0.00;144.67;0.00;0.00;0.00;0.00;0.00;0.00;0.00;0.00;1780.35;1440.00;0.00;1760.00;1120.00;1120.00;3100.00;1580.00;3000.00;2725.68;1985.68;2714.67;630.00;630.00;1760.00;1260.00;230.00;850.00;769.34;630.00;0.00;630.00;780.00;0.00;0.00;310.00;0.00
1769443793.5384202;0.00;720.00;578.68;0.00;0.00;0.00;723.35;97.00;144.67;386.34;0.00;144.67;0.00;0.00;0.00;0.00;0.00;0.00;0.00;0.00;1780.35;1440.00;0.00;1760.00;1120.00;1120.00;3100.00;1580.00;3000.00;2725.68;1985.68;2714.67;630.00;630.00;1760.00;1260.00;230.00;850.00;769.34;630.00;0.00;630.00;780.00;0.00;0.00;310.00;0.00
1769443793.6075273;0.00;720.00;578.68;0.00;0.00;0.00;723.35;97.00;144.67;386.34;0.00;384.67;0.00;0.00;0.00;0.00;0.00;0.00;0.00;0.00;1780.35;1440.00;0.00;1760.00;1120.00;1120.00;3260.00;1740.00;3150.00;2725.68;1985.68;2714.67;630.00;630.00;1760.00;1260.00;230.00;850.00;769.34;950.00;0.00;630.00;1090.00;0.00;0.00;310.00;0.00
1769443793.608246;0.00;720.00;578.68;0.00;0.00;0.00;723.35;97.00;144.67;386.34;0.00;384.67;0.00;0.00;0.00;0.00;0.00;0.00;0.00;0.00;1780.35;1440.00;0.00;1760.00;1120.00;1120.00;3260.00;1740.00;3150.00;2725.68;1985.68;2714.67;630.00;630.00;1760.00;1260.00;230.00;850.00;769.34;950.00;0.00;630.00;1090.00;0.00;0.00;310.00;0.00
1769443793.6776512;0.00;720.00;578.68;0.00;0.00;0.00;723.35;97.00;144.67;386.34;0.00;624.67;0.00;0.00;0.00;0.00;0.00;0.00;0.00;0.00;1780.35;1440.00;0.00;1760.00;1120.00;1120.00;3420.00;1900.00;3310.00;2725.68;1985.68;2714.67;630.00;630.00;1760.00;1570.00;230.00;850.00;769.34;950.00;0.00;630.00;1090.00;0.00;0.00;310.00;0.00
1769443793.6783762;0.00;720.00;578.68;0.00;0.00;0.00;723.35;97.00;144.67;386.34;0.00;624.67;0.00;0.00;0.00;0.00;0.00;0.00;0.00;0.00;1780.35;1440.00;0.00;1760.00;1120.00;1120.00;3420.00;1900.00;3310.00;2725.68;1985.68;2714.67;630.00;630.00;1760.00;1570.00;230.00;850.00;769.34;950.00;0.00;630.00;1090.00;0.00;0.00;310.00;0.00
1769443793.7494283;0.00;720.00;578.68;0.00;0.00;0.00;723.35;97.00;144.67;386.34;0.00;864.67;0.00;0.00;0.00;0.00;0.00;0.00;0.00;0.00;1780.35;1440.00;0.00;1920.00;1280.00;1280.00;3420.00;1900.00;3310.00;2725.68;1985.68;2714.67;790.00;790.00;1920.00;1570.00;230.00;850.00;769.34;950.00;0.00;630.00;1090.00;320.00;0.00;310.00;0.00
1769443793.750295;0.00;720.00;578.68;0.00;0.00;0.00;723.35;97.00;144.67;386.34;0.00;864.67;0.00;0.00;0.00;0.00;0.00;0.00;0.00;0.00;1780.35;1440.00;0.00;1920.00;1280.00;1280.00;3420.00;1900.00;3310.00;2725.68;1985.68;2714.67;790.00;790.00;1920.00;1570.00;230.00;850.00;769.34;950.00;0.00;630.00;1090.00;320.00;0.00;310.00;0.00
1769443795.1045702;0.00;720.00;578.68;0.00;0.00;0.00;723.35;97.00;144.67;386.34;0.00;1104.67;0.00;0.00;0.00;0.00;0.00;0.00;0.00;0.00;1780.35;1440.00;0.00;1920.00;1360.00;1360.00;3580.00;2060.00;3470.00;2885.68;2135.68;2714.67;790.00;790.00;1920.00;1570.00;230.00;850.00;1079.34;950.00;0.00;630.00;1090.00;320.00;0.00;310.00;0.00
1769443795.1053936;0.00;720.00;578.68;0.00;0.00;0.00;723.35;97.00;144.67;386.34;0.00;1104.67;0.00;0.00;0.00;0.00;0.00;0.00;0.00;0.00;1780.35;1440.00;0.00;1920.00;1360.00;1360.00;3580.00;2060.00;3470.00;2885.68;2135.68;2714.67;790.00;790.00;1920.00;1570.00;230.00;850.00;1079.34;950.00;0.00;630.00;1090.00;320.00;0.00;310.00;0.00
1769443795.1803098;0.00;720.00;578.68;0.00;0.00;0.00;723.35;97.00;144.67;386.34;0.00;1344.67;0.00;0.00;0.00;0.00;0.00;0.00;0.00;0.00;1780.35;1440.00;0.00;1920.00;1360.00;1360.00;3890.00;2060.00;3470.00;2885.68;2135.68;2714.67;790.00;790.00;1920.00;1570.00;230.00;850.00;1079.34;950.00;310.00;630.00;1090.00;320.00;0.00;310.00;0.00
1769443795.1810515;0.00;720.00;578.68;0.00;0.00;0.00;723.35;97.00;144.67;386.34;0.00;1344.67;0.00;0.00;0.00;0.00;0.00;0.00;0.00;0.00;1780.35;1440.00;0.00;1920.00;1360.00;1360.00;3890.00;2060.00;3470.00;2885.68;2135.68;2714.67;790.00;790.00;1920.00;1570.00;230.00;850.00;1079.34;950.00;310.00;630.00;1090.00;320.00;0.00;310.00;0.00
1769443797.164084;0.00;720.00;578.68;0.00;0.00;0.00;723.35;0.00;0.00;144.67;0.00;1344.67;0.00;0.00;0.00;0.00;0.00;0.00;0.00;0.00;1925.02;1440.00;0.00;1920.00;1360.00;1360.00;3890.00;2060.00;3150.00;3018.68;2219.34;2544.67;1100.00;790.00;1920.00;1570.00;230.00;850.00;1079.34;950.00;310.00;630.00;770.00;320.00;310.00;310.00;0.00
1769443797.1649406;0.00;720.00;578.68;0.00;0.00;0.00;723.35;0.00;0.00;144.67;0.00;1344.67;0.00;0.00;0.00;0.00;0.00;0.00;0.00;0.00;1925.02;1440.00;0.00;1920.00;1360.00;1360.00;3890.00;2060.00;3150.00;3018.68;2219.34;2544.67;1100.00;790.00;1920.00;1570.00;230.00;850.00;1079.34;950.00;310.00;630.00;770.00;320.00;310.00;310.00;0.00
1769443797.2325368;0.00;720.00;578.68;0.00;0.00;0.00;723.35;0.00;0.00;384.67;0.00;1344.67;0.00;0.00;0.00;0.00;0.00;0.00;0.00;0.00;1925.02;1440.00;0.00;1920.00;1360.00;1360.00;3890.00;2060.00;3150.00;3018.68;2459.34;2544.67;1100.00;790.00;1920.00;1570.00;230.00;850.00;1079.34;950.00;310.00;630.00;770.00;320.00;310.00;310.00;0.00
1769443797.233225;0.00;720.00;578.68;0.00;0.00;0.00;723.35;0.00;0.00;384.67;0.00;1344.67;0.00;0.00;0.00;0.00;0.00;0.00;0.00;0.00;1925.02;1440.00;0.00;1920.00;1360.00;1360.00;3890.00;2060.00;3150.00;3018.68;2459.34;2544.67;1100.00;790.00;1920.00;1570.00;230.00;850.00;1079.34;950.00;310.00;630.00;770.00;320.00;310.00;310.00;0.00
1769443797.3100257;0.00;720.00;578.68;0.00;0.00;0.00;723.35;0.00;0.00;384.67;0.00;1344.67;0.00;0.00;0.00;0.00;0.00;0.00;0.00;0.00;1925.02;1440.00;0.00;1920.00;1360.00;1360.00;3890.00;2060.00;3150.00;3018.68;2459.34;2544.67;1100.00;790.00;1920.00;1570.00;230.00;850.00;1079.34;950.00;310.00;630.00;770.00;320.00;310.00;310.00;0.00
1769443797.3107913;0.00;720.00;578.68;0.00;0.00;0.00;723.35;0.00;0.00;384.67;0.00;1344.67;0.00;0.00;0.00;0.00;0.00;0.00;0.00;0.00;1925.02;1440.00;0.00;1920.00;1360.00;1360.00;3890.00;2060.00;3150.00;3018.68;2459.34;2544.67;1100.00;790.00;1920.00;1570.00;230.00;850.00;1079.34;950.00;310.00;630.00;770.00;320.00;310.00;310.00;0.00
1769443797.3875384;0.00;720.00;578.68;0.00;0.00;0.00;723.35;0.00;0.00;384.67;0.00;1344.67;0.00;0.00;0.00;0.00;0.00;0.00;0.00;0.00;1925.02;1440.00;0.00;1920.00;1360.00;1360.00;3890.00;2060.00;3150.00;3018.68;2459.34;2544.67;1100.00;790.00;1920.00;1570.00;230.00;850.00;1079.34;950.00;310.00;630.00;770.00;320.00;310.00;310.00;0.00
1769443797.388264;0.00;720.00;578.68;0.00;0.00;0.00;723.35;0.00;0.00;384.67;0.00;1344.67;0.00;0.00;0.00;0.00;0.00;0.00;0.00;0.00;1925.02;1440.00;0.00;1920.00;1360.00;1360.00;3890.00;2060.00;3150.00;3018.68;2459.34;2544.67;1100.00;790.00;1920.00;1570.00;230.00;850.00;1079.34;950.00;310.00;630.00;770.00;320.00;310.00;310.00;0.00
1769443807.1759024;0.00;720.00;723.35;0.00;0.00;0.00;723.35;0.00;0.00;384.67;0.00;1344.67;0.00;0.00;0.00;0.00;0.00;0.00;0.00;0.00;1685.02;1440.00;0.00;1920.00;1360.00;1360.00;3650.00;1820.00;2910.00;3258.68;2759.34;2544.67;1100.00;790.00;1920.00;1570.00;230.00;850.00;1309.34;950.00;310.00;630.00;770.00;320.00;310.00;310.00;0.00
1769443807.1766698;0.00;720.00;723.35;0.00;0.00;0.00;723.35;0.00;0.00;384.67;0.00;1344.67;0.00;0.00;0.00;0.00;0.00;0.00;0.00;0.00;1685.02;1440.00;0.00;1920.00;1360.00;1360.00;3650.00;1820.00;2910.00;3258.68;2759.34;2544.67;1100.00;790.00;1920.00;1570.00;230.00;850.00;1309.34;950.00;310.00;630.00;770.00;320.00;310.00;310.00;0.00
1769443812.1782475;0.00;240.00;723.35;0.00;0.00;0.00;723.35;0.00;0.00;384.67;0.00;1344.67;0.00;0.00;0.00;0.00;0.00;0.00;0.00;0.00;1588.02;1440.00;0.00;1760.00;1360.00;1360.00;3650.00;1820.00;2590.00;2954.01;2539.34;1854.67;940.00;630.00;1760.00;1250.00;0.00;540.00;1084.67;950.00;310.00;630.00;620.00;320.00;310.00;310.00;0.00
1769443812.178967;0.00;240.00;723.35;0.00;0.00;0.00;723.35;0.00;0.00;384.67;0.00;1344.67;0.00;0.00;0.00;0.00;0.00;0.00;0.00;0.00;1588.02;1440.00;0.00;1760.00;1360.00;1360.00;3650.00;1820.00;2590.00;2954.01;2539.34;1854.67;940.00;630.00;1760.00;1250.00;0.00;540.00;1084.67;950.00;310.00;630.00;620.00;320.00;310.00;310.00;0.00
1769443814.5732906;0.00;0.00;723.35;0.00;0.00;0.00;434.01;0.00;0.00;529.34;0.00;1344.67;0.00;0.00;0.00;0.00;0.00;0.00;0.00;0.00;1588.02;1440.00;0.00;1760.00;1360.00;1360.00;3500.00;1670.00;2430.00;2484.01;2449.34;1154.67;940.00;630.00;1760.00;1250.00;0.00;310.00;764.67;950.00;310.00;630.00;310.00;320.00;310.00;310.00;0.00
1769443814.574039;0.00;0.00;723.35;0.00;0.00;0.00;434.01;0.00;0.00;529.34;0.00;1344.67;0.00;0.00;0.00;0.00;0.00;0.00;0.00;0.00;1588.02;1440.00;0.00;1760.00;1360.00;1360.00;3500.00;1670.00;2430.00;2484.01;2449.34;1154.67;940.00;630.00;1760.00;1250.00;0.00;310.00;764.67;950.00;310.00;630.00;310.00;320.00;310.00;310.00;0.00
1769443814.6564317;0.00;0.00;723.35;0.00;0.00;0.00;434.01;0.00;0.00;674.01;0.00;1344.67;0.00;0.00;0.00;0.00;0.00;0.00;0.00;0.00;1588.02;1440.00;0.00;1760.00;1360.00;1360.00;3500.00;1670.00;2430.00;2484.01;2664.01;1314.67;940.00;630.00;1760.00;1250.00;0.00;310.00;764.67;950.00;310.00;630.00;310.00;320.00;310.00;310.00;0.00
1769443814.6571913;0.00;0.00;723.35;0.00;0.00;0.00;434.01;0.00;0.00;674.01;0.00;1344.67;0.00;0.00;0.00;0.00;0.00;0.00;0.00;0.00;1588.02;1440.00;0.00;1760.00;1360.00;1360.00;3500.00;1670.00;2430.00;2484.01;2664.01;1314.67;940.00;630.00;1760.00;1250.00;0.00;310.00;764.67;950.00;310.00;630.00;310.00;320.00;310.00;310.00;0.00
1769443814.734471;0.00;0.00;723.35;0.00;0.00;0.00;434.01;0.00;0.00;818.68;0.00;1344.67;0.00;0.00;0.00;0.00;0.00;0.00;0.00;0.00;1588.02;1440.00;0.00;1760.00;1360.00;1360.00;3500.00;1670.00;2430.00;2484.01;2878.68;1474.67;940.00;630.00;1760.00;1250.00;0.00;310.00;764.67;950.00;310.00;630.00;310.00;320.00;310.00;310.00;0.00
1769443814.7352133;0.00;0.00;723.35;0.00;0.00;0.00;434.01;0.00;0.00;818.68;0.00;1344.67;0.00;0.00;0.00;0.00;0.00;0.00;0.00;0.00;1588.02;1440.00;0.00;1760.00;1360.00;1360.00;3500.00;1670.00;2430.00;2484.01;2878.68;1474.67;940.00;630.00;1760.00;1250.00;0.00;310.00;764.67;950.00;310.00;630.00;310.00;320.00;310.00;310.00;0.00
1769443814.8086655;0.00;0.00;723.35;0.00;0.00;0.00;434.01;0.00;0.00;963.35;0.00;1344.67;0.00;0.00;0.00;0.00;0.00;0.00;0.00;0.00;1588.02;1440.00;0.00;1760.00;1360.00;1360.00;3500.00;1670.00;2740.00;2644.01;3028.68;1474.67;940.00;630.00;1760.00;1250.00;0.00;310.00;764.67;950.00;310.00;630.00;310.00;320.00;310.00;310.00;0.00
1769443814.8094058;0.00;0.00;723.35;0.00;0.00;0.00;434.01;0.00;0.00;963.35;0.00;1344.67;0.00;0.00;0.00;0.00;0.00;0.00;0.00;0.00;1588.02;1440.00;0.00;1760.00;1360.00;1360.00;3500.00;1670.00;2740.00;2644.01;3028.68;1474.67;940.00;630.00;1760.00;1250.00;0.00;310.00;764.67;950.00;310.00;630.00;310.00;320.00;310.00;310.00;0.00
1769443814.8871853;0.00;0.00;723.35;0.00;0.00;0.00;434.01;0.00;0.00;1108.02;0.00;1344.67;0.00;0.00;0.00;0.00;0.00;0.00;0.00;0.00;1588.02;1440.00;0.00;1760.00;1360.00;1360.00;3500.00;1670.00;2740.00;2804.01;3178.68;1474.67;940.00;630.00;1760.00;1250.00;0.00;310.00;764.67;950.00;310.00;630.00;310.00;320.00;310.00;310.00;0.00
1769443814.8879528;0.00;0.00;723.35;0.00;0.00;0.00;434.01;0.00;0.00;1108.02;0.00;1344.67;0.00;0.00;0.00;0.00;0.00;0.00;0.00;0.00;1588.02;1440.00;0.00;1760.00;1360.00;1360.00;3500.00;1670.00;2740.00;2804.01;3178.68;1474.67;940.00;630.00;1760.00;1250.00;0.00;310.00;764.67;950.00;310.00;630.00;310.00;320.00;310.00;310.00;0.00
1769443814.9694111;0.00;0.00;723.35;0.00;0.00;0.00;434.01;0.00;0.00;1252.69;0.00;1344.67;0.00;0.00;0.00;0.00;0.00;0.00;0.00;0.00;1588.02;1440.00;0.00;1760.00;1360.00;1360.00;3500.00;1670.00;2740.00;2804.01;3478.68;1474.67;940.00;630.00;1760.00;1250.00;0.00;310.00;764.67;950.00;310.00;630.00;310.00;320.00;310.00;310.00;0.00
1769443814.9701786;0.00;0.00;723.35;0.00;0.00;0.00;434.01;0.00;0.00;1252.69;0.00;1344.67;0.00;0.00;0.00;0.00;0.00;0.00;0.00;0.00;1588.02;1440.00;0.00;1760.00;1360.00;1360.00;3500.00;1670.00;2740.00;2804.01;3478.68;1474.67;940.00;630.00;1760.00;1250.00;0.00;310.00;764.67;950.00;310.00;630.00;310.00;320.00;310.00;310.00;0.00
1769443817.1845424;0.00;0.00;868.02;0.00;0.00;0.00;434.01;0.00;0.00;868.02;0.00;1344.67;0.00;0.00;0.00;0.00;0.00;0.00;0.00;0.00;1058.68;1440.00;0.00;1760.00;1360.00;1360.00;3500.00;1670.00;2280.00;2104.01;2324.01;854.67;630.00;630.00;1760.00;1250.00;0.00;310.00;764.67;950.00;310.00;630.00;310.00;320.00;0.00;310.00;0.00
1769443817.1853898;0.00;0.00;868.02;0.00;0.00;0.00;434.01;0.00;0.00;868.02;0.00;1344.67;0.00;0.00;0.00;0.00;0.00;0.00;0.00;0.00;1058.68;1440.00;0.00;1760.00;1360.00;1360.00;3500.00;1670.00;2280.00;2104.01;2324.01;854.67;630.00;630.00;1760.00;1250.00;0.00;310.00;764.67;950.00;310.00;630.00;310.00;320.00;0.00;310.00;0.00
1769443832.187099;0.00;0.00;531.01;0.00;0.00;0.00;0.00;0.00;0.00;868.02;0.00;1344.67;0.00;0.00;0.00;0.00;0.00;0.00;0.00;0.00;818.68;1440.00;0.00;1760.00;1360.00;1360.00;3110.00;1280.00;1580.00;1814.67;2259.34;480.00;630.00;630.00;1760.00;790.00;0.00;0.00;540.00;950.00;310.00;630.00;310.00;320.00;0.00;310.00;0.00
1769443832.187768;0.00;0.00;531.01;0.00;0.00;0.00;0.00;0.00;0.00;868.02;0.00;1344.67;0.00;0.00;0.00;0.00;0.00;0.00;0.00;0.00;818.68;1440.00;0.00;1760.00;1360.00;1360.00;3110.00;1280.00;1580.00;1814.67;2259.34;480.00;630.00;630.00;1760.00;790.00;0.00;0.00;540.00;950.00;310.00;630.00;310.00;320.00;0.00;310.00;0.00
1769443832.5837376;0.00;0.00;531.01;0.00;97.00;0.00;0.00;0.00;0.00;868.02;0.00;1344.67;0.00;0.00;0.00;0.00;0.00;0.00;0.00;0.00;818.68;1440.00;0.00;1760.00;1360.00;1360.00;3110.00;1280.00;1580.00;1814.67;2259.34;480.00;630.00;630.00;1760.00;790.00;0.00;0.00;540.00;950.00;310.00;630.00;310.00;320.00;0.00;310.00;0.00
1769443832.5844307;0.00;0.00;531.01;0.00;97.00;0.00;0.00;0.00;0.00;868.02;0.00;1344.67;0.00;0.00;0.00;0.00;0.00;0.00;0.00;0.00;818.68;1440.00;0.00;1760.00;1360.00;1360.00;3110.00;1280.00;1580.00;1814.67;2259.34;480.00;630.00;630.00;1760.00;790.00;0.00;0.00;540.00;950.00;310.00;630.00;310.00;320.00;0.00;310.00;0.00
1769443832.6542025;0.00;0.00;531.01;0.00;194.00;0.00;0.00;0.00;0.00;868.02;0.00;1344.67;0.00;0.00;0.00;0.00;0.00;0.00;0.00;0.00;818.68;1440.00;0.00;1760.00;1360.00;1360.00;3110.00;1280.00;1580.00;1814.67;2259.34;480.00;630.00;630.00;1760.00;790.00;0.00;0.00;540.00;950.00;310.00;630.00;310.00;320.00;0.00;310.00;0.00
1769443832.6549735;0.00;0.00;531.01;0.00;194.00;0.00;0.00;0.00;0.00;868.02;0.00;1344.67;0.00;0.00;0.00;0.00;0.00;0.00;0.00;0.00;818.68;1440.00;0.00;1760.00;1360.00;1360.00;3110.00;1280.00;1580.00;1814.67;2259.34;480.00;630.00;630.00;1760.00;790.00;0.00;0.00;540.00;950.00;310.00;630.00;310.00;320.00;0.00;310.00;0.00
1769443832.7225833;0.00;0.00;531.01;0.00;291.00;0.00;0.00;0.00;0.00;868.02;0.00;1344.67;0.00;0.00;0.00;0.00;0.00;0.00;0.00;0.00;818.68;1440.00;0.00;1760.00;1360.00;1360.00;3110.00;1280.00;1580.00;1814.67;2259.34;640.00;630.00;630.00;1760.00;790.00;0.00;0.00;540.00;950.00;310.00;630.00;310.00;320.00;0.00;310.00;0.00
1769443832.7232687;0.00;0.00;531.01;0.00;291.00;0.00;0.00;0.00;0.00;868.02;0.00;1344.67;0.00;0.00;0.00;0.00;0.00;0.00;0.00;0.00;818.68;1440.00;0.00;1760.00;1360.00;1360.00;3110.00;1280.00;1580.00;1814.67;2259.34;640.00;630.00;630.00;1760.00;790.00;0.00;0.00;540.00;950.00;310.00;630.00;310.00;320.00;0.00;310.00;0.00
1769443832.791162;0.00;0.00;531.01;0.00;388.00;0.00;0.00;0.00;0.00;868.02;0.00;1344.67;0.00;0.00;0.00;0.00;0.00;0.00;0.00;0.00;818.68;1440.00;0.00;1760.00;1360.00;1360.00;3110.00;1280.00;1580.00;1814.67;2259.34;800.00;630.00;630.00;1760.00;790.00;0.00;0.00;540.00;950.00;310.00;630.00;310.00;320.00;0.00;310.00;0.00
1769443832.791844;0.00;0.00;531.01;0.00;388.00;0.00;0.00;0.00;0.00;868.02;0.00;1344.67;0.00;0.00;0.00;0.00;0.00;0.00;0.00;0.00;818.68;1440.00;0.00;1760.00;1360.00;1360.00;3110.00;1280.00;1580.00;1814.67;2259.34;800.00;630.00;630.00;1760.00;790.00;0.00;0.00;540.00;950.00;310.00;630.00;310.00;320.00;0.00;310.00;0.00
1769443832.8707547;0.00;0.00;531.01;0.00;485.00;0.00;0.00;0.00;0.00;868.02;0.00;1344.67;0.00;0.00;0.00;0.00;0.00;0.00;0.00;0.00;818.68;1440.00;0.00;1760.00;1360.00;1360.00;3110.00;1280.00;1580.00;1814.67;2259.34;944.67;630.00;630.00;1760.00;790.00;0.00;0.00;540.00;950.00;310.00;630.00;310.00;320.00;0.00;310.00;0.00
1769443832.8715858;0.00;0.00;531.01;0.00;485.00;0.00;0.00;0.00;0.00;868.02;0.00;1344.67;0.00;0.00;0.00;0.00;0.00;0.00;0.00;0.00;818.68;1440.00;0.00;1760.00;1360.00;1360.00;3110.00;1280.00;1580.00;1814.67;2259.34;944.67;630.00;630.00;1760.00;790.00;0.00;0.00;540.00;950.00;310.00;630.00;310.00;320.00;0.00;310.00;0.00
1769443832.9403756;0.00;0.00;531.01;0.00;629.67;0.00;0.00;0.00;0.00;868.02;0.00;1344.67;0.00;0.00;0.00;0.00;0.00;0.00;0.00;0.00;818.68;1440.00;0.00;1760.00;1360.00;1360.00;3110.00;1280.00;1580.00;1814.67;2259.34;1089.34;630.00;630.00;1760.00;790.00;0.00;0.00;540.00;950.00;310.00;630.00;310.00;320.00;0.00;310.00;0.00
1769443832.9410217;0.00;0.00;531.01;0.00;629.67;0.00;0.00;0.00;0.00;868.02;0.00;1344.67;0.00;0.00;0.00;0.00;0.00;0.00;0.00;0.00;818.68;1440.00;0.00;1760.00;1360.00;1360.00;3110.00;1280.00;1580.00;1814.67;2259.34;1089.34;630.00;630.00;1760.00;790.00;0.00;0.00;540.00;950.00;310.00;630.00;310.00;320.00;0.00;310.00;0.00
1769443836.3800933;0.00;0.00;531.01;0.00;629.67;0.00;0.00;0.00;0.00;868.02;0.00;1249.34;0.00;0.00;0.00;0.00;0.00;0.00;0.00;0.00;818.68;1440.00;0.00;1600.00;1280.00;1280.00;3110.00;1280.00;1580.00;1814.67;2259.34;1089.34;470.00;470.00;1600.00;790.00;0.00;0.00;540.00;950.00;310.00;630.00;310.00;0.00;0.00;310.00;0.00
1769443836.3808565;0.00;0.00;531.01;0.00;629.67;0.00;0.00;0.00;0.00;868.02;0.00;1249.34;0.00;0.00;0.00;0.00;0.00;0.00;0.00;0.00;818.68;1440.00;0.00;1600.00;1280.00;1280.00;3110.00;1280.00;1580.00;1814.67;2259.34;1089.34;470.00;470.00;1600.00;790.00;0.00;0.00;540.00;950.00;310.00;630.00;310.00;0.00;0.00;310.00;0.00
1769443837.199336;0.00;0.00;531.01;0.00;629.67;0.00;0.00;0.00;0.00;868.02;0.00;1249.34;0.00;0.00;0.00;0.00;0.00;0.00;0.00;0.00;674.01;1440.00;0.00;1600.00;1280.00;1280.00;2960.00;1200.00;1500.00;1350.00;1949.34;929.34;160.00;160.00;1600.00;310.00;0.00;0.00;310.00;950.00;310.00;630.00;310.00;0.00;0.00;0.00;0.00
1769443837.2001202;0.00;0.00;531.01;0.00;629.67;0.00;0.00;0.00;0.00;868.02;0.00;1249.34;0.00;0.00;0.00;0.00;0.00;0.00;0.00;0.00;674.01;1440.00;0.00;1600.00;1280.00;1280.00;2960.00;1200.00;1500.00;1350.00;1949.34;929.34;160.00;160.00;1600.00;310.00;0.00;0.00;310.00;950.00;310.00;630.00;310.00;0.00;0.00;0.00;0.00
1769443837.2631326;0.00;144.67;531.01;0.00;629.67;0.00;0.00;0.00;0.00;868.02;0.00;1249.34;0.00;0.00;0.00;0.00;0.00;0.00;0.00;0.00;674.01;1440.00;0.00;1600.00;1280.00;1280.00;2960.00;1200.00;1500.00;1350.00;2259.34;929.34;160.00;160.00;1600.00;310.00;0.00;0.00;310.00;950.00;310.00;630.00;310.00;0.00;0.00;0.00;0.00
1769443837.2638755;0.00;144.67;531.01;0.00;629.67;0.00;0.00;0.00;0.00;868.02;0.00;1249.34;0.00;0.00;0.00;0.00;0.00;0.00;0.00;0.00;674.01;1440.00;0.00;1600.00;1280.00;1280.00;2960.00;1200.00;1500.00;1350.00;2259.34;929.34;160.00;160.00;1600.00;310.00;0.00;0.00;310.00;950.00;310.00;630.00;310.00;0.00;0.00;0.00;0.00
1769443847.2073562;0.00;289.34;386.34;0.00;629.67;0.00;0.00;0.00;0.00;868.02;0.00;1249.34;0.00;0.00;0.00;0.00;0.00;0.00;0.00;0.00;674.01;1440.00;0.00;1600.00;1280.00;1280.00;2960.00;1200.00;1500.00;1190.00;2099.34;1089.34;160.00;160.00;1600.00;310.00;0.00;0.00;310.00;950.00;310.00;630.00;310.00;0.00;0.00;0.00;0.00
1769443847.2080789;0.00;289.34;386.34;0.00;629.67;0.00;0.00;0.00;0.00;868.02;0.00;1249.34;0.00;0.00;0.00;0.00;0.00;0.00;0.00;0.00;674.01;1440.00;0.00;1600.00;1280.00;1280.00;2960.00;1200.00;1500.00;1190.00;2099.34;1089.34;160.00;160.00;1600.00;310.00;0.00;0.00;310.00;950.00;310.00;630.00;310.00;0.00;0.00;0.00;0.00
1769443849.9716194;0.00;289.34;386.34;0.00;629.67;0.00;0.00;0.00;0.00;868.02;0.00;1249.34;0.00;0.00;0.00;0.00;0.00;0.00;0.00;144.67;674.01;1440.00;0.00;1600.00;1360.00;1360.00;3120.00;1360.00;1650.00;1190.00;2099.34;1089.34;160.00;160.00;1600.00;310.00;0.00;0.00;310.00;950.00;310.00;630.00;620.00;0.00;0.00;0.00;0.00
1769443849.9723656;0.00;289.34;386.34;0.00;629.67;0.00;0.00;0.00;0.00;868.02;0.00;1249.34;0.00;0.00;0.00;0.00;0.00;0.00;0.00;144.67;674.01;1440.00;0.00;1600.00;1360.00;1360.00;3120.00;1360.00;1650.00;1190.00;2099.34;1089.34;160.00;160.00;1600.00;310.00;0.00;0.00;310.00;950.00;310.00;630.00;620.00;0.00;0.00;0.00;0.00
1769443850.0465384;0.00;289.34;386.34;0.00;629.67;0.00;0.00;0.00;0.00;868.02;0.00;1249.34;0.00;0.00;0.00;0.00;0.00;0.00;0.00;289.34;674.01;1440.00;0.00;1600.00;1360.00;1360.00;3360.00;1600.00;1960.00;1190.00;2099.34;1089.34;160.00;160.00;1600.00;620.00;0.00;0.00;310.00;950.00;310.00;630.00;620.00;0.00;0.00;0.00;0.00
1769443850.0472474;0.00;289.34;386.34;0.00;629.67;0.00;0.00;0.00;0.00;868.02;0.00;1249.34;0.00;0.00;0.00;0.00;0.00;0.00;0.00;289.34;674.01;1440.00;0.00;1600.00;1360.00;1360.00;3360.00;1600.00;1960.00;1190.00;2099.34;1089.34;160.00;160.00;1600.00;620.00;0.00;0.00;310.00;950.00;310.00;630.00;620.00;0.00;0.00;0.00;0.00
1769443850.1226304;0.00;289.34;386.34;0.00;629.67;0.00;0.00;0.00;0.00;868.02;0.00;1249.34;0.00;0.00;0.00;0.00;0.00;0.00;0.00;529.34;674.01;1440.00;0.00;1760.00;1520.00;1520.00;3440.00;1680.00;2040.00;1190.00;2099.34;1089.34;320.00;320.00;1760.00;620.00;310.00;0.00;310.00;950.00;310.00;630.00;620.00;0.00;0.00;0.00;320.00
1769443850.1233332;0.00;289.34;386.34;0.00;629.67;0.00;0.00;0.00;0.00;868.02;0.00;1249.34;0.00;0.00;0.00;0.00;0.00;0.00;0.00;529.34;674.01;1440.00;0.00;1760.00;1520.00;1520.00;3440.00;1680.00;2040.00;1190.00;2099.34;1089.34;320.00;320.00;1760.00;620.00;310.00;0.00;310.00;950.00;310.00;630.00;620.00;0.00;0.00;0.00;320.00
1769443850.1971428;0.00;289.34;386.34;0.00;629.67;0.00;0.00;0.00;0.00;868.02;0.00;1249.34;0.00;0.00;0.00;0.00;0.00;0.00;0.00;769.34;674.01;1440.00;0.00;1920.00;1680.00;1680.00;3520.00;1760.00;2190.00;1190.00;2099.34;1089.34;480.00;480.00;1920.00;620.00;620.00;0.00;310.00;950.00;310.00;630.00;620.00;0.00;0.00;320.00;320.00
1769443850.1978662;0.00;289.34;386.34;0.00;629.67;0.00;0.00;0.00;0.00;868.02;0.00;1249.34;0.00;0.00;0.00;0.00;0.00;0.00;0.00;769.34;674.01;1440.00;0.00;1920.00;1680.00;1680.00;3520.00;1760.00;2190.00;1190.00;2099.34;1089.34;480.00;480.00;1920.00;620.00;620.00;0.00;310.00;950.00;310.00;630.00;620.00;0.00;0.00;320.00;320.00
1769443850.2719114;0.00;289.34;386.34;0.00;629.67;0.00;0.00;0.00;0.00;868.02;0.00;1249.34;0.00;0.00;0.00;0.00;0.00;0.00;0.00;1009.34;674.01;1440.00;0.00;1920.00;1680.00;1680.00;3760.00;2000.00;2500.00;1350.00;2249.34;1089.34;480.00;480.00;1920.00;620.00;620.00;0.00;630.00;950.00;310.00;630.00;620.00;0.00;0.00;320.00;320.00
1769443850.2727463;0.00;289.34;386.34;0.00;629.67;0.00;0.00;0.00;0.00;868.02;0.00;1249.34;0.00;0.00;0.00;0.00;0.00;0.00;0.00;1009.34;674.01;1440.00;0.00;1920.00;1680.00;1680.00;3760.00;2000.00;2500.00;1350.00;2249.34;1089.34;480.00;480.00;1920.00;620.00;620.00;0.00;630.00;950.00;310.00;630.00;620.00;0.00;0.00;320.00;320.00
1769443850.3527162;0.00;289.34;386.34;0.00;629.67;0.00;0.00;0.00;0.00;868.02;0.00;1249.34;0.00;0.00;0.00;0.00;0.00;0.00;0.00;1249.34;674.01;1440.00;0.00;2080.00;1840.00;1840.00;3840.00;2080.00;2580.00;1430.00;2399.34;1089.34;630.00;640.00;2080.00;620.00;620.00;0.00;860.00;950.00;310.00;630.00;620.00;0.00;310.00;320.00;320.00
1769443850.3535516;0.00;289.34;386.34;0.00;629.67;0.00;0.00;0.00;0.00;868.02;0.00;1249.34;0.00;0.00;0.00;0.00;0.00;0.00;0.00;1249.34;674.01;1440.00;0.00;2080.00;1840.00;1840.00;3840.00;2080.00;2580.00;1430.00;2399.34;1089.34;630.00;640.00;2080.00;620.00;620.00;0.00;860.00;950.00;310.00;630.00;620.00;0.00;310.00;320.00;320.00
1769443852.2241664;0.00;529.34;241.67;0.00;629.67;0.00;0.00;0.00;0.00;868.02;0.00;1249.34;0.00;0.00;0.00;0.00;0.00;0.00;0.00;1249.34;529.34;1440.00;0.00;2080.00;1840.00;1840.00;3760.00;2000.00;2500.00;1430.00;2709.34;1089.34;630.00;640.00;2080.00;620.00;620.00;0.00;860.00;950.00;310.00;630.00;620.00;0.00;310.00;320.00;320.00
1769443852.2249155;0.00;529.34;241.67;0.00;629.67;0.00;0.00;0.00;0.00;868.02;0.00;1249.34;0.00;0.00;0.00;0.00;0.00;0.00;0.00;1249.34;529.34;1440.00;0.00;2080.00;1840.00;1840.00;3760.00;2000.00;2500.00;1430.00;2709.34;1089.34;630.00;640.00;2080.00;620.00;620.00;0.00;860.00;950.00;310.00;630.00;620.00;0.00;310.00;320.00;320.00
1769443852.3098216;0.00;529.34;481.67;0.00;629.67;0.00;0.00;0.00;0.00;868.02;0.00;1249.34;0.00;0.00;0.00;0.00;0.00;0.00;0.00;1249.34;529.34;1440.00;0.00;2080.00;1840.00;1840.00;3760.00;2000.00;2500.00;1580.00;2859.34;1089.34;630.00;640.00;2080.00;620.00;620.00;0.00;860.00;950.00;310.00;630.00;620.00;0.00;310.00;320.00;320.00
1769443852.3106322;0.00;529.34;481.67;0.00;629.67;0.00;0.00;0.00;0.00;868.02;0.00;1249.34;0.00;0.00;0.00;0.00;0.00;0.00;0.00;1249.34;529.34;1440.00;0.00;2080.00;1840.00;1840.00;3760.00;2000.00;2500.00;1580.00;2859.34;1089.34;630.00;640.00;2080.00;620.00;620.00;0.00;860.00;950.00;310.00;630.00;620.00;0.00;310.00;320.00;320.00
1769443857.2373013;0.00;384.67;481.67;0.00;629.67;0.00;0.00;144.67;0.00;723.35;0.00;1249.34;0.00;0.00;0.00;0.00;0.00;0.00;0.00;1249.34;289.34;1440.00;0.00;2080.00;1840.00;1840.00;3520.00;1760.00;2260.00;1580.00;2384.01;1089.34;630.00;640.00;2080.00;620.00;620.00;0.00;860.00;950.00;310.00;630.00;620.00;0.00;310.00;320.00;320.00
1769443857.2380397;0.00;384.67;481.67;0.00;629.67;0.00;0.00;144.67;0.00;723.35;0.00;1249.34;0.00;0.00;0.00;0.00;0.00;0.00;0.00;1249.34;289.34;1440.00;0.00;2080.00;1840.00;1840.00;3520.00;1760.00;2260.00;1580.00;2384.01;1089.34;630.00;640.00;2080.00;620.00;620.00;0.00;860.00;950.00;310.00;630.00;620.00;0.00;310.00;320.00;320.00
1769443857.3107955;0.00;384.67;721.67;0.00;629.67;0.00;0.00;144.67;0.00;723.35;0.00;1249.34;0.00;0.00;0.00;0.00;0.00;0.00;0.00;1249.34;289.34;1440.00;0.00;2080.00;1840.00;1840.00;3520.00;1760.00;2260.00;1660.00;2534.01;1089.34;630.00;640.00;2080.00;620.00;620.00;0.00;860.00;950.00;310.00;630.00;620.00;0.00;310.00;320.00;320.00
1769443857.311517;0.00;384.67;721.67;0.00;629.67;0.00;0.00;144.67;0.00;723.35;0.00;1249.34;0.00;0.00;0.00;0.00;0.00;0.00;0.00;1249.34;289.34;1440.00;0.00;2080.00;1840.00;1840.00;3520.00;1760.00;2260.00;1660.00;2534.01;1089.34;630.00;640.00;2080.00;620.00;620.00;0.00;860.00;950.00;310.00;630.00;620.00;0.00;310.00;320.00;320.00
1769443857.385598;0.00;384.67;961.67;0.00;629.67;0.00;0.00;144.67;0.00;723.35;0.00;1249.34;0.00;0.00;0.00;0.00;0.00;0.00;0.00;1249.34;289.34;1440.00;0.00;2080.00;1840.00;1840.00;3520.00;1760.00;2260.00;1820.00;2684.01;1089.34;630.00;640.00;2080.00;620.00;620.00;0.00;860.00;950.00;310.00;630.00;620.00;0.00;310.00;320.00;320.00
1769443857.3864555;0.00;384.67;961.67;0.00;629.67;0.00;0.00;144.67;0.00;723.35;0.00;1249.34;0.00;0.00;0.00;0.00;0.00;0.00;0.00;1249.34;289.34;1440.00;0.00;2080.00;1840.00;1840.00;3520.00;1760.00;2260.00;1820.00;2684.01;1089.34;630.00;640.00;2080.00;620.00;620.00;0.00;860.00;950.00;310.00;630.00;620.00;0.00;310.00;320.00;320.00
1769443862.248952;0.00;0.00;144.67;0.00;629.67;0.00;0.00;289.34;0.00;578.68;0.00;1249.34;0.00;0.00;0.00;0.00;0.00;0.00;0.00;1249.34;289.34;1440.00;0.00;2080.00;1840.00;1840.00;3520.00;1760.00;2260.00;1270.00;2228.68;929.34;630.00;640.00;2080.00;620.00;620.00;0.00;860.00;950.00;310.00;630.00;620.00;0.00;310.00;320.00;320.00
1769443862.2496853;0.00;0.00;144.67;0.00;629.67;0.00;0.00;289.34;0.00;578.68;0.00;1249.34;0.00;0.00;0.00;0.00;0.00;0.00;0.00;1249.34;289.34;1440.00;0.00;2080.00;1840.00;1840.00;3520.00;1760.00;2260.00;1270.00;2228.68;929.34;630.00;640.00;2080.00;620.00;620.00;0.00;860.00;950.00;310.00;630.00;620.00;0.00;310.00;320.00;320.00
1769443865.670505;0.00;0.00;144.67;0.00;629.67;0.00;0.00;289.34;0.00;578.68;0.00;1249.34;0.00;0.00;0.00;0.00;0.00;0.00;0.00;1154.01;289.34;1440.00;0.00;1920.00;1680.00;1680.00;3600.00;1840.00;2340.00;1190.00;2078.68;929.34;480.00;480.00;1920.00;620.00;620.00;0.00;630.00;950.00;310.00;630.00;620.00;0.00;0.00;320.00;320.00
1769443865.6713006;0.00;0.00;144.67;0.00;629.67;0.00;0.00;289.34;0.00;578.68;0.00;1249.34;0.00;0.00;0.00;0.00;0.00;0.00;0.00;1154.01;289.34;1440.00;0.00;1920.00;1680.00;1680.00;3600.00;1840.00;2340.00;1190.00;2078.68;929.34;480.00;480.00;1920.00;620.00;620.00;0.00;630.00;950.00;310.00;630.00;620.00;0.00;0.00;320.00;320.00
1769443867.2495317;0.00;144.67;0.00;0.00;629.67;0.00;0.00;289.34;0.00;578.68;0.00;1249.34;0.00;0.00;0.00;0.00;0.00;0.00;0.00;1154.01;144.67;1440.00;0.00;1920.00;1680.00;1680.00;3130.00;1440.00;1940.00;560.00;2238.68;1249.34;480.00;480.00;1920.00;620.00;620.00;0.00;630.00;630.00;310.00;630.00;620.00;0.00;0.00;320.00;320.00
1769443867.2502885;0.00;144.67;0.00;0.00;629.67;0.00;0.00;289.34;0.00;578.68;0.00;1249.34;0.00;0.00;0.00;0.00;0.00;0.00;0.00;1154.01;144.67;1440.00;0.00;1920.00;1680.00;1680.00;3130.00;1440.00;1940.00;560.00;2238.68;1249.34;480.00;480.00;1920.00;620.00;620.00;0.00;630.00;630.00;310.00;630.00;620.00;0.00;0.00;320.00;320.00
1769443867.3181696;0.00;144.67;144.67;0.00;629.67;0.00;0.00;289.34;0.00;578.68;0.00;1249.34;0.00;0.00;0.00;0.00;0.00;0.00;0.00;1154.01;144.67;1440.00;0.00;1920.00;1680.00;1680.00;3130.00;1440.00;1940.00;560.00;2238.68;1249.34;480.00;480.00;1920.00;620.00;620.00;0.00;630.00;630.00;310.00;630.00;620.00;0.00;0.00;320.00;320.00
1769443867.3188357;0.00;144.67;144.67;0.00;629.67;0.00;0.00;289.34;0.00;578.68;0.00;1249.34;0.00;0.00;0.00;0.00;0.00;0.00;0.00;1154.01;144.67;1440.00;0.00;1920.00;1680.00;1680.00;3130.00;1440.00;1940.00;560.00;2238.68;1249.34;480.00;480.00;1920.00;620.00;620.00;0.00;630.00;630.00;310.00;630.00;620.00;0.00;0.00;320.00;320.00
1769443867.8134162;0.00;144.67;144.67;0.00;629.67;0.00;0.00;289.34;0.00;578.68;0.00;1249.34;0.00;0.00;0.00;0.00;0.00;0.00;0.00;1058.68;144.67;1440.00;0.00;1760.00;1520.00;1520.00;3194.67;1574.67;2074.67;560.00;2238.68;1249.34;320.00;320.00;1760.00;620.00;310.00;0.00;630.00;630.00;310.00;630.00;620.00;0.00;0.00;320.00;0.00
1769443867.814136;0.00;144.67;144.67;0.00;629.67;0.00;0.00;289.34;0.00;578.68;0.00;1249.34;0.00;0.00;0.00;0.00;0.00;0.00;0.00;1058.68;144.67;1440.00;0.00;1760.00;1520.00;1520.00;3194.67;1574.67;2074.67;560.00;2238.68;1249.34;320.00;320.00;1760.00;620.00;310.00;0.00;630.00;630.00;310.00;630.00;620.00;0.00;0.00;320.00;0.00
1769443869.6297395;0.00;144.67;144.67;0.00;629.67;0.00;0.00;434.01;0.00;578.68;0.00;1249.34;0.00;0.00;0.00;0.00;0.00;0.00;0.00;1058.68;144.67;1440.00;0.00;1760.00;1520.00;1520.00;3194.67;1574.67;2074.67;560.00;2388.68;1249.34;320.00;320.00;1760.00;620.00;310.00;0.00;630.00;630.00;310.00;630.00;620.00;0.00;0.00;320.00;0.00
1769443869.630457;0.00;144.67;144.67;0.00;629.67;0.00;0.00;434.01;0.00;578.68;0.00;1249.34;0.00;0.00;0.00;0.00;0.00;0.00;0.00;1058.68;144.67;1440.00;0.00;1760.00;1520.00;1520.00;3194.67;1574.67;2074.67;560.00;2388.68;1249.34;320.00;320.00;1760.00;620.00;310.00;0.00;630.00;630.00;310.00;630.00;620.00;0.00;0.00;320.00;0.00
1769443869.6990826;0.00;144.67;144.67;0.00;629.67;0.00;0.00;674.01;0.00;578.68;0.00;1249.34;0.00;0.00;0.00;0.00;0.00;0.00;0.00;1058.68;144.67;1440.00;0.00;1760.00;1520.00;1520.00;3194.67;1574.67;2074.67;710.00;2538.68;1249.34;320.00;320.00;1760.00;620.00;310.00;0.00;630.00;630.00;310.00;630.00;620.00;0.00;0.00;320.00;0.00
1769443869.6998594;0.00;144.67;144.67;0.00;629.67;0.00;0.00;674.01;0.00;578.68;0.00;1249.34;0.00;0.00;0.00;0.00;0.00;0.00;0.00;1058.68;144.67;1440.00;0.00;1760.00;1520.00;1520.00;3194.67;1574.67;2074.67;710.00;2538.68;1249.34;320.00;320.00;1760.00;620.00;310.00;0.00;630.00;630.00;310.00;630.00;620.00;0.00;0.00;320.00;0.00
1769443869.7695572;0.00;144.67;144.67;0.00;629.67;0.00;0.00;914.01;0.00;578.68;0.00;1249.34;0.00;0.00;0.00;0.00;0.00;0.00;0.00;1058.68;144.67;1440.00;0.00;1760.00;1520.00;1520.00;3194.67;1574.67;2074.67;710.00;2688.68;1249.34;320.00;320.00;1760.00;620.00;310.00;0.00;630.00;630.00;310.00;630.00;620.00;0.00;0.00;320.00;0.00
1769443869.7702756;0.00;144.67;144.67;0.00;629.67;0.00;0.00;914.01;0.00;578.68;0.00;1249.34;0.00;0.00;0.00;0.00;0.00;0.00;0.00;1058.68;144.67;1440.00;0.00;1760.00;1520.00;1520.00;3194.67;1574.67;2074.67;710.00;2688.68;1249.34;320.00;320.00;1760.00;620.00;310.00;0.00;630.00;630.00;310.00;630.00;620.00;0.00;0.00;320.00;0.00
1769443869.844041;0.00;144.67;144.67;0.00;629.67;0.00;0.00;1154.01;0.00;578.68;0.00;1249.34;0.00;0.00;0.00;0.00;0.00;0.00;0.00;1058.68;144.67;1440.00;0.00;1760.00;1520.00;1520.00;3194.67;1574.67;2074.67;1100.00;2688.68;1249.34;320.00;320.00;1760.00;620.00;310.00;0.00;630.00;630.00;310.00;630.00;620.00;0.00;0.00;320.00;0.00
1769443869.8449333;0.00;144.67;144.67;0.00;629.67;0.00;0.00;1154.01;0.00;578.68;0.00;1249.34;0.00;0.00;0.00;0.00;0.00;0.00;0.00;1058.68;144.67;1440.00;0.00;1760.00;1520.00;1520.00;3194.67;1574.67;2074.67;1100.00;2688.68;1249.34;320.00;320.00;1760.00;620.00;310.00;0.00;630.00;630.00;310.00;630.00;620.00;0.00;0.00;320.00;0.00
1769443869.9136972;0.00;144.67;144.67;0.00;629.67;0.00;0.00;1394.01;0.00;578.68;0.00;1249.34;0.00;0.00;0.00;0.00;0.00;0.00;0.00;1058.68;144.67;1440.00;0.00;1760.00;1520.00;1520.00;3194.67;1574.67;2074.67;1340.00;2688.68;1249.34;320.00;320.00;1760.00;620.00;310.00;0.00;630.00;630.00;310.00;630.00;620.00;0.00;0.00;320.00;0.00
1769443869.9144292;0.00;144.67;144.67;0.00;629.67;0.00;0.00;1394.01;0.00;578.68;0.00;1249.34;0.00;0.00;0.00;0.00;0.00;0.00;0.00;1058.68;144.67;1440.00;0.00;1760.00;1520.00;1520.00;3194.67;1574.67;2074.67;1340.00;2688.68;1249.34;320.00;320.00;1760.00;620.00;310.00;0.00;630.00;630.00;310.00;630.00;620.00;0.00;0.00;320.00;0.00
1769443869.986195;0.00;144.67;144.67;0.00;629.67;0.00;0.00;1634.01;0.00;578.68;0.00;1249.34;0.00;0.00;0.00;0.00;0.00;0.00;0.00;1058.68;144.67;1440.00;0.00;1760.00;1520.00;1520.00;3194.67;1574.67;2074.67;1660.00;2918.68;1249.34;320.00;320.00;1760.00;620.00;310.00;230.00;940.00;630.00;310.00;630.00;620.00;0.00;0.00;320.00;0.00
1769443869.986936;0.00;144.67;144.67;0.00;629.67;0.00;0.00;1634.01;0.00;578.68;0.00;1249.34;0.00;0.00;0.00;0.00;0.00;0.00;0.00;1058.68;144.67;1440.00;0.00;1760.00;1520.00;1520.00;3194.67;1574.67;2074.67;1660.00;2918.68;1249.34;320.00;320.00;1760.00;620.00;310.00;230.00;940.00;630.00;310.00;630.00;620.00;0.00;0.00;320.00;0.00
1769443881.6623347;0.00;0.00;0.00;0.00;629.67;0.00;0.00;1874.01;0.00;578.68;0.00;1249.34;0.00;0.00;0.00;0.00;0.00;0.00;0.00;1058.68;0.00;1440.00;0.00;1760.00;1520.00;1520.00;3194.67;1574.67;2074.67;1890.00;2458.68;929.34;320.00;320.00;1760.00;620.00;310.00;230.00;940.00;630.00;310.00;630.00;620.00;0.00;0.00;320.00;0.00
1769443881.6631358;0.00;0.00;0.00;0.00;629.67;0.00;0.00;1874.01;0.00;578.68;0.00;1249.34;0.00;0.00;0.00;0.00;0.00;0.00;0.00;1058.68;0.00;1440.00;0.00;1760.00;1520.00;1520.00;3194.67;1574.67;2074.67;1890.00;2458.68;929.34;320.00;320.00;1760.00;620.00;310.00;230.00;940.00;630.00;310.00;630.00;620.00;0.00;0.00;320.00;0.00
1769443881.7346551;0.00;0.00;0.00;0.00;629.67;0.00;0.00;1971.01;0.00;578.68;0.00;1249.34;0.00;0.00;0.00;0.00;0.00;0.00;0.00;1058.68;0.00;1440.00;0.00;1760.00;1520.00;1520.00;3194.67;1574.67;2074.67;2104.67;2641.01;1159.34;320.00;320.00;1760.00;620.00;310.00;230.00;940.00;630.00;310.00;630.00;620.00;0.00;0.00;320.00;0.00
1769443881.7353885;0.00;0.00;0.00;0.00;629.67;0.00;0.00;1971.01;0.00;578.68;0.00;1249.34;0.00;0.00;0.00;0.00;0.00;0.00;0.00;1058.68;0.00;1440.00;0.00;1760.00;1520.00;1520.00;3194.67;1574.67;2074.67;2104.67;2641.01;1159.34;320.00;320.00;1760.00;620.00;310.00;230.00;940.00;630.00;310.00;630.00;620.00;0.00;0.00;320.00;0.00
1769443881.8251367;0.00;0.00;0.00;0.00;629.67;0.00;0.00;1971.01;0.00;578.68;0.00;1249.34;0.00;0.00;0.00;0.00;0.00;0.00;0.00;1058.68;0.00;1440.00;0.00;1760.00;1520.00;1520.00;3194.67;1574.67;2074.67;2104.67;2641.01;1159.34;320.00;320.00;1760.00;620.00;310.00;230.00;940.00;630.00;310.00;630.00;620.00;0.00;0.00;320.00;0.00
1769443881.8260155;0.00;0.00;0.00;0.00;629.67;0.00;0.00;1971.01;0.00;578.68;0.00;1249.34;0.00;0.00;0.00;0.00;0.00;0.00;0.00;1058.68;0.00;1440.00;0.00;1760.00;1520.00;1520.00;3194.67;1574.67;2074.67;2104.67;2641.01;1159.34;320.00;320.00;1760.00;620.00;310.00;230.00;940.00;630.00;310.00;630.00;620.00;0.00;0.00;320.00;0.00
1769443881.9112477;0.00;0.00;0.00;0.00;629.67;0.00;0.00;1971.01;0.00;578.68;0.00;1249.34;0.00;0.00;0.00;0.00;0.00;0.00;0.00;1058.68;0.00;1440.00;0.00;1760.00;1520.00;1520.00;3194.67;1574.67;2074.67;2104.67;2641.01;1159.34;320.00;320.00;1760.00;620.00;310.00;230.00;940.00;630.00;310.00;630.00;620.00;0.00;0.00;320.00;0.00
1769443881.9120145;0.00;0.00;0.00;0.00;629.67;0.00;0.00;1971.01;0.00;578.68;0.00;1249.34;0.00;0.00;0.00;0.00;0.00;0.00;0.00;1058.68;0.00;1440.00;0.00;1760.00;1520.00;1520.00;3194.67;1574.67;2074.67;2104.67;2641.01;1159.34;320.00;320.00;1760.00;620.00;310.00;230.00;940.00;630.00;310.00;630.00;620.00;0.00;0.00;320.00;0.00
1769443881.9991965;0.00;0.00;0.00;0.00;629.67;0.00;0.00;1971.01;0.00;578.68;0.00;1249.34;0.00;0.00;0.00;0.00;0.00;0.00;0.00;1058.68;0.00;1440.00;0.00;1760.00;1520.00;1520.00;3194.67;1574.67;2074.67;2104.67;2641.01;1159.34;320.00;320.00;1760.00;620.00;310.00;230.00;940.00;630.00;310.00;630.00;620.00;0.00;0.00;320.00;0.00
1769443882.000014;0.00;0.00;0.00;0.00;629.67;0.00;0.00;1971.01;0.00;578.68;0.00;1249.34;0.00;0.00;0.00;0.00;0.00;0.00;0.00;1058.68;0.00;1440.00;0.00;1760.00;1520.00;1520.00;3194.67;1574.67;2074.67;2104.67;2641.01;1159.34;320.00;320.00;1760.00;620.00;310.00;230.00;940.00;630.00;310.00;630.00;620.00;0.00;0.00;320.00;0.00
1769443883.5950093;0.00;0.00;0.00;0.00;629.67;0.00;0.00;1971.01;0.00;578.68;0.00;1249.34;0.00;0.00;0.00;0.00;0.00;0.00;0.00;1058.68;0.00;1440.00;0.00;1760.00;1520.00;1520.00;3194.67;1574.67;2074.67;2104.67;2641.01;1159.34;320.00;320.00;1760.00;620.00;310.00;230.00;940.00;630.00;310.00;630.00;620.00;0.00;0.00;320.00;0.00
1769443883.596112;0.00;0.00;0.00;0.00;629.67;0.00;0.00;1971.01;0.00;578.68;0.00;1249.34;0.00;0.00;0.00;0.00;0.00;0.00;0.00;1058.68;0.00;1440.00;0.00;1760.00;1520.00;1520.00;3194.67;1574.67;2074.67;2104.67;2641.01;1159.34;320.00;320.00;1760.00;620.00;310.00;230.00;940.00;630.00;310.00;630.00;620.00;0.00;0.00;320.00;0.00
1769443902.679171;0.00;0.00;0.00;0.00;629.67;0.00;0.00;1971.01;0.00;578.68;0.00;1249.34;0.00;0.00;0.00;0.00;0.00;0.00;240.00;1058.68;0.00;1440.00;0.00;1760.00;1520.00;1520.00;3194.67;1574.67;2074.67;2104.67;2641.01;1159.34;560.00;320.00;1760.00;620.00;620.00;230.00;940.00;630.00;310.00;630.00;620.00;0.00;0.00;320.00;0.00
1769443902.679979;0.00;0.00;0.00;0.00;629.67;0.00;0.00;1971.01;0.00;578.68;0.00;1249.34;0.00;0.00;0.00;0.00;0.00;0.00;240.00;1058.68;0.00;1440.00;0.00;1760.00;1520.00;1520.00;3194.67;1574.67;2074.67;2104.67;2641.01;1159.34;560.00;320.00;1760.00;620.00;620.00;230.00;940.00;630.00;310.00;630.00;620.00;0.00;0.00;320.00;0.00
1769443902.7589307;0.00;0.00;0.00;0.00;629.67;0.00;0.00;1971.01;0.00;578.68;0.00;1249.34;0.00;0.00;0.00;0.00;0.00;0.00;480.00;1058.68;0.00;1440.00;0.00;1760.00;1520.00;1520.00;3194.67;1574.67;2074.67;2104.67;2641.01;1159.34;800.00;640.00;1760.00;620.00;1160.00;230.00;940.00;630.00;310.00;630.00;620.00;0.00;0.00;320.00;0.00
1769443902.759833;0.00;0.00;0.00;0.00;629.67;0.00;0.00;1971.01;0.00;578.68;0.00;1249.34;0.00;0.00;0.00;0.00;0.00;0.00;480.00;1058.68;0.00;1440.00;0.00;1760.00;1520.00;1520.00;3194.67;1574.67;2074.67;2104.67;2641.01;1159.34;800.00;640.00;1760.00;620.00;1160.00;230.00;940.00;630.00;310.00;630.00;620.00;0.00;0.00;320.00;0.00
1769443902.8386457;0.00;0.00;0.00;0.00;629.67;0.00;0.00;1971.01;0.00;578.68;0.00;1249.34;0.00;0.00;0.00;0.00;0.00;0.00;720.00;1058.68;0.00;1440.00;0.00;1760.00;1520.00;1520.00;3194.67;1574.67;2074.67;2104.67;2951.01;1319.34;1040.00;640.00;1760.00;620.00;1390.00;550.00;1250.00;630.00;310.00;630.00;620.00;0.00;0.00;320.00;0.00
1769443902.8395312;0.00;0.00;0.00;0.00;629.67;0.00;0.00;1971.01;0.00;578.68;0.00;1249.34;0.00;0.00;0.00;0.00;0.00;0.00;720.00;1058.68;0.00;1440.00;0.00;1760.00;1520.00;1520.00;3194.67;1574.67;2074.67;2104.67;2951.01;1319.34;1040.00;640.00;1760.00;620.00;1390.00;550.00;1250.00;630.00;310.00;630.00;620.00;0.00;0.00;320.00;0.00
1769443902.9164388;0.00;0.00;0.00;0.00;629.67;0.00;0.00;1971.01;0.00;578.68;0.00;1249.34;0.00;0.00;0.00;0.00;0.00;0.00;960.00;1058.68;0.00;1440.00;0.00;1760.00;1520.00;1520.00;3194.67;1574.67;2074.67;2104.67;2951.01;1319.34;1590.00;950.00;1760.00;620.00;1940.00;550.00;1250.00;630.00;310.00;630.00;620.00;0.00;0.00;320.00;0.00
1769443902.9172184;0.00;0.00;0.00;0.00;629.67;0.00;0.00;1971.01;0.00;578.68;0.00;1249.34;0.00;0.00;0.00;0.00;0.00;0.00;960.00;1058.68;0.00;1440.00;0.00;1760.00;1520.00;1520.00;3194.67;1574.67;2074.67;2104.67;2951.01;1319.34;1590.00;950.00;1760.00;620.00;1940.00;550.00;1250.00;630.00;310.00;630.00;620.00;0.00;0.00;320.00;0.00
1769443902.9981322;0.00;0.00;0.00;0.00;629.67;0.00;0.00;1971.01;0.00;578.68;0.00;1249.34;0.00;0.00;0.00;0.00;0.00;0.00;1200.00;1058.68;0.00;1440.00;0.00;1760.00;1520.00;1520.00;3194.67;1574.67;2074.67;2104.67;2951.01;1479.34;1830.00;950.00;1760.00;620.00;2170.00;860.00;1250.00;630.00;310.00;630.00;620.00;0.00;0.00;320.00;0.00
1769443902.9990146;0.00;0.00;0.00;0.00;629.67;0.00;0.00;1971.01;0.00;578.68;0.00;1249.34;0.00;0.00;0.00;0.00;0.00;0.00;1200.00;1058.68;0.00;1440.00;0.00;1760.00;1520.00;1520.00;3194.67;1574.67;2074.67;2104.67;2951.01;1479.34;1830.00;950.00;1760.00;620.00;2170.00;860.00;1250.00;630.00;310.00;630.00;620.00;0.00;0.00;320.00;0.00
1769443903.0868416;0.00;0.00;0.00;0.00;629.67;0.00;0.00;1971.01;0.00;578.68;0.00;1249.34;0.00;0.00;0.00;0.00;0.00;0.00;1440.00;1058.68;0.00;1440.00;0.00;1760.00;1520.00;1520.00;3194.67;1574.67;2074.67;2104.67;2951.01;1639.34;2070.00;950.00;1760.00;620.00;2400.00;1170.00;1250.00;630.00;310.00;630.00;620.00;0.00;0.00;320.00;0.00
1769443903.0876367;0.00;0.00;0.00;0.00;629.67;0.00;0.00;1971.01;0.00;578.68;0.00;1249.34;0.00;0.00;0.00;0.00;0.00;0.00;1440.00;1058.68;0.00;1440.00;0.00;1760.00;1520.00;1520.00;3194.67;1574.67;2074.67;2104.67;2951.01;1639.34;2070.00;950.00;1760.00;620.00;2400.00;1170.00;1250.00;630.00;310.00;630.00;620.00;0.00;0.00;320.00;0.00
1769443903.7007484;0.00;0.00;0.00;0.00;629.67;0.00;0.00;1971.01;0.00;289.34;0.00;1249.34;0.00;0.00;0.00;0.00;0.00;0.00;1440.00;1058.68;0.00;1440.00;0.00;1760.00;1520.00;1520.00;3344.67;1724.67;2224.67;2414.67;2531.67;1479.34;2070.00;950.00;1760.00;930.00;2400.00;1170.00;1250.00;780.00;310.00;630.00;620.00;0.00;0.00;320.00;0.00
1769443903.7015913;0.00;0.00;0.00;0.00;629.67;0.00;0.00;1971.01;0.00;289.34;0.00;1249.34;0.00;0.00;0.00;0.00;0.00;0.00;1440.00;1058.68;0.00;1440.00;0.00;1760.00;1520.00;1520.00;3344.67;1724.67;2224.67;2414.67;2531.67;1479.34;2070.00;950.00;1760.00;930.00;2400.00;1170.00;1250.00;780.00;310.00;630.00;620.00;0.00;0.00;320.00;0.00
1769443903.7776139;0.00;0.00;0.00;0.00;629.67;0.00;0.00;1971.01;0.00;289.34;0.00;1249.34;0.00;0.00;0.00;0.00;0.00;0.00;1440.00;1058.68;240.00;1440.00;0.00;1760.00;1520.00;1520.00;3344.67;1724.67;2224.67;2574.67;2681.67;1479.34;2070.00;950.00;1760.00;930.00;2400.00;1170.00;1250.00;780.00;310.00;630.00;620.00;0.00;0.00;320.00;0.00
1769443903.778486;0.00;0.00;0.00;0.00;629.67;0.00;0.00;1971.01;0.00;289.34;0.00;1249.34;0.00;0.00;0.00;0.00;0.00;0.00;1440.00;1058.68;240.00;1440.00;0.00;1760.00;1520.00;1520.00;3344.67;1724.67;2224.67;2574.67;2681.67;1479.34;2070.00;950.00;1760.00;930.00;2400.00;1170.00;1250.00;780.00;310.00;630.00;620.00;0.00;0.00;320.00;0.00
1769443903.8741276;0.00;0.00;0.00;0.00;629.67;0.00;0.00;1971.01;0.00;289.34;0.00;1249.34;0.00;0.00;0.00;0.00;0.00;0.00;1440.00;1058.68;240.00;1440.00;0.00;1760.00;1520.00;1520.00;3344.67;1724.67;2224.67;2574.67;2681.67;1479.34;2070.00;950.00;1760.00;930.00;2400.00;1170.00;1250.00;780.00;310.00;630.00;620.00;0.00;0.00;320.00;0.00
1769443903.8749607;0.00;0.00;0.00;0.00;629.67;0.00;0.00;1971.01;0.00;289.34;0.00;1249.34;0.00;0.00;0.00;0.00;0.00;0.00;1440.00;1058.68;240.00;1440.00;0.00;1760.00;1520.00;1520.00;3344.67;1724.67;2224.67;2574.67;2681.67;1479.34;2070.00;950.00;1760.00;930.00;2400.00;1170.00;1250.00;780.00;310.00;630.00;620.00;0.00;0.00;320.00;0.00
1769443908.7086885;0.00;0.00;0.00;0.00;629.67;0.00;0.00;1971.01;0.00;289.34;0.00;624.67;0.00;0.00;0.00;0.00;0.00;240.00;1440.00;1058.68;240.00;0.00;0.00;160.00;480.00;400.00;1724.67;1484.67;2054.67;2414.67;2531.67;1479.34;1910.00;790.00;160.00;620.00;2400.00;1170.00;940.00;470.00;310.00;0.00;620.00;0.00;0.00;320.00;0.00
1769443908.7094452;0.00;0.00;0.00;0.00;629.67;0.00;0.00;1971.01;0.00;289.34;0.00;624.67;0.00;0.00;0.00;0.00;0.00;240.00;1440.00;1058.68;240.00;0.00;0.00;160.00;480.00;400.00;1724.67;1484.67;2054.67;2414.67;2531.67;1479.34;1910.00;790.00;160.00;620.00;2400.00;1170.00;940.00;470.00;310.00;0.00;620.00;0.00;0.00;320.00;0.00
1769443908.7889674;0.00;0.00;0.00;0.00;629.67;0.00;0.00;1971.01;0.00;289.34;0.00;624.67;0.00;0.00;0.00;0.00;0.00;480.00;1440.00;1058.68;240.00;0.00;0.00;160.00;640.00;480.00;1804.67;1564.67;2134.67;2414.67;2531.67;1479.34;1910.00;790.00;160.00;850.00;2400.00;1170.00;940.00;470.00;310.00;0.00;620.00;0.00;0.00;320.00;0.00
1769443908.789755;0.00;0.00;0.00;0.00;629.67;0.00;0.00;1971.01;0.00;289.34;0.00;624.67;0.00;0.00;0.00;0.00;0.00;480.00;1440.00;1058.68;240.00;0.00;0.00;160.00;640.00;480.00;1804.67;1564.67;2134.67;2414.67;2531.67;1479.34;1910.00;790.00;160.00;850.00;2400.00;1170.00;940.00;470.00;310.00;0.00;620.00;0.00;0.00;320.00;0.00
1769443908.8642566;0.00;0.00;0.00;0.00;629.67;0.00;0.00;1971.01;0.00;289.34;0.00;624.67;0.00;0.00;0.00;0.00;0.00;720.00;1440.00;1058.68;240.00;0.00;0.00;160.00;800.00;560.00;1884.67;1644.67;2284.67;2414.67;2531.67;1479.34;1910.00;790.00;160.00;850.00;2400.00;1170.00;940.00;470.00;310.00;0.00;620.00;0.00;0.00;320.00;0.00
1769443908.8649974;0.00;0.00;0.00;0.00;629.67;0.00;0.00;1971.01;0.00;289.34;0.00;624.67;0.00;0.00;0.00;0.00;0.00;720.00;1440.00;1058.68;240.00;0.00;0.00;160.00;800.00;560.00;1884.67;1644.67;2284.67;2414.67;2531.67;1479.34;1910.00;790.00;160.00;850.00;2400.00;1170.00;940.00;470.00;310.00;0.00;620.00;0.00;0.00;320.00;0.00
1769443913.721823;0.00;0.00;0.00;0.00;629.67;0.00;0.00;1971.01;0.00;289.34;0.00;0.00;0.00;0.00;0.00;0.00;0.00;864.67;1440.00;1058.68;240.00;0.00;0.00;320.00;784.67;560.00;1414.67;1484.67;2134.67;2414.67;2531.67;1479.34;2070.00;950.00;320.00;850.00;2400.00;1170.00;940.00;150.00;0.00;0.00;310.00;0.00;0.00;320.00;0.00
1769443913.722549;0.00;0.00;0.00;0.00;629.67;0.00;0.00;1971.01;0.00;289.34;0.00;0.00;0.00;0.00;0.00;0.00;0.00;864.67;1440.00;1058.68;240.00;0.00;0.00;320.00;784.67;560.00;1414.67;1484.67;2134.67;2414.67;2531.67;1479.34;2070.00;950.00;320.00;850.00;2400.00;1170.00;940.00;150.00;0.00;0.00;310.00;0.00;0.00;320.00;0.00
1769443913.7927363;0.00;0.00;0.00;0.00;629.67;0.00;0.00;1971.01;0.00;289.34;0.00;0.00;0.00;0.00;0.00;0.00;0.00;1009.34;1440.00;1058.68;240.00;0.00;0.00;320.00;784.67;704.67;1414.67;1484.67;2134.67;2414.67;2531.67;1479.34;2070.00;950.00;320.00;850.00;2400.00;1170.00;940.00;150.00;0.00;0.00;310.00;0.00;0.00;320.00;0.00
1769443913.7934356;0.00;0.00;0.00;0.00;629.67;0.00;0.00;1971.01;0.00;289.34;0.00;0.00;0.00;0.00;0.00;0.00;0.00;1009.34;1440.00;1058.68;240.00;0.00;0.00;320.00;784.67;704.67;1414.67;1484.67;2134.67;2414.67;2531.67;1479.34;2070.00;950.00;320.00;850.00;2400.00;1170.00;940.00;150.00;0.00;0.00;310.00;0.00;0.00;320.00;0.00
1769443913.872305;0.00;0.00;0.00;0.00;629.67;0.00;0.00;1971.01;0.00;289.34;0.00;0.00;0.00;0.00;0.00;0.00;0.00;1249.34;1440.00;1058.68;240.00;0.00;0.00;320.00;784.67;944.67;1414.67;1484.67;2134.67;2414.67;2531.67;1479.34;2070.00;950.00;320.00;850.00;2400.00;1170.00;940.00;150.00;0.00;0.00;310.00;0.00;0.00;320.00;0.00
1769443913.8730838;0.00;0.00;0.00;0.00;629.67;0.00;0.00;1971.01;0.00;289.34;0.00;0.00;0.00;0.00;0.00;0.00;0.00;1249.34;1440.00;1058.68;240.00;0.00;0.00;320.00;784.67;944.67;1414.67;1484.67;2134.67;2414.67;2531.67;1479.34;2070.00;950.00;320.00;850.00;2400.00;1170.00;940.00;150.00;0.00;0.00;310.00;0.00;0.00;320.00;0.00
1769443927.733388;0.00;0.00;0.00;0.00;629.67;0.00;0.00;1971.01;0.00;289.34;0.00;0.00;0.00;0.00;0.00;0.00;0.00;1249.34;1680.00;1058.68;240.00;0.00;0.00;320.00;784.67;944.67;1414.67;1484.67;2134.67;2414.67;2531.67;1559.34;2310.00;950.00;320.00;850.00;2400.00;1170.00;940.00;150.00;0.00;0.00;310.00;0.00;0.00;320.00;0.00
1769443927.7341714;0.00;0.00;0.00;0.00;629.67;0.00;0.00;1971.01;0.00;289.34;0.00;0.00;0.00;0.00;0.00;0.00;0.00;1249.34;1680.00;1058.68;240.00;0.00;0.00;320.00;784.67;944.67;1414.67;1484.67;2134.67;2414.67;2531.67;1559.34;2310.00;950.00;320.00;850.00;2400.00;1170.00;940.00;150.00;0.00;0.00;310.00;0.00;0.00;320.00;0.00
1769443927.8092053;0.00;0.00;0.00;0.00;629.67;0.00;0.00;1971.01;0.00;289.34;0.00;0.00;0.00;0.00;0.00;0.00;0.00;1249.34;1920.00;1058.68;240.00;0.00;0.00;400.00;864.67;1024.67;1644.67;1484.67;2134.67;2574.67;2691.67;1719.34;2470.00;1030.00;400.00;1160.00;2400.00;1170.00;940.00;150.00;0.00;0.00;310.00;0.00;0.00;320.00;160.00
1769443927.80997;0.00;0.00;0.00;0.00;629.67;0.00;0.00;1971.01;0.00;289.34;0.00;0.00;0.00;0.00;0.00;0.00;0.00;1249.34;1920.00;1058.68;240.00;0.00;0.00;400.00;864.67;1024.67;1644.67;1484.67;2134.67;2574.67;2691.67;1719.34;2470.00;1030.00;400.00;1160.00;2400.00;1170.00;940.00;150.00;0.00;0.00;310.00;0.00;0.00;320.00;160.00
1769443927.8971512;0.00;0.00;0.00;0.00;629.67;0.00;0.00;1971.01;0.00;289.34;0.00;0.00;0.00;0.00;0.00;0.00;0.00;1249.34;1920.00;1058.68;240.00;0.00;0.00;400.00;864.67;1024.67;1644.67;1484.67;2134.67;2574.67;2691.67;1719.34;2470.00;1030.00;400.00;1160.00;2400.00;1170.00;940.00;150.00;0.00;0.00;310.00;0.00;0.00;320.00;160.00
1769443927.8979127;0.00;0.00;0.00;0.00;629.67;0.00;0.00;1971.01;0.00;289.34;0.00;0.00;0.00;0.00;0.00;0.00;0.00;1249.34;1920.00;1058.68;240.00;0.00;0.00;400.00;864.67;1024.67;1644.67;1484.67;2134.67;2574.67;2691.67;1719.34;2470.00;1030.00;400.00;1160.00;2400.00;1170.00;940.00;150.00;0.00;0.00;310.00;0.00;0.00;320.00;160.00
1769443927.9868407;0.00;0.00;0.00;0.00;629.67;0.00;0.00;1971.01;0.00;289.34;0.00;0.00;0.00;0.00;0.00;0.00;0.00;1249.34;1920.00;1058.68;240.00;0.00;0.00;400.00;864.67;1024.67;1644.67;1484.67;2134.67;2574.67;2691.67;1719.34;2470.00;1030.00;400.00;1160.00;2400.00;1170.00;940.00;150.00;0.00;0.00;310.00;0.00;0.00;320.00;160.00
1769443927.9876332;0.00;0.00;0.00;0.00;629.67;0.00;0.00;1971.01;0.00;289.34;0.00;0.00;0.00;0.00;0.00;0.00;0.00;1249.34;1920.00;1058.68;240.00;0.00;0.00;400.00;864.67;1024.67;1644.67;1484.67;2134.67;2574.67;2691.67;1719.34;2470.00;1030.00;400.00;1160.00;2400.00;1170.00;940.00;150.00;0.00;0.00;310.00;0.00;0.00;320.00;160.00
1769443928.0724878;0.00;0.00;0.00;0.00;629.67;0.00;0.00;1971.01;0.00;289.34;0.00;0.00;0.00;0.00;0.00;0.00;0.00;1249.34;1920.00;1058.68;240.00;0.00;0.00;400.00;864.67;1024.67;1644.67;1484.67;2134.67;2574.67;2691.67;1719.34;2470.00;1030.00;400.00;1160.00;2400.00;1170.00;940.00;150.00;0.00;0.00;310.00;0.00;0.00;320.00;160.00
1769443928.0732667;0.00;0.00;0.00;0.00;629.67;0.00;0.00;1971.01;0.00;289.34;0.00;0.00;0.00;0.00;0.00;0.00;0.00;1249.34;1920.00;1058.68;240.00;0.00;0.00;400.00;864.67;1024.67;1644.67;1484.67;2134.67;2574.67;2691.67;1719.34;2470.00;1030.00;400.00;1160.00;2400.00;1170.00;940.00;150.00;0.00;0.00;310.00;0.00;0.00;320.00;160.00
1769443928.156706;0.00;0.00;0.00;0.00;629.67;0.00;0.00;1971.01;0.00;289.34;0.00;0.00;0.00;0.00;0.00;0.00;0.00;1249.34;1920.00;1058.68;240.00;0.00;0.00;400.00;864.67;1024.67;1644.67;1484.67;2134.67;2574.67;2691.67;1719.34;2470.00;1030.00;400.00;1160.00;2400.00;1170.00;940.00;150.00;0.00;0.00;310.00;0.00;0.00;320.00;160.00
1769443928.1574614;0.00;0.00;0.00;0.00;629.67;0.00;0.00;1971.01;0.00;289.34;0.00;0.00;0.00;0.00;0.00;0.00;0.00;1249.34;1920.00;1058.68;240.00;0.00;0.00;400.00;864.67;1024.67;1644.67;1484.67;2134.67;2574.67;2691.67;1719.34;2470.00;1030.00;400.00;1160.00;2400.00;1170.00;940.00;150.00;0.00;0.00;310.00;0.00;0.00;320.00;160.00
1769443928.7334661;0.00;0.00;0.00;0.00;629.67;0.00;0.00;1826.34;0.00;289.34;0.00;0.00;0.00;144.67;0.00;0.00;0.00;384.67;1920.00;914.01;240.00;0.00;0.00;400.00;544.67;480.00;1340.00;1110.00;1690.00;2574.67;2547.00;1719.34;2470.00;1030.00;400.00;930.00;2400.00;1170.00;940.00;150.00;0.00;0.00;310.00;0.00;0.00;320.00;160.00
1769443928.7343018;0.00;0.00;0.00;0.00;629.67;0.00;0.00;1826.34;0.00;289.34;0.00;0.00;0.00;144.67;0.00;0.00;0.00;384.67;1920.00;914.01;240.00;0.00;0.00;400.00;544.67;480.00;1340.00;1110.00;1690.00;2574.67;2547.00;1719.34;2470.00;1030.00;400.00;930.00;2400.00;1170.00;940.00;150.00;0.00;0.00;310.00;0.00;0.00;320.00;160.00
1769443928.804025;0.00;0.00;0.00;0.00;629.67;0.00;0.00;1826.34;0.00;289.34;0.00;0.00;0.00;144.67;0.00;0.00;0.00;384.67;1920.00;914.01;384.67;0.00;0.00;400.00;544.67;480.00;1340.00;1110.00;1690.00;2574.67;2547.00;1719.34;2470.00;1030.00;400.00;930.00;2400.00;1170.00;940.00;150.00;0.00;0.00;310.00;0.00;0.00;320.00;160.00
1769443928.8047452;0.00;0.00;0.00;0.00;629.67;0.00;0.00;1826.34;0.00;289.34;0.00;0.00;0.00;144.67;0.00;0.00;0.00;384.67;1920.00;914.01;384.67;0.00;0.00;400.00;544.67;480.00;1340.00;1110.00;1690.00;2574.67;2547.00;1719.34;2470.00;1030.00;400.00;930.00;2400.00;1170.00;940.00;150.00;0.00;0.00;310.00;0.00;0.00;320.00;160.00
1769443933.7370768;0.00;0.00;0.00;144.67;532.67;0.00;0.00;1826.34;0.00;289.34;0.00;0.00;0.00;144.67;0.00;0.00;0.00;0.00;1920.00;914.01;384.67;0.00;0.00;240.00;320.00;320.00;1260.00;1030.00;1540.00;2574.67;2627.00;1799.34;2310.00;870.00;240.00;930.00;2400.00;1170.00;1170.00;150.00;0.00;0.00;310.00;0.00;0.00;320.00;160.00
1769443933.737806;0.00;0.00;0.00;144.67;532.67;0.00;0.00;1826.34;0.00;289.34;0.00;0.00;0.00;144.67;0.00;0.00;0.00;0.00;1920.00;914.01;384.67;0.00;0.00;240.00;320.00;320.00;1260.00;1030.00;1540.00;2574.67;2627.00;1799.34;2310.00;870.00;240.00;930.00;2400.00;1170.00;1170.00;150.00;0.00;0.00;310.00;0.00;0.00;320.00;160.00
1769443938.7441764;0.00;0.00;0.00;289.34;435.67;0.00;0.00;1826.34;0.00;289.34;0.00;0.00;0.00;144.67;0.00;0.00;0.00;0.00;1920.00;914.01;384.67;0.00;0.00;240.00;320.00;320.00;1260.00;1030.00;1540.00;2724.67;2707.00;1879.34;2310.00;870.00;240.00;930.00;2400.00;1170.00;1400.00;150.00;0.00;0.00;310.00;0.00;0.00;320.00;160.00
1769443938.744933;0.00;0.00;0.00;289.34;435.67;0.00;0.00;1826.34;0.00;289.34;0.00;0.00;0.00;144.67;0.00;0.00;0.00;0.00;1920.00;914.01;384.67;0.00;0.00;240.00;320.00;320.00;1260.00;1030.00;1540.00;2724.67;2707.00;1879.34;2310.00;870.00;240.00;930.00;2400.00;1170.00;1400.00;150.00;0.00;0.00;310.00;0.00;0.00;320.00;160.00
1769443942.7455099;0.00;0.00;0.00;289.34;435.67;0.00;0.00;1681.67;0.00;0.00;0.00;0.00;0.00;144.67;0.00;0.00;0.00;0.00;1920.00;1011.01;0.00;0.00;0.00;240.00;320.00;320.00;1260.00;880.00;1080.00;2094.67;1642.33;1719.34;2310.00;870.00;240.00;620.00;2400.00;1170.00;1400.00;0.00;0.00;0.00;310.00;0.00;0.00;320.00;160.00
1769443942.7461803;0.00;0.00;0.00;289.34;435.67;0.00;0.00;1681.67;0.00;0.00;0.00;0.00;0.00;144.67;0.00;0.00;0.00;0.00;1920.00;1011.01;0.00;0.00;0.00;240.00;320.00;320.00;1260.00;880.00;1080.00;2094.67;1642.33;1719.34;2310.00;870.00;240.00;620.00;2400.00;1170.00;1400.00;0.00;0.00;0.00;310.00;0.00;0.00;320.00;160.00
1769443942.8191316;0.00;0.00;0.00;289.34;435.67;0.00;0.00;1681.67;0.00;0.00;0.00;0.00;0.00;144.67;0.00;0.00;0.00;0.00;1920.00;1108.01;0.00;0.00;0.00;240.00;320.00;320.00;1420.00;1040.00;1230.00;2094.67;1642.33;1719.34;2310.00;870.00;240.00;620.00;2400.00;1170.00;1400.00;0.00;0.00;0.00;310.00;0.00;0.00;320.00;160.00
1769443942.8198154;0.00;0.00;0.00;289.34;435.67;0.00;0.00;1681.67;0.00;0.00;0.00;0.00;0.00;144.67;0.00;0.00;0.00;0.00;1920.00;1108.01;0.00;0.00;0.00;240.00;320.00;320.00;1420.00;1040.00;1230.00;2094.67;1642.33;1719.34;2310.00;870.00;240.00;620.00;2400.00;1170.00;1400.00;0.00;0.00;0.00;310.00;0.00;0.00;320.00;160.00
1769443944.58838;0.00;0.00;0.00;289.34;435.67;0.00;0.00;1681.67;0.00;0.00;0.00;0.00;0.00;144.67;0.00;0.00;0.00;0.00;1920.00;1205.01;0.00;0.00;0.00;240.00;544.67;544.67;1650.00;1040.00;1230.00;2094.67;1642.33;1719.34;2310.00;870.00;240.00;620.00;2400.00;1170.00;1400.00;0.00;0.00;0.00;310.00;0.00;0.00;320.00;160.00
1769443944.5891843;0.00;0.00;0.00;289.34;435.67;0.00;0.00;1681.67;0.00;0.00;0.00;0.00;0.00;144.67;0.00;0.00;0.00;0.00;1920.00;1205.01;0.00;0.00;0.00;240.00;544.67;544.67;1650.00;1040.00;1230.00;2094.67;1642.33;1719.34;2310.00;870.00;240.00;620.00;2400.00;1170.00;1400.00;0.00;0.00;0.00;310.00;0.00;0.00;320.00;160.00
1769443944.670024;0.00;0.00;0.00;434.01;291.00;0.00;0.00;1681.67;0.00;0.00;0.00;0.00;0.00;144.67;0.00;0.00;0.00;0.00;1920.00;1205.01;0.00;0.00;0.00;240.00;544.67;544.67;1650.00;1040.00;1230.00;2094.67;1642.33;1654.67;2310.00;870.00;240.00;620.00;2400.00;1170.00;1400.00;0.00;0.00;0.00;310.00;0.00;0.00;320.00;160.00
1769443944.6707165;0.00;0.00;0.00;434.01;291.00;0.00;0.00;1681.67;0.00;0.00;0.00;0.00;0.00;144.67;0.00;0.00;0.00;0.00;1920.00;1205.01;0.00;0.00;0.00;240.00;544.67;544.67;1650.00;1040.00;1230.00;2094.67;1642.33;1654.67;2310.00;870.00;240.00;620.00;2400.00;1170.00;1400.00;0.00;0.00;0.00;310.00;0.00;0.00;320.00;160.00
1769443944.7579188;0.00;0.00;0.00;434.01;291.00;0.00;0.00;1681.67;0.00;0.00;0.00;0.00;0.00;144.67;0.00;0.00;0.00;0.00;1920.00;1349.68;0.00;0.00;0.00;240.00;609.34;609.34;1730.00;1120.00;1310.00;2094.67;1642.33;1654.67;2310.00;870.00;240.00;620.00;2400.00;1170.00;1400.00;0.00;0.00;310.00;310.00;0.00;0.00;320.00;160.00
1769443944.7586472;0.00;0.00;0.00;434.01;291.00;0.00;0.00;1681.67;0.00;0.00;0.00;0.00;0.00;144.67;0.00;0.00;0.00;0.00;1920.00;1349.68;0.00;0.00;0.00;240.00;609.34;609.34;1730.00;1120.00;1310.00;2094.67;1642.33;1654.67;2310.00;870.00;240.00;620.00;2400.00;1170.00;1400.00;0.00;0.00;310.00;310.00;0.00;0.00;320.00;160.00
1769443944.839399;0.00;0.00;0.00;434.01;291.00;0.00;0.00;1681.67;0.00;0.00;0.00;0.00;0.00;144.67;0.00;0.00;0.00;0.00;1920.00;1494.35;0.00;0.00;0.00;400.00;674.01;674.01;1810.00;1200.00;1390.00;2094.67;1642.33;1814.67;2470.00;1030.00;400.00;850.00;2400.00;1170.00;1400.00;0.00;0.00;310.00;310.00;0.00;0.00;320.00;160.00
1769443944.8401632;0.00;0.00;0.00;434.01;291.00;0.00;0.00;1681.67;0.00;0.00;0.00;0.00;0.00;144.67;0.00;0.00;0.00;0.00;1920.00;1494.35;0.00;0.00;0.00;400.00;674.01;674.01;1810.00;1200.00;1390.00;2094.67;1642.33;1814.67;2470.00;1030.00;400.00;850.00;2400.00;1170.00;1400.00;0.00;0.00;310.00;310.00;0.00;0.00;320.00;160.00
1769443944.919611;0.00;0.00;0.00;434.01;291.00;0.00;0.00;1681.67;0.00;0.00;0.00;0.00;0.00;144.67;0.00;0.00;0.00;0.00;1920.00;1639.02;0.00;0.00;0.00;400.00;674.01;674.01;1954.67;1344.67;1604.67;2094.67;1642.33;1814.67;2470.00;1030.00;400.00;850.00;2400.00;1170.00;1400.00;0.00;0.00;310.00;310.00;0.00;0.00;320.00;160.00
1769443944.9203472;0.00;0.00;0.00;434.01;291.00;0.00;0.00;1681.67;0.00;0.00;0.00;0.00;0.00;144.67;0.00;0.00;0.00;0.00;1920.00;1639.02;0.00;0.00;0.00;400.00;674.01;674.01;1954.67;1344.67;1604.67;2094.67;1642.33;1814.67;2470.00;1030.00;400.00;850.00;2400.00;1170.00;1400.00;0.00;0.00;310.00;310.00;0.00;0.00;320.00;160.00
1769443946.659018;0.00;0.00;0.00;434.01;291.00;0.00;0.00;1681.67;0.00;0.00;0.00;0.00;0.00;144.67;0.00;0.00;0.00;0.00;1680.00;1543.69;0.00;0.00;0.00;240.00;514.01;514.01;2019.34;1409.34;1599.34;2254.67;1802.33;1814.67;2070.00;550.00;240.00;850.00;1550.00;1170.00;1400.00;0.00;0.00;310.00;310.00;0.00;0.00;0.00;160.00
1769443946.6597314;0.00;0.00;0.00;434.01;291.00;0.00;0.00;1681.67;0.00;0.00;0.00;0.00;0.00;144.67;0.00;0.00;0.00;0.00;1680.00;1543.69;0.00;0.00;0.00;240.00;514.01;514.01;2019.34;1409.34;1599.34;2254.67;1802.33;1814.67;2070.00;550.00;240.00;850.00;1550.00;1170.00;1400.00;0.00;0.00;310.00;310.00;0.00;0.00;0.00;160.00
1769443946.7350748;0.00;0.00;0.00;434.01;291.00;0.00;0.00;1681.67;0.00;0.00;0.00;0.00;0.00;144.67;0.00;0.00;0.00;0.00;1824.67;1543.69;0.00;0.00;0.00;240.00;514.01;514.01;2019.34;1409.34;1599.34;2254.67;2032.33;1959.34;2214.67;550.00;240.00;850.00;1550.00;1170.00;1400.00;0.00;0.00;310.00;310.00;0.00;0.00;0.00;160.00
1769443946.7358294;0.00;0.00;0.00;434.01;291.00;0.00;0.00;1681.67;0.00;0.00;0.00;0.00;0.00;144.67;0.00;0.00;0.00;0.00;1824.67;1543.69;0.00;0.00;0.00;240.00;514.01;514.01;2019.34;1409.34;1599.34;2254.67;2032.33;1959.34;2214.67;550.00;240.00;850.00;1550.00;1170.00;1400.00;0.00;0.00;310.00;310.00;0.00;0.00;0.00;160.00
1769443949.6928751;0.00;0.00;0.00;434.01;291.00;0.00;0.00;1441.67;0.00;0.00;0.00;0.00;0.00;144.67;0.00;0.00;0.00;0.00;1824.67;1399.02;0.00;0.00;0.00;240.00;514.01;514.01;1779.34;1169.34;1289.34;1864.67;2032.33;1959.34;2214.67;550.00;240.00;540.00;1550.00;1170.00;1400.00;0.00;0.00;310.00;310.00;0.00;0.00;0.00;160.00
1769443949.6936016;0.00;0.00;0.00;434.01;291.00;0.00;0.00;1441.67;0.00;0.00;0.00;0.00;0.00;144.67;0.00;0.00;0.00;0.00;1824.67;1399.02;0.00;0.00;0.00;240.00;514.01;514.01;1779.34;1169.34;1289.34;1864.67;2032.33;1959.34;2214.67;550.00;240.00;540.00;1550.00;1170.00;1400.00;0.00;0.00;310.00;310.00;0.00;0.00;0.00;160.00
1769443949.798218;0.00;0.00;0.00;434.01;291.00;0.00;0.00;1441.67;0.00;0.00;0.00;0.00;0.00;144.67;0.00;0.00;0.00;0.00;1824.67;1399.02;0.00;0.00;0.00;240.00;514.01;514.01;1779.34;1169.34;1289.34;1864.67;2032.33;1959.34;2214.67;550.00;240.00;540.00;1550.00;1170.00;1400.00;0.00;0.00;310.00;310.00;0.00;0.00;0.00;160.00
1769443949.7989628;0.00;0.00;0.00;434.01;291.00;0.00;0.00;1441.67;0.00;0.00;0.00;0.00;0.00;144.67;0.00;0.00;0.00;0.00;1824.67;1399.02;0.00;0.00;0.00;240.00;514.01;514.01;1779.34;1169.34;1289.34;1864.67;2032.33;1959.34;2214.67;550.00;240.00;540.00;1550.00;1170.00;1400.00;0.00;0.00;310.00;310.00;0.00;0.00;0.00;160.00
1769443962.7788749;0.00;0.00;0.00;0.00;0.00;0.00;0.00;1441.67;0.00;0.00;0.00;0.00;0.00;0.00;0.00;0.00;0.00;97.00;1824.67;725.01;0.00;0.00;0.00;240.00;434.01;531.01;1234.67;614.67;674.67;1394.67;1562.33;1254.67;2214.67;550.00;240.00;540.00;1550.00;1170.00;620.00;0.00;310.00;310.00;0.00;0.00;0.00;0.00;160.00
1769443962.7796073;0.00;0.00;0.00;0.00;0.00;0.00;0.00;1441.67;0.00;0.00;0.00;0.00;0.00;0.00;0.00;0.00;0.00;97.00;1824.67;725.01;0.00;0.00;0.00;240.00;434.01;531.01;1234.67;614.67;674.67;1394.67;1562.33;1254.67;2214.67;550.00;240.00;540.00;1550.00;1170.00;620.00;0.00;310.00;310.00;0.00;0.00;0.00;0.00;160.00
1769443962.865966;0.00;0.00;0.00;0.00;0.00;0.00;0.00;1441.67;0.00;0.00;0.00;0.00;0.00;0.00;0.00;0.00;0.00;194.00;1824.67;725.01;0.00;0.00;0.00;400.00;531.01;531.01;1234.67;614.67;674.67;1394.67;1562.33;1254.67;2374.67;710.00;400.00;540.00;1550.00;1170.00;620.00;0.00;310.00;310.00;0.00;0.00;0.00;0.00;160.00
1769443962.8668168;0.00;0.00;0.00;0.00;0.00;0.00;0.00;1441.67;0.00;0.00;0.00;0.00;0.00;0.00;0.00;0.00;0.00;194.00;1824.67;725.01;0.00;0.00;0.00;400.00;531.01;531.01;1234.67;614.67;674.67;1394.67;1562.33;1254.67;2374.67;710.00;400.00;540.00;1550.00;1170.00;620.00;0.00;310.00;310.00;0.00;0.00;0.00;0.00;160.00
1769443962.9524155;0.00;0.00;0.00;0.00;0.00;0.00;0.00;1441.67;0.00;0.00;0.00;0.00;0.00;0.00;0.00;0.00;0.00;291.00;1824.67;725.01;0.00;0.00;0.00;560.00;675.68;531.01;1234.67;614.67;674.67;1394.67;1562.33;1254.67;2534.67;870.00;560.00;540.00;1550.00;1170.00;620.00;0.00;310.00;310.00;0.00;112.33;0.00;0.00;160.00
1769443962.953116;0.00;0.00;0.00;0.00;0.00;0.00;0.00;1441.67;0.00;0.00;0.00;0.00;0.00;0.00;0.00;0.00;0.00;291.00;1824.67;725.01;0.00;0.00;0.00;560.00;675.68;531.01;1234.67;614.67;674.67;1394.67;1562.33;1254.67;2534.67;870.00;560.00;540.00;1550.00;1170.00;620.00;0.00;310.00;310.00;0.00;112.33;0.00;0.00;160.00
1769443963.042617;0.00;0.00;0.00;0.00;0.00;0.00;0.00;1441.67;0.00;0.00;0.00;0.00;0.00;0.00;0.00;0.00;0.00;388.00;1824.67;725.01;0.00;0.00;0.00;640.00;708.01;595.68;1299.34;679.34;739.34;1394.67;1562.33;1254.67;2614.67;950.00;640.00;540.00;1550.00;1170.00;620.00;0.00;310.00;470.00;0.00;112.33;0.00;0.00;160.00
1769443963.0432663;0.00;0.00;0.00;0.00;0.00;0.00;0.00;1441.67;0.00;0.00;0.00;0.00;0.00;0.00;0.00;0.00;0.00;388.00;1824.67;725.01;0.00;0.00;0.00;640.00;708.01;595.68;1299.34;679.34;739.34;1394.67;1562.33;1254.67;2614.67;950.00;640.00;540.00;1550.00;1170.00;620.00;0.00;310.00;470.00;0.00;112.33;0.00;0.00;160.00
1769443963.1310184;0.00;0.00;0.00;0.00;0.00;0.00;0.00;1441.67;0.00;0.00;0.00;0.00;0.00;0.00;0.00;0.00;0.00;580.33;1824.67;725.01;0.00;0.00;0.00;800.00;980.34;675.68;1379.34;759.34;889.34;1394.67;1562.33;1254.67;2774.67;1110.00;800.00;540.00;1550.00;1170.00;620.00;0.00;310.00;470.00;0.00;272.33;320.00;0.00;160.00
1769443963.1316602;0.00;0.00;0.00;0.00;0.00;0.00;0.00;1441.67;0.00;0.00;0.00;0.00;0.00;0.00;0.00;0.00;0.00;580.33;1824.67;725.01;0.00;0.00;0.00;800.00;980.34;675.68;1379.34;759.34;889.34;1394.67;1562.33;1254.67;2774.67;1110.00;800.00;540.00;1550.00;1170.00;620.00;0.00;310.00;470.00;0.00;272.33;320.00;0.00;160.00
1769443963.2156458;0.00;0.00;0.00;0.00;0.00;0.00;0.00;1441.67;0.00;0.00;0.00;0.00;0.00;0.00;0.00;0.00;0.00;677.33;1824.67;725.01;0.00;0.00;0.00;880.00;1060.34;740.35;1539.34;919.34;1049.34;1394.67;1562.33;1254.67;2854.67;1190.00;880.00;540.00;1550.00;1170.00;620.00;224.67;310.00;470.00;0.00;384.66;480.00;0.00;160.00
1769443963.2162957;0.00;0.00;0.00;0.00;0.00;0.00;0.00;1441.67;0.00;0.00;0.00;0.00;0.00;0.00;0.00;0.00;0.00;677.33;1824.67;725.01;0.00;0.00;0.00;880.00;1060.34;740.35;1539.34;919.34;1049.34;1394.67;1562.33;1254.67;2854.67;1190.00;880.00;540.00;1550.00;1170.00;620.00;224.67;310.00;470.00;0.00;384.66;480.00;0.00;160.00
1769443969.340439;0.00;0.00;0.00;0.00;0.00;0.00;0.00;1441.67;0.00;0.00;0.00;0.00;0.00;0.00;0.00;0.00;0.00;582.00;1824.67;725.01;0.00;0.00;0.00;752.33;820.34;820.35;1619.34;999.34;1059.34;1554.67;1712.33;1254.67;2727.00;1062.33;752.33;540.00;1662.33;1170.00;930.00;224.67;310.00;470.00;0.00;544.66;160.00;0.00;160.00
1769443969.341113;0.00;0.00;0.00;0.00;0.00;0.00;0.00;1441.67;0.00;0.00;0.00;0.00;0.00;0.00;0.00;0.00;0.00;582.00;1824.67;725.01;0.00;0.00;0.00;752.33;820.34;820.35;1619.34;999.34;1059.34;1554.67;1712.33;1254.67;2727.00;1062.33;752.33;540.00;1662.33;1170.00;930.00;224.67;310.00;470.00;0.00;544.66;160.00;0.00;160.00
1769443975.5130806;0.00;0.00;0.00;0.00;0.00;0.00;0.00;1441.67;0.00;0.00;0.00;0.00;0.00;0.00;0.00;0.00;0.00;485.00;1824.67;725.01;0.00;0.00;0.00;800.00;740.34;660.35;1459.34;839.34;899.34;1394.67;1562.33;1404.67;2774.67;1110.00;800.00;540.00;1550.00;1170.00;620.00;224.67;310.00;470.00;0.00;112.33;160.00;0.00;320.00
1769443975.5137186;0.00;0.00;0.00;0.00;0.00;0.00;0.00;1441.67;0.00;0.00;0.00;0.00;0.00;0.00;0.00;0.00;0.00;485.00;1824.67;725.01;0.00;0.00;0.00;800.00;740.34;660.35;1459.34;839.34;899.34;1394.67;1562.33;1404.67;2774.67;1110.00;800.00;540.00;1550.00;1170.00;620.00;224.67;310.00;470.00;0.00;112.33;160.00;0.00;320.00
1769443975.5910492;0.00;0.00;0.00;0.00;0.00;0.00;0.00;1441.67;0.00;0.00;0.00;0.00;0.00;0.00;0.00;0.00;0.00;582.00;1824.67;725.01;0.00;0.00;0.00;832.33;772.67;725.02;1524.01;904.01;1059.34;1554.67;1562.33;1404.67;2854.67;1190.00;880.00;540.00;1550.00;1170.00;620.00;224.67;310.00;470.00;224.67;112.33;160.00;0.00;432.33
1769443975.591736;0.00;0.00;0.00;0.00;0.00;0.00;0.00;1441.67;0.00;0.00;0.00;0.00;0.00;0.00;0.00;0.00;0.00;582.00;1824.67;725.01;0.00;0.00;0.00;832.33;772.67;725.02;1524.01;904.01;1059.34;1554.67;1562.33;1404.67;2854.67;1190.00;880.00;540.00;1550.00;1170.00;620.00;224.67;310.00;470.00;224.67;112.33;160.00;0.00;432.33
1769443979.6958237;0.00;0.00;0.00;0.00;0.00;0.00;0.00;1297.00;0.00;0.00;0.00;0.00;0.00;0.00;0.00;0.00;0.00;582.00;1824.67;725.01;144.67;0.00;0.00;832.33;772.67;725.02;1524.01;904.01;1059.34;1619.34;1572.33;1404.67;2854.67;1190.00;880.00;540.00;1550.00;1170.00;620.00;224.67;310.00;470.00;224.67;112.33;160.00;0.00;432.33
1769443979.6966622;0.00;0.00;0.00;0.00;0.00;0.00;0.00;1297.00;0.00;0.00;0.00;0.00;0.00;0.00;0.00;0.00;0.00;582.00;1824.67;725.01;144.67;0.00;0.00;832.33;772.67;725.02;1524.01;904.01;1059.34;1619.34;1572.33;1404.67;2854.67;1190.00;880.00;540.00;1550.00;1170.00;620.00;224.67;310.00;470.00;224.67;112.33;160.00;0.00;432.33
1769443983.803048;0.00;0.00;0.00;0.00;0.00;0.00;0.00;1297.00;0.00;0.00;0.00;0.00;0.00;0.00;0.00;0.00;0.00;582.00;1824.67;725.01;144.67;144.67;0.00;832.33;772.67;725.02;1524.01;904.01;1059.34;1619.34;1572.33;1644.67;2999.34;1334.67;880.00;540.00;1550.00;1170.00;620.00;224.67;310.00;470.00;224.67;112.33;160.00;0.00;432.33
1769443983.8037233;0.00;0.00;0.00;0.00;0.00;0.00;0.00;1297.00;0.00;0.00;0.00;0.00;0.00;0.00;0.00;0.00;0.00;582.00;1824.67;725.01;144.67;144.67;0.00;832.33;772.67;725.02;1524.01;904.01;1059.34;1619.34;1572.33;1644.67;2999.34;1334.67;880.00;540.00;1550.00;1170.00;620.00;224.67;310.00;470.00;224.67;112.33;160.00;0.00;432.33
1769443983.8867707;0.00;0.00;0.00;0.00;0.00;0.00;0.00;1297.00;0.00;0.00;0.00;0.00;0.00;0.00;0.00;0.00;0.00;582.00;1824.67;725.01;144.67;289.34;0.00;832.33;772.67;725.02;1524.01;904.01;1059.34;1619.34;1572.33;1724.67;3144.01;1479.34;880.00;540.00;1550.00;1170.00;620.00;224.67;310.00;470.00;224.67;112.33;160.00;0.00;432.33
1769443983.8874521;0.00;0.00;0.00;0.00;0.00;0.00;0.00;1297.00;0.00;0.00;0.00;0.00;0.00;0.00;0.00;0.00;0.00;582.00;1824.67;725.01;144.67;289.34;0.00;832.33;772.67;725.02;1524.01;904.01;1059.34;1619.34;1572.33;1724.67;3144.01;1479.34;880.00;540.00;1550.00;1170.00;620.00;224.67;310.00;470.00;224.67;112.33;160.00;0.00;432.33
1769443983.9676487;0.00;0.00;0.00;0.00;0.00;0.00;0.00;1297.00;0.00;0.00;0.00;0.00;0.00;0.00;0.00;0.00;0.00;582.00;1824.67;725.01;144.67;434.01;0.00;832.33;772.67;725.02;1524.01;904.01;1059.34;1619.34;1572.33;1954.67;3288.68;1624.01;880.00;540.00;1550.00;1170.00;620.00;224.67;310.00;470.00;224.67;112.33;160.00;0.00;432.33
1769443983.9683578;0.00;0.00;0.00;0.00;0.00;0.00;0.00;1297.00;0.00;0.00;0.00;0.00;0.00;0.00;0.00;0.00;0.00;582.00;1824.67;725.01;144.67;434.01;0.00;832.33;772.67;725.02;1524.01;904.01;1059.34;1619.34;1572.33;1954.67;3288.68;1624.01;880.00;540.00;1550.00;1170.00;620.00;224.67;310.00;470.00;224.67;112.33;160.00;0.00;432.33
1769443984.050807;0.00;0.00;0.00;0.00;0.00;0.00;0.00;1297.00;0.00;0.00;0.00;0.00;0.00;0.00;0.00;0.00;0.00;582.00;1824.67;725.01;144.67;578.68;0.00;832.33;772.67;725.02;1524.01;904.01;1059.34;1619.34;1572.33;2194.67;3433.35;1768.68;880.00;540.00;1550.00;1170.00;620.00;224.67;310.00;470.00;224.67;112.33;160.00;0.00;432.33
1769443984.051478;0.00;0.00;0.00;0.00;0.00;0.00;0.00;1297.00;0.00;0.00;0.00;0.00;0.00;0.00;0.00;0.00;0.00;582.00;1824.67;725.01;144.67;578.68;0.00;832.33;772.67;725.02;1524.01;904.01;1059.34;1619.34;1572.33;2194.67;3433.35;1768.68;880.00;540.00;1550.00;1170.00;620.00;224.67;310.00;470.00;224.67;112.33;160.00;0.00;432.33
1769443984.132663;0.00;0.00;0.00;0.00;0.00;0.00;0.00;1297.00;0.00;0.00;0.00;0.00;0.00;0.00;0.00;0.00;0.00;582.00;1824.67;725.01;144.67;818.68;0.00;832.33;772.67;725.02;1524.01;904.01;1059.34;1619.34;1572.33;2434.67;3673.35;2008.68;880.00;540.00;1550.00;1490.00;620.00;224.67;310.00;470.00;224.67;112.33;160.00;0.00;432.33
1769443984.133355;0.00;0.00;0.00;0.00;0.00;0.00;0.00;1297.00;0.00;0.00;0.00;0.00;0.00;0.00;0.00;0.00;0.00;582.00;1824.67;725.01;144.67;818.68;0.00;832.33;772.67;725.02;1524.01;904.01;1059.34;1619.34;1572.33;2434.67;3673.35;2008.68;880.00;540.00;1550.00;1490.00;620.00;224.67;310.00;470.00;224.67;112.33;160.00;0.00;432.33
1769443984.2159212;0.00;0.00;0.00;0.00;0.00;0.00;0.00;1297.00;0.00;0.00;0.00;0.00;0.00;0.00;0.00;0.00;0.00;582.00;1824.67;725.01;144.67;1058.68;0.00;832.33;772.67;725.02;1524.01;904.01;1059.34;1619.34;1572.33;2674.67;3913.35;2248.68;880.00;540.00;1870.00;1490.00;620.00;224.67;310.00;470.00;224.67;112.33;160.00;0.00;432.33
1769443984.2167075;0.00;0.00;0.00;0.00;0.00;0.00;0.00;1297.00;0.00;0.00;0.00;0.00;0.00;0.00;0.00;0.00;0.00;582.00;1824.67;725.01;144.67;1058.68;0.00;832.33;772.67;725.02;1524.01;904.01;1059.34;1619.34;1572.33;2674.67;3913.35;2248.68;880.00;540.00;1870.00;1490.00;620.00;224.67;310.00;470.00;224.67;112.33;160.00;0.00;432.33
1769443984.708115;0.00;0.00;0.00;0.00;0.00;0.00;0.00;817.00;0.00;0.00;0.00;0.00;0.00;0.00;0.00;0.00;0.00;582.00;1824.67;725.01;384.67;1058.68;0.00;832.33;772.67;725.02;1524.01;904.01;1059.34;1699.34;1422.33;2674.67;3913.35;2248.68;880.00;540.00;1870.00;1490.00;620.00;224.67;310.00;470.00;224.67;112.33;160.00;0.00;432.33
1769443984.7088923;0.00;0.00;0.00;0.00;0.00;0.00;0.00;817.00;0.00;0.00;0.00;0.00;0.00;0.00;0.00;0.00;0.00;582.00;1824.67;725.01;384.67;1058.68;0.00;832.33;772.67;725.02;1524.01;904.01;1059.34;1699.34;1422.33;2674.67;3913.35;2248.68;880.00;540.00;1870.00;1490.00;620.00;224.67;310.00;470.00;224.67;112.33;160.00;0.00;432.33
1769443984.7972152;0.00;0.00;0.00;0.00;0.00;0.00;0.00;817.00;0.00;0.00;0.00;0.00;0.00;0.00;0.00;0.00;0.00;582.00;1824.67;725.01;624.67;1058.68;0.00;832.33;772.67;725.02;1524.01;904.01;1059.34;1939.34;1502.33;2674.67;3913.35;2248.68;880.00;540.00;1870.00;1490.00;930.00;224.67;310.00;470.00;224.67;112.33;160.00;0.00;432.33
1769443984.7980053;0.00;0.00;0.00;0.00;0.00;0.00;0.00;817.00;0.00;0.00;0.00;0.00;0.00;0.00;0.00;0.00;0.00;582.00;1824.67;725.01;624.67;1058.68;0.00;832.33;772.67;725.02;1524.01;904.01;1059.34;1939.34;1502.33;2674.67;3913.35;2248.68;880.00;540.00;1870.00;1490.00;930.00;224.67;310.00;470.00;224.67;112.33;160.00;0.00;432.33
1769443986.6493726;0.00;0.00;0.00;0.00;0.00;0.00;0.00;817.00;0.00;0.00;0.00;0.00;0.00;0.00;0.00;0.00;0.00;725.00;1584.67;725.01;624.67;1058.68;0.00;720.00;660.34;820.35;1619.34;999.34;1049.34;1619.34;1342.33;2514.67;3673.35;2088.68;720.00;230.00;1870.00;1490.00;930.00;544.67;310.00;470.00;310.00;112.33;160.00;0.00;160.00
1769443986.6500974;0.00;0.00;0.00;0.00;0.00;0.00;0.00;817.00;0.00;0.00;0.00;0.00;0.00;0.00;0.00;0.00;0.00;725.00;1584.67;725.01;624.67;1058.68;0.00;720.00;660.34;820.35;1619.34;999.34;1049.34;1619.34;1342.33;2514.67;3673.35;2088.68;720.00;230.00;1870.00;1490.00;930.00;544.67;310.00;470.00;310.00;112.33;160.00;0.00;160.00
1769443986.726304;0.00;0.00;0.00;0.00;0.00;0.00;0.00;817.00;0.00;0.00;0.00;0.00;0.00;0.00;0.00;0.00;0.00;725.00;1824.67;725.01;624.67;1058.68;0.00;720.00;660.34;820.35;1619.34;999.34;1049.34;1769.34;1502.33;2754.67;3913.35;2088.68;720.00;230.00;1870.00;1490.00;930.00;544.67;310.00;470.00;310.00;112.33;160.00;0.00;160.00
1769443986.727048;0.00;0.00;0.00;0.00;0.00;0.00;0.00;817.00;0.00;0.00;0.00;0.00;0.00;0.00;0.00;0.00;0.00;725.00;1824.67;725.01;624.67;1058.68;0.00;720.00;660.34;820.35;1619.34;999.34;1049.34;1769.34;1502.33;2754.67;3913.35;2088.68;720.00;230.00;1870.00;1490.00;930.00;544.67;310.00;470.00;310.00;112.33;160.00;0.00;160.00
1769443991.5551438;0.00;0.00;0.00;0.00;0.00;0.00;0.00;480.00;0.00;0.00;0.00;0.00;0.00;0.00;0.00;0.00;0.00;725.00;1824.67;725.01;529.34;1058.68;0.00;720.00;660.34;820.35;1619.34;999.34;1049.34;694.67;1090.00;2524.67;3913.35;2088.68;720.00;230.00;1870.00;1260.00;620.00;544.67;310.00;470.00;310.00;112.33;160.00;0.00;160.00
1769443991.5558782;0.00;0.00;0.00;0.00;0.00;0.00;0.00;480.00;0.00;0.00;0.00;0.00;0.00;0.00;0.00;0.00;0.00;725.00;1824.67;725.01;529.34;1058.68;0.00;720.00;660.34;820.35;1619.34;999.34;1049.34;694.67;1090.00;2524.67;3913.35;2088.68;720.00;230.00;1870.00;1260.00;620.00;544.67;310.00;470.00;310.00;112.33;160.00;0.00;160.00
1769443999.4368849;0.00;0.00;0.00;0.00;0.00;0.00;0.00;0.00;0.00;0.00;0.00;0.00;0.00;0.00;0.00;0.00;0.00;725.00;1824.67;725.01;0.00;1058.68;0.00;640.00;580.34;852.68;1556.34;1031.67;1081.67;150.00;700.00;2524.67;3833.35;2008.68;640.00;230.00;1870.00;1260.00;310.00;320.00;310.00;470.00;310.00;0.00;0.00;0.00;160.00
1769443999.4375775;0.00;0.00;0.00;0.00;0.00;0.00;0.00;0.00;0.00;0.00;0.00;0.00;0.00;0.00;0.00;0.00;0.00;725.00;1824.67;725.01;0.00;1058.68;0.00;640.00;580.34;852.68;1556.34;1031.67;1081.67;150.00;700.00;2524.67;3833.35;2008.68;640.00;230.00;1870.00;1260.00;310.00;320.00;310.00;470.00;310.00;0.00;0.00;0.00;160.00
1769443999.7412698;0.00;0.00;0.00;0.00;0.00;97.00;0.00;0.00;0.00;0.00;0.00;0.00;0.00;0.00;0.00;0.00;0.00;725.00;1200.00;725.01;0.00;1058.68;0.00;640.00;580.34;852.68;1556.34;1031.67;1081.67;150.00;160.00;2220.00;3208.68;2008.68;640.00;230.00;1330.00;940.00;0.00;320.00;310.00;470.00;310.00;0.00;0.00;0.00;160.00
1769443999.7419162;0.00;0.00;0.00;0.00;0.00;97.00;0.00;0.00;0.00;0.00;0.00;0.00;0.00;0.00;0.00;0.00;0.00;725.00;1200.00;725.01;0.00;1058.68;0.00;640.00;580.34;852.68;1556.34;1031.67;1081.67;150.00;160.00;2220.00;3208.68;2008.68;640.00;230.00;1330.00;940.00;0.00;320.00;310.00;470.00;310.00;0.00;0.00;0.00;160.00
1769443999.8171387;0.00;0.00;0.00;0.00;0.00;194.00;0.00;0.00;0.00;0.00;0.00;0.00;0.00;0.00;0.00;0.00;0.00;725.00;1200.00;725.01;0.00;1058.68;0.00;640.00;580.34;852.68;1556.34;1031.67;1081.67;150.00;160.00;2220.00;3208.68;2008.68;640.00;230.00;1330.00;940.00;0.00;320.00;310.00;470.00;310.00;0.00;0.00;0.00;160.00
1769443999.817769;0.00;0.00;0.00;0.00;0.00;194.00;0.00;0.00;0.00;0.00;0.00;0.00;0.00;0.00;0.00;0.00;0.00;725.00;1200.00;725.01;0.00;1058.68;0.00;640.00;580.34;852.68;1556.34;1031.67;1081.67;150.00;160.00;2220.00;3208.68;2008.68;640.00;230.00;1330.00;940.00;0.00;320.00;310.00;470.00;310.00;0.00;0.00;0.00;160.00
1769443999.9005299;0.00;0.00;0.00;0.00;0.00;291.00;0.00;0.00;0.00;0.00;0.00;0.00;0.00;0.00;0.00;0.00;0.00;725.00;1200.00;725.01;0.00;1058.68;0.00;640.00;580.34;852.68;1556.34;1031.67;1081.67;390.00;400.00;2220.00;3208.68;2008.68;640.00;230.00;1330.00;940.00;0.00;320.00;310.00;470.00;310.00;0.00;0.00;0.00;160.00
1769443999.9012127;0.00;0.00;0.00;0.00;0.00;291.00;0.00;0.00;0.00;0.00;0.00;0.00;0.00;0.00;0.00;0.00;0.00;725.00;1200.00;725.01;0.00;1058.68;0.00;640.00;580.34;852.68;1556.34;1031.67;1081.67;390.00;400.00;2220.00;3208.68;2008.68;640.00;230.00;1330.00;940.00;0.00;320.00;310.00;470.00;310.00;0.00;0.00;0.00;160.00
1769444004.7400503;0.00;0.00;0.00;0.00;0.00;388.00;0.00;0.00;0.00;0.00;0.00;0.00;0.00;0.00;0.00;0.00;0.00;725.00;480.00;725.01;0.00;1058.68;0.00;640.00;580.34;852.68;1556.34;1031.67;1081.67;1010.00;497.00;1900.00;2178.68;1698.68;640.00;230.00;320.00;320.00;0.00;320.00;310.00;470.00;310.00;0.00;0.00;0.00;160.00
1769444004.7406769;0.00;0.00;0.00;0.00;0.00;388.00;0.00;0.00;0.00;0.00;0.00;0.00;0.00;0.00;0.00;0.00;0.00;725.00;480.00;725.01;0.00;1058.68;0.00;640.00;580.34;852.68;1556.34;1031.67;1081.67;1010.00;497.00;1900.00;2178.68;1698.68;640.00;230.00;320.00;320.00;0.00;320.00;310.00;470.00;310.00;0.00;0.00;0.00;160.00
1769444004.8158276;0.00;0.00;0.00;0.00;0.00;532.67;0.00;0.00;0.00;0.00;0.00;0.00;0.00;0.00;0.00;0.00;0.00;725.00;480.00;725.01;0.00;1058.68;0.00;640.00;580.34;852.68;1556.34;1031.67;1081.67;1320.00;641.67;1900.00;2178.68;1698.68;640.00;230.00;320.00;320.00;0.00;320.00;310.00;470.00;310.00;0.00;0.00;0.00;160.00
1769444004.8165634;0.00;0.00;0.00;0.00;0.00;532.67;0.00;0.00;0.00;0.00;0.00;0.00;0.00;0.00;0.00;0.00;0.00;725.00;480.00;725.01;0.00;1058.68;0.00;640.00;580.34;852.68;1556.34;1031.67;1081.67;1320.00;641.67;1900.00;2178.68;1698.68;640.00;230.00;320.00;320.00;0.00;320.00;310.00;470.00;310.00;0.00;0.00;0.00;160.00
1769444004.8954725;0.00;0.00;0.00;0.00;0.00;677.34;0.00;0.00;0.00;0.00;0.00;0.00;0.00;0.00;0.00;0.00;0.00;725.00;480.00;725.01;0.00;1058.68;0.00;640.00;580.34;852.68;1556.34;1031.67;1081.67;1470.00;1031.67;2124.67;2178.68;1698.68;640.00;230.00;544.67;320.00;0.00;320.00;310.00;470.00;310.00;0.00;0.00;0.00;160.00
1769444004.8962045;0.00;0.00;0.00;0.00;0.00;677.34;0.00;0.00;0.00;0.00;0.00;0.00;0.00;0.00;0.00;0.00;0.00;725.00;480.00;725.01;0.00;1058.68;0.00;640.00;580.34;852.68;1556.34;1031.67;1081.67;1470.00;1031.67;2124.67;2178.68;1698.68;640.00;230.00;544.67;320.00;0.00;320.00;310.00;470.00;310.00;0.00;0.00;0.00;160.00
1769444007.8291333;0.00;0.00;0.00;0.00;0.00;822.01;0.00;0.00;0.00;0.00;0.00;0.00;0.00;0.00;0.00;0.00;0.00;725.00;480.00;725.01;0.00;1058.68;0.00;640.00;580.34;852.68;1556.34;1031.67;1081.67;1470.00;1476.34;2124.67;2178.68;1698.68;640.00;230.00;544.67;320.00;0.00;320.00;310.00;470.00;310.00;0.00;0.00;0.00;160.00
1769444007.8298;0.00;0.00;0.00;0.00;0.00;822.01;0.00;0.00;0.00;0.00;0.00;0.00;0.00;0.00;0.00;0.00;0.00;725.00;480.00;725.01;0.00;1058.68;0.00;640.00;580.34;852.68;1556.34;1031.67;1081.67;1470.00;1476.34;2124.67;2178.68;1698.68;640.00;230.00;544.67;320.00;0.00;320.00;310.00;470.00;310.00;0.00;0.00;0.00;160.00
1769444007.9205768;0.00;0.00;0.00;0.00;0.00;966.68;0.00;0.00;0.00;0.00;0.00;0.00;0.00;0.00;0.00;0.00;0.00;725.00;480.00;725.01;0.00;1058.68;0.00;640.00;580.34;852.68;1556.34;1031.67;1081.67;1630.00;1621.01;2124.67;2178.68;1698.68;640.00;230.00;544.67;320.00;0.00;320.00;310.00;470.00;310.00;0.00;0.00;0.00;160.00
1769444007.9213147;0.00;0.00;0.00;0.00;0.00;966.68;0.00;0.00;0.00;0.00;0.00;0.00;0.00;0.00;0.00;0.00;0.00;725.00;480.00;725.01;0.00;1058.68;0.00;640.00;580.34;852.68;1556.34;1031.67;1081.67;1630.00;1621.01;2124.67;2178.68;1698.68;640.00;230.00;544.67;320.00;0.00;320.00;310.00;470.00;310.00;0.00;0.00;0.00;160.00
1769444008.005995;0.00;0.00;0.00;0.00;0.00;1111.35;0.00;0.00;0.00;0.00;0.00;0.00;0.00;0.00;0.00;0.00;0.00;725.00;480.00;725.01;0.00;1058.68;0.00;640.00;580.34;852.68;1556.34;1031.67;1081.67;1630.00;2065.68;2124.67;2178.68;1698.68;640.00;230.00;544.67;320.00;0.00;320.00;310.00;470.00;310.00;0.00;0.00;0.00;160.00
1769444008.006762;0.00;0.00;0.00;0.00;0.00;1111.35;0.00;0.00;0.00;0.00;0.00;0.00;0.00;0.00;0.00;0.00;0.00;725.00;480.00;725.01;0.00;1058.68;0.00;640.00;580.34;852.68;1556.34;1031.67;1081.67;1630.00;2065.68;2124.67;2178.68;1698.68;640.00;230.00;544.67;320.00;0.00;320.00;310.00;470.00;310.00;0.00;0.00;0.00;160.00
1769444008.095915;0.00;0.00;0.00;0.00;0.00;1256.02;0.00;0.00;0.00;0.00;0.00;0.00;0.00;0.00;0.00;0.00;0.00;725.00;480.00;725.01;0.00;1058.68;0.00;640.00;580.34;852.68;1716.34;1191.67;1241.67;1790.00;2130.35;2204.67;2178.68;1698.68;640.00;230.00;544.67;320.00;0.00;630.00;310.00;470.00;310.00;0.00;0.00;0.00;160.00
1769444008.0965798;0.00;0.00;0.00;0.00;0.00;1256.02;0.00;0.00;0.00;0.00;0.00;0.00;0.00;0.00;0.00;0.00;0.00;725.00;480.00;725.01;0.00;1058.68;0.00;640.00;580.34;852.68;1716.34;1191.67;1241.67;1790.00;2130.35;2204.67;2178.68;1698.68;640.00;230.00;544.67;320.00;0.00;630.00;310.00;470.00;310.00;0.00;0.00;0.00;160.00
1769444008.1891983;0.00;0.00;0.00;0.00;0.00;1400.69;0.00;0.00;0.00;0.00;0.00;0.00;0.00;0.00;0.00;0.00;0.00;725.00;480.00;725.01;0.00;1058.68;0.00;640.00;580.34;852.68;1716.34;1191.67;1551.67;1950.00;2425.02;2204.67;2178.68;1698.68;640.00;230.00;544.67;320.00;0.00;630.00;310.00;470.00;630.00;0.00;0.00;0.00;160.00
1769444008.1898916;0.00;0.00;0.00;0.00;0.00;1400.69;0.00;0.00;0.00;0.00;0.00;0.00;0.00;0.00;0.00;0.00;0.00;725.00;480.00;725.01;0.00;1058.68;0.00;640.00;580.34;852.68;1716.34;1191.67;1551.67;1950.00;2425.02;2204.67;2178.68;1698.68;640.00;230.00;544.67;320.00;0.00;630.00;310.00;470.00;630.00;0.00;0.00;0.00;160.00
1769444008.2784586;0.00;0.00;0.00;0.00;0.00;1640.69;0.00;0.00;0.00;0.00;0.00;0.00;0.00;0.00;0.00;0.00;0.00;725.00;480.00;725.01;0.00;1058.68;0.00;640.00;580.34;852.68;1716.34;1191.67;1551.67;1950.00;2425.02;2604.67;2178.68;1698.68;640.00;230.00;1094.67;630.00;0.00;630.00;310.00;470.00;630.00;0.00;0.00;0.00;160.00
1769444008.2791371;0.00;0.00;0.00;0.00;0.00;1640.69;0.00;0.00;0.00;0.00;0.00;0.00;0.00;0.00;0.00;0.00;0.00;725.00;480.00;725.01;0.00;1058.68;0.00;640.00;580.34;852.68;1716.34;1191.67;1551.67;1950.00;2425.02;2604.67;2178.68;1698.68;640.00;230.00;1094.67;630.00;0.00;630.00;310.00;470.00;630.00;0.00;0.00;0.00;160.00
