No.,timestamp,time_seconds,users,cpu_utilization,bandwidth_utilization,cache_utilization,mobile_cpu_utilization,mobile_cache_utilization,latency,latency_diff,wait_time,decision_time_ms,success,fail_reason,sfc_id,recovery_time,sfc_recovered,cpu_saved,cache_saved,shared_vnfs,running_sfcs,running_players,running_sessions,trascode_bw,crashing,acceptance_rate,cpu_per_flow,cache_per_flow,energy_consumption
0,1759174254.1142652,0,1,0.0234,0.0152,0.0249,6.0,0.0,6.1,None,None,6.447,True,None,sfc_cache_p1_1,0,None,0,0,1,2,0,0,0,False,100.0,15.5,16.5,2064.0520043336946
0,1759174254.1146116,0.0,1,0.0234,0.0152,0.0249,6.0,0.0,6.97,None,None,5.318,True,None,sfc_unique_p1_1,0,None,0,0,1,2,0,0,0,False,100.0,15.5,16.5,2064.0520043336946
0,1759174254.1306517,0.0,2,0.0469,0.0323,0.0499,12.0,0.0,9.43,None,None,5.327,True,None,sfc_cache_p2_1,0,None,0,0,3,4,0,0,0,False,100.0,15.5,16.5,2088.1040086673893
0,1759174254.1309023,0.0,2,0.0469,0.0323,0.0499,12.0,0.0,7.5,None,None,5.262,True,None,sfc_unique_p2_1,0,None,0,0,3,4,0,0,0,False,100.0,15.5,16.5,2088.1040086673893
0,1759174254.1443489,0.0,3,0.0673,0.0441,0.0499,18.0,0.0,8.31,None,None,5.24,True,None,sfc_cache_p3_1,0,None,4,33.0,6,6,0,0,0,False,100.0,14.833333333333334,11.0,2109.795697260486
0,1759174254.14459,0.0,3,0.0673,0.0441,0.0499,18.0,0.0,6.19,None,None,5.124,True,None,sfc_unique_p3_1,0,None,4,33.0,6,6,0,0,0,False,100.0,14.833333333333334,11.0,2109.795697260486
0,1759174254.1578083,0.0,4,0.0877,0.0512,0.0499,24.0,0.0,7.52,None,None,5.288,True,None,sfc_cache_p4_1,0,None,8,66.0,9,8,0,0,0,False,100.0,14.5,8.25,2144.271784553475
0,1759174254.158053,0.0,4,0.0877,0.0512,0.0499,24.0,0.0,5.37,None,None,5.223,True,None,sfc_unique_p4_1,0,None,8,66.0,9,8,0,0,0,False,100.0,14.5,8.25,2144.271784553475
0,1759174273.1163836,19.0,6,0.1111,0.0574,0.0748,30.0,0.0,8.44,None,None,10.428,True,None,sfc_cache_p1_2,0,None,8,66.0,10,10,0,0,0,False,100.0,14.7,9.9,2177.785172573905
0,1759174273.1166668,19.0,6,0.1111,0.0574,0.0748,30.0,0.0,6.53,None,None,8.473,True,None,sfc_unique_p1_2,0,None,8,66.0,10,10,0,0,0,False,100.0,14.7,9.9,2177.785172573905
0,1759174273.1406937,19.0,7,0.1346,0.0801,0.0998,36.0,0.0,9.79,None,None,9.639,True,None,sfc_cache_p2_2,0,None,8,66.0,12,12,0,0,0,False,100.0,14.833333333333334,11.0,2218.503714595264
0,1759174273.1411548,19.0,7,0.1346,0.0801,0.0998,36.0,0.0,10.23,None,None,9.323,True,None,sfc_unique_p2_2,0,None,8,66.0,12,12,0,0,0,False,100.0,14.833333333333334,11.0,2218.503714595264
0,1759174273.1562438,19.0,8,0.155,0.0857,0.0998,42.0,0.0,8.6,None,None,5.971,True,None,sfc_cache_p3_2,0,None,12,99.0,15,14,0,0,0,False,100.0,14.642857142857142,9.428571428571429,2257.3119486147652
0,1759174273.1564708,19.0,8,0.155,0.0857,0.0998,42.0,0.0,6.65,None,None,5.414,True,None,sfc_unique_p3_2,0,None,12,99.0,15,14,0,0,0,False,100.0,14.642857142857142,9.428571428571429,2257.3119486147652
0,1759174273.1755228,19.1,9,0.1754,0.0947,0.0998,48.0,0.0,7.89,None,None,5.826,True,None,sfc_cache_p4_2,0,None,16,132.0,18,16,0,0,0,False,100.0,14.5,8.25,2262.535598204612
0,1759174273.1757724,19.1,9,0.1754,0.0947,0.0998,48.0,0.0,7.03,None,None,5.371,True,None,sfc_unique_p4_2,0,None,16,132.0,18,16,0,0,0,False,100.0,14.5,8.25,2262.535598204612
0,1759174289.2460032,35.1,9,0.1784,0.0845,0.1247,48.0,0.0,8.43,None,None,9.835,True,None,sfc_cache_p1_1,0,None,12,99.0,17,16,0,0,0,False,100.0,14.75,10.3125,2250.8241758241757
0,1759174289.2464583,35.1,9,0.1784,0.0845,0.1247,48.0,0.0,7.32,None,None,9.093,True,None,sfc_unique_p1_1,0,None,12,99.0,17,16,0,0,0,False,100.0,14.75,10.3125,2250.8241758241757
0,1759174290.129205,36.0,11,0.2018,0.0955,0.1497,54.0,0.0,8.02,None,None,10.081,True,None,sfc_cache_p1_3,0,None,12,99.0,18,18,0,0,0,False,100.0,14.833333333333334,11.0,2272.763504101532
0,1759174290.1296732,36.0,11,0.2018,0.0955,0.1497,54.0,0.0,5.79,None,None,9.198,True,None,sfc_unique_p1_3,0,None,12,99.0,18,18,0,0,0,False,100.0,14.833333333333334,11.0,2272.763504101532
0,1759174290.155308,36.0,12,0.2223,0.1091,0.1497,60.0,0.0,7.31,None,None,9.693,True,None,sfc_cache_p2_3,0,None,16,132.0,21,20,0,0,0,False,100.0,14.7,9.9,2284.952019811175
0,1759174290.1557486,36.0,12,0.2223,0.1091,0.1497,60.0,0.0,6.19,None,None,9.399,True,None,sfc_unique_p2_3,0,None,16,132.0,21,20,0,0,0,False,100.0,14.7,9.9,2284.952019811175
0,1759174290.1820686,36.1,13,0.2427,0.1302,0.1497,66.0,0.0,9.6,None,None,9.685,True,None,sfc_cache_p3_3,0,None,20,165.0,24,22,0,0,0,False,100.0,14.590909090909092,9.0,2319.041557034515
0,1759174290.1826215,36.1,13,0.2427,0.1302,0.1497,66.0,0.0,7.87,None,None,9.451,True,None,sfc_unique_p3_3,0,None,20,165.0,24,22,0,0,0,False,100.0,14.590909090909092,9.0,2319.041557034515
0,1759174290.2042572,36.1,14,0.2661,0.1453,0.1746,72.0,0.0,10.16,None,None,8.553,True,None,sfc_cache_p4_3,0,None,20,165.0,26,24,0,0,0,False,100.0,14.666666666666666,9.625,2323.29592942269
0,1759174290.2045062,36.1,14,0.2661,0.1453,0.1746,72.0,0.0,7.9,None,None,5.339,True,None,sfc_unique_p4_3,0,None,20,165.0,26,24,0,0,0,False,100.0,14.666666666666666,9.625,2323.29592942269
0,1759174294.2509484,40.1,14,0.2661,0.1465,0.1746,72.0,0.0,7.93,None,None,9.881,True,None,sfc_cache_p4_1,0,None,20,165.0,26,24,0,0,0,False,100.0,14.666666666666666,9.625,2323.29592942269
0,1759174294.2514343,40.1,14,0.2661,0.1465,0.1746,72.0,0.0,6.9,None,None,9.142,True,None,sfc_unique_p4_1,0,None,20,165.0,26,24,0,0,0,False,100.0,14.666666666666666,9.625,2323.29592942269
0,1759174313.1424744,59.0,16,0.2895,0.1558,0.1996,78.0,0.0,8.35,None,None,9.761,True,None,sfc_cache_p1_4,0,None,20,165.0,27,26,0,0,0,False,100.0,14.73076923076923,10.153846153846153,2344.8180111874317
0,1759174313.1429498,59.0,16,0.2895,0.1558,0.1996,78.0,0.0,8.71,None,None,9.038,True,None,sfc_unique_p1_4,0,None,20,165.0,27,26,0,0,0,False,100.0,14.73076923076923,10.153846153846153,2344.8180111874317
0,1759174313.168974,59.1,17,0.3099,0.1635,0.1996,84.0,0.0,9.12,None,None,9.318,True,None,sfc_cache_p2_4,0,None,24,198.0,30,28,0,0,0,False,100.0,14.642857142857142,9.428571428571429,2366.757339464788
0,1759174313.1693993,59.1,17,0.3099,0.1635,0.1996,84.0,0.0,6.49,None,None,9.065,True,None,sfc_unique_p2_4,0,None,24,198.0,30,28,0,0,0,False,100.0,14.642857142857142,9.428571428571429,2366.757339464788
0,1759174313.2003736,59.1,18,0.3304,0.1698,0.1996,90.0,0.0,8.23,None,None,9.548,True,None,sfc_cache_p3_4,0,None,28,231.0,32,30,0,0,0,False,100.0,14.566666666666666,8.8,2376.6578966540774
0,1759174313.2008085,59.1,18,0.3304,0.1698,0.1996,90.0,0.0,6.4,None,None,9.048,True,None,sfc_unique_p3_4,0,None,28,231.0,32,30,0,0,0,False,100.0,14.566666666666666,8.8,2376.6578966540774
0,1759174313.2357779,59.1,19,0.3508,0.1775,0.1996,96.0,0.0,8.97,None,None,12.27,True,None,sfc_cache_p4_4,0,None,32,264.0,35,32,0,0,0,False,100.0,14.5,8.25,2376.6578966540774
0,1759174313.2363207,59.1,19,0.3508,0.1775,0.1996,96.0,0.0,6.36,None,None,11.504,True,None,sfc_unique_p4_4,0,None,32,264.0,35,32,0,0,0,False,100.0,14.5,8.25,2376.6578966540774
0,1759174333.1556747,79.0,21,0.3742,0.1891,0.2245,102.0,0.0,8.32,None,None,10.085,True,None,sfc_cache_p1_5,0,None,32,264.0,36,34,0,0,0,False,100.0,14.558823529411764,8.735294117647058,2389.2352840554086
0,1759174333.1561553,79.0,21,0.3742,0.1891,0.2245,102.0,0.0,7.13,None,None,9.368,True,None,sfc_unique_p1_5,0,None,32,264.0,36,34,0,0,0,False,100.0,14.558823529411764,8.735294117647058,2389.2352840554086
0,1759174333.1741269,79.1,22,0.3976,0.1988,0.2495,108.0,0.0,8.67,None,None,5.551,True,None,sfc_cache_p2_5,0,None,32,264.0,38,36,0,0,0,False,100.0,14.61111111111111,9.166666666666666,2408.665712781612
0,1759174333.174399,79.1,22,0.3976,0.1988,0.2495,108.0,0.0,5.93,None,None,5.39,True,None,sfc_unique_p2_5,0,None,32,264.0,38,36,0,0,0,False,100.0,14.61111111111111,9.166666666666666,2408.665712781612
0,1759174333.1985266,79.1,23,0.4181,0.2119,0.2495,114.0,0.0,9.88,None,None,9.53,True,None,sfc_cache_p3_5,0,None,36,297.0,41,38,0,0,0,False,100.0,14.552631578947368,8.68421052631579,2431.0353150103692
0,1759174333.198769,79.1,23,0.4181,0.2119,0.2495,114.0,0.0,7.28,None,None,5.472,True,None,sfc_unique_p3_5,0,None,36,297.0,41,38,0,0,0,False,100.0,14.552631578947368,8.68421052631579,2431.0353150103692
0,1759174333.2287757,79.1,24,0.4415,0.2378,0.2744,120.0,0.0,6.87,None,None,9.596,True,None,sfc_cache_p4_5,0,None,36,297.0,43,40,0,0,0,False,100.0,14.6,9.075,2470.574510025278
0,1759174333.2291608,79.1,24,0.4415,0.2378,0.2744,120.0,0.0,10.07,None,None,8.007,True,None,sfc_unique_p4_5,0,None,36,297.0,43,40,0,0,0,False,100.0,14.6,9.075,2470.574510025278
0,1759174334.2697673,80.2,24,0.4241,0.2281,0.2994,114.0,0.0,10.29,None,None,10.28,True,None,sfc_cache_p3_2,0,None,28,231.0,39,38,0,0,0,False,100.0,14.763157894736842,10.421052631578947,2469.956958562656
0,1759174334.2702372,80.2,24,0.4241,0.2281,0.2994,114.0,0.0,7.68,None,None,9.582,True,None,sfc_unique_p3_2,0,None,28,231.0,39,38,0,0,0,False,100.0,14.763157894736842,10.421052631578947,2469.956958562656
0,1759174334.2871017,80.2,24,0.4445,0.2391,0.2994,120.0,0.0,8.83,None,None,5.519,True,None,sfc_cache_p3_1,0,None,32,264.0,42,40,0,0,0,False,100.0,14.7,9.9,2478.3968285518217
0,1759174334.2873435,80.2,24,0.4445,0.2391,0.2994,120.0,0.0,8.13,None,None,5.349,True,None,sfc_unique_p3_1,0,None,32,264.0,42,40,0,0,0,False,100.0,14.7,9.9,2478.3968285518217
0,1759174339.2766378,85.2,24,0.4475,0.2385,0.3243,120.0,0.0,10.53,None,None,9.951,True,None,sfc_cache_p1_2,0,None,28,231.0,41,40,0,0,0,False,100.0,14.8,10.725,2482.575748223699
0,1759174339.2771068,85.2,24,0.4475,0.2385,0.3243,120.0,0.0,8.21,None,None,9.426,True,None,sfc_unique_p1_2,0,None,28,231.0,41,40,0,0,0,False,100.0,14.8,10.725,2482.575748223699
0,1759174357.1637414,103.0,26,0.471,0.2468,0.3493,126.0,0.0,8.63,None,None,10.205,True,None,sfc_cache_p1_6,0,None,28,231.0,42,42,0,0,0,False,100.0,14.833333333333334,11.0,2505.215045546095
0,1759174357.1642215,103.0,26,0.471,0.2468,0.3493,126.0,0.0,6.29,None,None,9.467,True,None,sfc_unique_p1_6,0,None,28,231.0,42,42,0,0,0,False,100.0,14.833333333333334,11.0,2505.215045546095
0,1759174357.1928363,103.1,27,0.4914,0.2532,0.3493,132.0,0.0,8.61,None,None,9.721,True,None,sfc_cache_p2_6,0,None,32,264.0,45,44,0,0,0,False,100.0,14.772727272727273,10.5,2517.5498234442534
0,1759174357.1932693,103.1,27,0.4914,0.2532,0.3493,132.0,0.0,6.78,None,None,9.395,True,None,sfc_unique_p2_6,0,None,32,264.0,45,44,0,0,0,False,100.0,14.772727272727273,10.5,2517.5498234442534
0,1759174357.2214668,103.1,28,0.5118,0.2604,0.3493,138.0,0.0,8.63,None,None,9.687,True,None,sfc_cache_p3_6,0,None,36,297.0,48,46,0,0,0,False,100.0,14.717391304347826,10.043478260869565,2521.0287740710914
0,1759174357.2217042,103.1,28,0.5118,0.2604,0.3493,138.0,0.0,6.07,None,None,7.94,True,None,sfc_unique_p3_6,0,None,36,297.0,48,46,0,0,0,False,100.0,14.717391304347826,10.043478260869565,2521.0287740710914
0,1759174357.2496989,103.1,29,0.5322,0.2693,0.3493,156.0,0.0,8.59,None,None,9.711,True,None,sfc_cache_p4_6,0,None,40,330.0,51,48,0,0,0,False,100.0,14.666666666666666,9.625,2521.0287740710914
0,1759174357.2501373,103.1,29,0.5322,0.2693,0.3493,156.0,0.0,14.83,None,None,8.827,True,None,sfc_unique_p4_6,0,None,40,330.0,51,48,0,0,0,False,100.0,14.666666666666666,9.625,2521.0287740710914
0,1759174364.2836366,110.2,29,0.5292,0.2733,0.3243,156.0,0.0,10.85,None,None,5.916,True,None,sfc_cache_p2_1,0,None,44,363.0,52,48,0,0,0,False,100.0,14.583333333333334,8.9375,2535.746331724705
0,1759174364.2839136,110.2,29,0.5292,0.2733,0.3243,156.0,0.0,10.38,None,None,5.314,True,None,sfc_unique_p2_1,0,None,44,363.0,52,48,0,0,0,False,100.0,14.583333333333334,8.9375,2535.746331724705
0,1759174378.177846,124.1,31,0.4649,0.2395,0.2994,138.0,0.0,7.85,None,None,10.232,True,None,sfc_cache_p1_7,0,None,36,297.0,44,42,0,0,0,False,100.0,14.642857142857142,9.428571428571429,2451.0287740710914
0,1759174378.1783283,124.1,31,0.4649,0.2395,0.2994,138.0,0.0,6.57,None,None,9.508,True,None,sfc_unique_p1_7,0,None,36,297.0,44,42,0,0,0,False,100.0,14.642857142857142,9.428571428571429,2451.0287740710914
0,1759174378.1965408,124.1,32,0.4853,0.2513,0.2994,144.0,0.0,7.21,None,None,5.619,True,None,sfc_cache_p2_7,0,None,40,330.0,47,44,0,0,0,False,100.0,14.590909090909092,9.0,2469.4891517216097
0,1759174378.1967764,124.1,32,0.4853,0.2513,0.2994,144.0,0.0,6.23,None,None,5.447,True,None,sfc_unique_p2_7,0,None,40,330.0,47,44,0,0,0,False,100.0,14.590909090909092,9.0,2469.4891517216097
0,1759174378.2208652,124.1,33,0.5057,0.2721,0.2994,150.0,0.0,9.77,None,None,9.668,True,None,sfc_cache_p3_7,0,None,44,363.0,50,46,0,0,0,False,100.0,14.543478260869565,8.608695652173912,2488.555755188565
0,1759174378.2211123,124.1,33,0.5057,0.2721,0.2994,150.0,0.0,8.79,None,None,5.531,True,None,sfc_unique_p3_7,0,None,44,363.0,50,46,0,0,0,False,100.0,14.543478260869565,8.608695652173912,2488.555755188565
0,1759174378.248668,124.1,34,0.5262,0.2838,0.2994,156.0,0.0,6.42,None,None,9.792,True,None,sfc_cache_p4_7,0,None,48,396.0,53,48,0,0,0,False,100.0,14.5,8.25,2507.0161328390836
0,1759174378.2489057,124.1,34,0.5262,0.2838,0.2994,156.0,0.0,5.99,None,None,7.756,True,None,sfc_unique_p4_7,0,None,48,396.0,53,48,0,0,0,False,100.0,14.5,8.25,2507.0161328390836
0,1759174399.309326,145.2,34,0.4354,0.2408,0.2245,132.0,0.0,12.96,None,None,9.772,True,None,sfc_cache_p2_4,0,None,44,363.0,45,40,0,0,0,False,100.0,14.4,7.425,2447.1542693504593
0,1759174399.309812,145.2,34,0.4354,0.2408,0.2245,132.0,0.0,9.81,None,None,9.226,True,None,sfc_unique_p2_4,0,None,44,363.0,45,40,0,0,0,False,100.0,14.4,7.425,2447.1542693504593
0,1759174401.1808608,147.1,36,0.4589,0.2473,0.2495,138.0,0.0,9.21,None,None,9.637,True,None,sfc_cache_p1_8,0,None,44,363.0,46,42,0,0,0,False,100.0,14.452380952380953,7.857142857142857,2473.83628451839
0,1759174401.1811547,147.1,36,0.4589,0.2473,0.2495,138.0,0.0,6.88,None,None,5.422,True,None,sfc_unique_p1_8,0,None,44,363.0,46,42,0,0,0,False,100.0,14.452380952380953,7.857142857142857,2473.83628451839
0,1759174401.198973,147.1,37,0.4793,0.2576,0.2495,144.0,0.0,6.27,None,None,5.891,True,None,sfc_cache_p2_8,0,None,48,396.0,49,44,0,0,0,False,100.0,14.409090909090908,7.5,2473.83628451839
0,1759174401.1992319,147.1,37,0.4793,0.2576,0.2495,144.0,0.0,6.19,None,None,5.638,True,None,sfc_unique_p2_8,0,None,48,396.0,49,44,0,0,0,False,100.0,14.409090909090908,7.5,2473.83628451839
0,1759174401.2353213,147.1,38,0.4997,0.266,0.2495,150.0,0.0,6.01,None,None,9.902,True,None,sfc_cache_p3_8,0,None,52,429.0,52,46,0,0,0,False,100.0,14.369565217391305,7.173913043478261,2503.8931642583684
0,1759174401.2357945,147.1,38,0.4997,0.266,0.2495,150.0,0.0,5.44,None,None,9.651,True,None,sfc_unique_p3_8,0,None,52,429.0,52,46,0,0,0,False,100.0,14.369565217391305,7.173913043478261,2503.8931642583684
0,1759174401.2706792,147.2,39,0.5201,0.2717,0.2495,156.0,0.0,6.32,None,None,9.751,True,None,sfc_cache_p4_8,0,None,56,462.0,55,48,0,0,0,False,100.0,14.333333333333334,6.875,2512.6445185378916
0,1759174401.271182,147.2,39,0.5201,0.2717,0.2495,156.0,0.0,5.91,None,None,9.679,True,None,sfc_unique_p4_8,0,None,56,462.0,55,48,0,0,0,False,100.0,14.333333333333334,6.875,2512.6445185378916
0,1759174414.3095622,160.2,39,0.4324,0.2136,0.1996,132.0,0.0,8.87,None,None,5.766,True,None,sfc_cache_p1_5,0,None,48,396.0,46,40,0,0,0,False,100.0,14.3,6.6,2457.8867411040583
0,1759174414.3098211,160.2,39,0.4324,0.2136,0.1996,132.0,0.0,8.25,None,None,5.374,True,None,sfc_unique_p1_5,0,None,48,396.0,46,40,0,0,0,False,100.0,14.3,6.6,2457.8867411040583
0,1759174418.1973548,164.1,41,0.4559,0.2232,0.2245,138.0,0.0,8.63,None,None,9.837,True,None,sfc_cache_p1_9,0,None,48,396.0,47,42,0,0,0,False,100.0,14.357142857142858,7.071428571428571,2468.285286220913
0,1759174418.1978436,164.1,41,0.4559,0.2232,0.2245,138.0,0.0,7.03,None,None,9.204,True,None,sfc_unique_p1_9,0,None,48,396.0,47,42,0,0,0,False,100.0,14.357142857142858,7.071428571428571,2468.285286220913
0,1759174418.2289598,164.1,42,0.4763,0.2355,0.2245,144.0,0.0,9.52,None,None,9.386,True,None,sfc_cache_p2_9,0,None,52,429.0,50,44,0,0,0,False,100.0,14.318181818181818,6.75,2477.687855482637
0,1759174418.2294576,164.1,42,0.4763,0.2355,0.2245,144.0,0.0,7.87,None,None,9.295,True,None,sfc_unique_p2_9,0,None,52,429.0,50,44,0,0,0,False,100.0,14.318181818181818,6.75,2477.687855482637
0,1759174418.2641509,164.1,43,0.4967,0.2477,0.2245,150.0,0.0,8.64,None,None,9.723,True,None,sfc_cache_p3_9,0,None,56,462.0,53,46,0,0,0,False,100.0,14.282608695652174,6.456521739130435,2487.0904247443614
0,1759174418.264669,164.2,43,0.4967,0.2477,0.2245,150.0,0.0,7.88,None,None,9.443,True,None,sfc_unique_p3_9,0,None,56,462.0,53,46,0,0,0,False,100.0,14.282608695652174,6.456521739130435,2487.0904247443614
0,1759174418.2986553,164.2,44,0.5201,0.2653,0.2495,156.0,0.0,9.23,None,None,9.471,True,None,sfc_cache_p4_9,0,None,56,462.0,55,48,0,0,0,False,100.0,14.333333333333334,6.875,2500.7787082918003
0,1759174418.2991815,164.2,44,0.5201,0.2653,0.2495,156.0,0.0,7.6,None,None,9.648,True,None,sfc_unique_p4_9,0,None,56,462.0,55,48,0,0,0,False,100.0,14.333333333333334,6.875,2500.7787082918003
0,1759174419.3256269,165.2,44,0.4967,0.2413,0.2245,150.0,0.0,9.44,None,None,9.82,True,None,sfc_cache_p4_5,0,None,56,462.0,53,46,0,0,0,False,100.0,14.282608695652174,6.456521739130435,2486.2234166974145
0,1759174419.3261027,165.2,44,0.4967,0.2413,0.2245,150.0,0.0,7.47,None,None,9.427,True,None,sfc_unique_p4_5,0,None,56,462.0,53,46,0,0,0,False,100.0,14.282608695652174,6.456521739130435,2486.2234166974145
0,1759174419.3538272,165.2,44,0.5201,0.2517,0.2495,156.0,0.0,10.37,None,None,9.604,True,None,sfc_cache_p2_5,0,None,56,462.0,54,48,0,0,0,False,100.0,14.333333333333334,6.875,2507.0967335214355
0,1759174419.3542612,165.2,44,0.5201,0.2517,0.2495,156.0,0.0,7.56,None,None,9.448,True,None,sfc_unique_p2_5,0,None,56,462.0,54,48,0,0,0,False,100.0,14.333333333333334,6.875,2507.0967335214355
0,1759174429.3347282,175.2,44,0.5231,0.2569,0.2744,156.0,0.0,10.88,None,None,10.168,True,None,sfc_cache_p2_7,0,None,52,429.0,53,48,0,0,0,False,100.0,14.416666666666666,7.5625,2491.3031257207854
0,1759174429.335206,175.2,44,0.5231,0.2569,0.2744,156.0,0.0,8.2,None,None,9.584,True,None,sfc_unique_p2_7,0,None,52,429.0,53,48,0,0,0,False,100.0,14.416666666666666,7.5625,2491.3031257207854
0,1759174434.2039278,180.1,46,0.5466,0.2657,0.2994,174.0,0.0,7.17,None,None,9.937,True,None,sfc_cache_p1_10,0,None,52,429.0,54,50,0,0,0,False,100.0,14.46,7.92,2503.027317022442
0,1759174434.2042046,180.1,46,0.5466,0.2657,0.2994,174.0,0.0,12.3,None,None,9.089,True,None,sfc_unique_p1_10,0,None,52,429.0,54,50,0,0,0,False,100.0,14.46,7.92,2503.027317022442
0,1759174434.2364357,180.1,47,0.567,0.2745,0.2994,192.0,0.0,7.33,None,None,9.56,True,None,sfc_cache_p2_10,0,None,56,462.0,57,52,0,0,0,False,100.0,14.423076923076923,7.615384615384615,2511.8831442937617
0,1759174434.2366943,180.1,47,0.567,0.2745,0.2994,192.0,0.0,12.63,None,None,8.446,True,None,sfc_unique_p2_10,0,None,56,462.0,57,52,0,0,0,False,100.0,14.423076923076923,7.615384615384615,2511.8831442937617
0,1759174434.3363376,180.2,48,0.5874,0.2833,0.2994,210.0,0.0,8.19,None,None,9.598,True,None,sfc_cache_p3_10,0,None,60,495.0,60,54,0,0,0,False,100.0,14.38888888888889,7.333333333333333,2511.8831442937617
0,1759174434.3366268,180.2,48,0.5874,0.2833,0.2994,210.0,0.0,14.36,None,None,5.98,True,None,sfc_unique_p3_10,0,None,60,495.0,60,54,0,0,0,False,100.0,14.38888888888889,7.333333333333333,2511.8831442937617
0,1759174434.359396,180.2,49,0.6078,0.292,0.2994,228.0,0.0,7.88,None,None,6.31,True,None,sfc_cache_p4_10,0,None,64,528.0,63,56,0,0,0,False,100.0,14.357142857142858,7.071428571428571,2511.8831442937617
0,1759174434.3596637,180.2,49,0.6078,0.292,0.2994,228.0,0.0,13.74,None,None,5.509,True,None,sfc_unique_p4_10,0,None,64,528.0,63,56,0,0,0,False,100.0,14.357142857142858,7.071428571428571,2511.8831442937617
0,1759174434.3801928,180.3,49,0.5435,0.2517,0.2744,210.0,0.0,9.5,None,None,5.778,True,None,sfc_cache_p4_7,0,None,56,462.0,54,50,0,0,0,False,100.0,14.38,7.26,2490.014962123819
0,1759174434.3804464,180.3,49,0.5435,0.2517,0.2744,210.0,0.0,7.33,None,None,5.485,True,None,sfc_unique_p4_7,0,None,56,462.0,54,50,0,0,0,False,100.0,14.38,7.26,2490.014962123819
0,1759174434.3979082,180.3,49,0.564,0.2608,0.2744,216.0,0.0,9.05,None,None,5.792,True,None,sfc_cache_p3_7,0,None,60,495.0,57,52,0,0,0,False,100.0,14.346153846153847,6.980769230769231,2500.2707274852182
0,1759174434.3981464,180.3,49,0.564,0.2608,0.2744,216.0,0.0,7.22,None,None,5.536,True,None,sfc_unique_p3_7,0,None,60,495.0,57,52,0,0,0,False,100.0,14.346153846153847,6.980769230769231,2500.2707274852182
0,1759174434.4279127,180.3,49,0.5874,0.2728,0.2994,234.0,0.0,9.84,None,None,9.993,True,None,sfc_cache_p1_7,0,None,60,495.0,58,54,0,0,0,False,100.0,14.38888888888889,7.333333333333333,2513.042744200897
0,1759174434.4283578,180.3,49,0.5874,0.2728,0.2994,234.0,0.0,18.79,None,None,9.795,True,None,sfc_unique_p1_7,0,None,60,495.0,58,54,0,0,0,False,100.0,14.38888888888889,7.333333333333333,2513.042744200897
0,1759174434.4539232,180.3,49,0.6108,0.2858,0.3243,252.0,0.0,12.54,None,None,8.927,True,None,sfc_cache_p1_6,0,None,60,495.0,59,56,0,0,0,False,100.0,14.428571428571429,7.660714285714286,2517.3284584866115
0,1759174434.4541676,180.3,49,0.6108,0.2858,0.3243,252.0,0.0,20.79,None,None,5.604,True,None,sfc_unique_p1_6,0,None,60,495.0,59,56,0,0,0,False,100.0,14.428571428571429,7.660714285714286,2517.3284584866115
0,1759174439.3930695,185.3,49,0.5934,0.2791,0.3493,246.0,0.0,11.77,None,None,7.197,True,None,sfc_cache_p3_6,0,None,52,429.0,55,54,0,0,0,False,100.0,14.537037037037036,8.555555555555555,2516.170871382139
0,1759174439.3933413,185.3,49,0.5934,0.2791,0.3493,246.0,0.0,8.59,None,None,5.526,True,None,sfc_unique_p3_6,0,None,52,429.0,55,54,0,0,0,False,100.0,14.537037037037036,8.555555555555555,2516.170871382139
0,1759174439.4192574,185.3,49,0.6138,0.2901,0.3493,264.0,0.0,17.02,None,None,9.411,True,None,sfc_cache_p1_4,0,None,56,462.0,58,56,0,0,0,False,100.0,14.5,8.25,2516.170871382139
0,1759174439.4195116,185.3,49,0.6138,0.2901,0.3493,264.0,0.0,31.92,None,None,5.464,True,None,sfc_unique_p1_4,0,None,56,462.0,58,56,0,0,0,False,100.0,14.5,8.25,2516.170871382139
0,1759174449.4086454,195.3,49,0.6169,0.2934,0.3742,264.0,0.0,8.41,None,None,10.074,True,None,sfc_cache_p3_8,0,None,52,429.0,57,56,0,0,0,False,100.0,14.571428571428571,8.839285714285714,2519.4582881906827
0,1759174449.4091315,195.3,49,0.6169,0.2934,0.3742,264.0,0.0,7.7,None,None,9.281,True,None,sfc_unique_p3_8,0,None,52,429.0,57,56,0,0,0,False,100.0,14.571428571428571,8.839285714285714,2519.4582881906827
0,1759174452.2226288,198.1,51,0.6199,0.2916,0.3992,276.0,0.0,9.63,None,None,9.994,True,None,sfc_cache_p1_11,0,None,48,396.0,55,56,0,0,0,False,100.0,14.642857142857142,9.428571428571429,2510.5540937935302
0,1759174452.2231376,198.1,51,0.6199,0.2916,0.3992,276.0,0.0,16.13,None,None,9.666,True,None,sfc_unique_p1_11,0,None,48,396.0,55,56,0,0,0,False,100.0,14.642857142857142,9.428571428571429,2510.5540937935302
0,1759174452.2602797,198.1,52,0.6433,0.3058,0.4241,294.0,0.0,10.33,None,None,9.668,True,None,sfc_cache_p2_11,0,None,48,396.0,57,58,0,0,0,False,100.0,14.672413793103448,9.672413793103448,2514.839808079245
0,1759174452.2607667,198.1,52,0.6433,0.3058,0.4241,294.0,0.0,15.07,None,None,9.447,True,None,sfc_unique_p2_11,0,None,48,396.0,57,58,0,0,0,False,100.0,14.672413793103448,9.672413793103448,2514.839808079245
0,1759174452.297763,198.2,53,0.6668,0.329,0.449,312.0,0.0,10.82,None,None,9.578,True,None,sfc_cache_p3_11,0,None,48,396.0,58,60,0,0,0,False,100.0,14.7,9.9,2519.125522364959
0,1759174452.298255,198.2,53,0.6668,0.329,0.449,312.0,0.0,15.67,None,None,9.416,True,None,sfc_unique_p3_11,0,None,48,396.0,58,60,0,0,0,False,100.0,14.7,9.9,2519.125522364959
0,1759174452.3362904,198.2,54,0.6872,0.3458,0.449,330.0,0.0,11.4,None,None,9.726,True,None,sfc_cache_p4_11,0,None,52,429.0,61,62,0,0,0,False,100.0,14.661290322580646,9.580645161290322,2541.625522364959
0,1759174452.3367732,198.2,54,0.6872,0.3458,0.449,330.0,0.0,17.74,None,None,9.415,True,None,sfc_unique_p4_11,0,None,52,429.0,61,62,0,0,0,False,100.0,14.661290322580646,9.580645161290322,2541.625522364959
0,1759174464.4131906,210.3,54,0.4385,0.2472,0.2495,228.0,0.0,9.25,None,None,9.927,True,None,sfc_cache_p1_8,0,None,40,330.0,42,40,0,0,0,False,100.0,14.5,8.25,2422.2403652685343
0,1759174464.4134622,210.3,54,0.4385,0.2472,0.2495,228.0,0.0,8.78,None,None,5.659,True,None,sfc_unique_p1_8,0,None,40,330.0,42,40,0,0,0,False,100.0,14.5,8.25,2422.2403652685343
0,1759174465.2235816,211.1,56,0.4619,0.2574,0.2744,234.0,0.0,6.63,None,None,8.457,True,None,sfc_cache_p1_12,0,None,40,330.0,43,42,0,0,0,False,100.0,14.547619047619047,8.642857142857142,2437.429190527782
0,1759174465.2238617,211.1,56,0.4619,0.2574,0.2744,234.0,0.0,6.51,None,None,5.757,True,None,sfc_unique_p1_12,0,None,40,330.0,43,42,0,0,0,False,100.0,14.547619047619047,8.642857142857142,2437.429190527782
0,1759174465.2528965,211.1,57,0.4823,0.2658,0.2744,240.0,0.0,7.98,None,None,9.768,True,None,sfc_cache_p2_12,0,None,44,363.0,46,44,0,0,0,False,100.0,14.5,8.25,2446.831759789506
0,1759174465.2531676,211.1,57,0.4823,0.2658,0.2744,240.0,0.0,5.93,None,None,5.629,True,None,sfc_unique_p2_12,0,None,44,363.0,46,44,0,0,0,False,100.0,14.5,8.25,2446.831759789506
0,1759174465.283604,211.2,58,0.5027,0.2796,0.2744,246.0,0.0,7.12,None,None,9.788,True,None,sfc_cache_p3_12,0,None,48,396.0,49,46,0,0,0,False,100.0,14.456521739130435,7.891304347826087,2456.2343290512304
0,1759174465.283853,211.2,58,0.5027,0.2796,0.2744,246.0,0.0,6.58,None,None,5.613,True,None,sfc_unique_p3_12,0,None,48,396.0,49,46,0,0,0,False,100.0,14.456521739130435,7.891304347826087,2456.2343290512304
0,1759174465.311153,211.2,59,0.5231,0.286,0.2744,252.0,0.0,8.34,None,None,7.713,True,None,sfc_cache_p4_12,0,None,52,429.0,52,48,0,0,0,False,100.0,14.416666666666666,7.5625,2468.5691069493887
0,1759174465.3114092,211.2,59,0.5231,0.286,0.2744,252.0,0.0,6.51,None,None,5.546,True,None,sfc_unique_p4_12,0,None,52,429.0,52,48,0,0,0,False,100.0,14.416666666666666,7.5625,2468.5691069493887
0,1759174484.4379425,230.3,59,0.5262,0.2846,0.2994,252.0,0.0,9.85,None,None,10.149,True,None,sfc_cache_p3_8,0,None,48,396.0,51,48,0,0,0,False,100.0,14.5,8.25,2468.5691069493887
0,1759174484.4384494,230.3,59,0.5262,0.2846,0.2994,252.0,0.0,8.78,None,None,10.841,True,None,sfc_unique_p3_8,0,None,48,396.0,51,48,0,0,0,False,100.0,14.5,8.25,2468.5691069493887
0,1759174490.241053,236.1,61,0.5496,0.2943,0.3243,258.0,0.0,7.37,None,None,10.075,True,None,sfc_cache_p1_13,0,None,48,396.0,52,50,0,0,0,False,100.0,14.54,8.58,2479.0082804519425
0,1759174490.2415464,236.1,61,0.5496,0.2943,0.3243,258.0,0.0,6.3,None,None,9.387,True,None,sfc_unique_p1_13,0,None,48,396.0,52,50,0,0,0,False,100.0,14.54,8.58,2479.0082804519425
0,1759174490.277133,236.2,62,0.57,0.3068,0.3243,264.0,0.0,6.1,None,None,9.676,True,None,sfc_cache_p2_13,0,None,52,429.0,55,52,0,0,0,False,100.0,14.5,8.25,2494.748877882681
0,1759174490.2776046,236.2,62,0.57,0.3068,0.3243,264.0,0.0,6.86,None,None,9.545,True,None,sfc_unique_p2_13,0,None,52,429.0,55,52,0,0,0,False,100.0,14.5,8.25,2494.748877882681
0,1759174490.3106322,236.2,63,0.5904,0.3139,0.3243,270.0,0.0,8.15,None,None,9.634,True,None,sfc_cache_p3_13,0,None,56,462.0,58,54,0,0,0,False,100.0,14.462962962962964,7.944444444444445,2504.122039931899
0,1759174490.3111093,236.2,63,0.5904,0.3139,0.3243,270.0,0.0,6.6,None,None,9.383,True,None,sfc_unique_p3_13,0,None,56,462.0,58,54,0,0,0,False,100.0,14.462962962962964,7.944444444444445,2504.122039931899
0,1759174490.34755,236.2,64,0.6108,0.321,0.3243,276.0,0.0,6.89,None,None,9.604,True,None,sfc_cache_p4_13,0,None,60,495.0,61,56,0,0,0,False,100.0,14.428571428571429,7.660714285714286,2522.5824175824173
0,1759174490.3479974,236.2,64,0.6108,0.321,0.3243,276.0,0.0,5.91,None,None,9.362,True,None,sfc_unique_p4_13,0,None,60,495.0,61,56,0,0,0,False,100.0,14.428571428571429,7.660714285714286,2522.5824175824173
0,1759174494.4371314,240.3,64,0.6108,0.3236,0.3243,276.0,0.0,9.74,None,None,10.173,True,None,sfc_cache_p2_8,0,None,60,495.0,61,56,0,0,0,False,100.0,14.428571428571429,7.660714285714286,2531.9849868441415
0,1759174494.4374125,240.3,64,0.6108,0.3236,0.3243,276.0,0.0,7.82,None,None,5.62,True,None,sfc_unique_p2_8,0,None,60,495.0,61,56,0,0,0,False,100.0,14.428571428571429,7.660714285714286,2531.9849868441415
0,1759174504.4498465,250.3,64,0.5231,0.2753,0.2744,240.0,0.0,10.03,None,None,10.195,True,None,sfc_cache_p3_8,0,None,52,429.0,54,48,0,0,0,False,100.0,14.416666666666666,7.5625,2481.684723726977
0,1759174504.4503386,250.3,64,0.5231,0.2753,0.2744,240.0,0.0,8.25,None,None,9.468,True,None,sfc_unique_p3_8,0,None,52,429.0,54,48,0,0,0,False,100.0,14.416666666666666,7.5625,2481.684723726977
0,1759174508.237775,254.1,66,0.5466,0.2851,0.2994,246.0,0.0,8.1,None,None,6.685,True,None,sfc_cache_p1_14,0,None,52,429.0,55,50,0,0,0,False,100.0,14.46,7.92,2504.324021049373
0,1759174508.238075,254.1,66,0.5466,0.2851,0.2994,246.0,0.0,6.42,None,None,5.596,True,None,sfc_unique_p1_14,0,None,52,429.0,55,50,0,0,0,False,100.0,14.46,7.92,2504.324021049373
0,1759174508.2665024,254.2,67,0.57,0.2969,0.3243,252.0,0.0,7.5,None,None,6.859,True,None,sfc_cache_p2_14,0,None,52,429.0,57,52,0,0,0,False,100.0,14.5,8.25,2522.7843986998914
0,1759174508.266784,254.2,67,0.57,0.2969,0.3243,252.0,0.0,6.32,None,None,5.546,True,None,sfc_unique_p2_14,0,None,52,429.0,57,52,0,0,0,False,100.0,14.5,8.25,2522.7843986998914
0,1759174508.2893267,254.2,68,0.5904,0.3058,0.3243,258.0,0.0,6.57,None,None,5.817,True,None,sfc_cache_p3_14,0,None,56,462.0,60,54,0,0,0,False,100.0,14.462962962962964,7.944444444444445,2526.4165763813653
0,1759174508.289599,254.2,68,0.5904,0.3058,0.3243,258.0,0.0,6.44,None,None,5.515,True,None,sfc_unique_p3_14,0,None,56,462.0,60,54,0,0,0,False,100.0,14.462962962962964,7.944444444444445,2526.4165763813653
0,1759174508.3112109,254.2,69,0.6108,0.3137,0.3243,264.0,0.0,7.21,None,None,5.821,True,None,sfc_cache_p4_14,0,None,60,495.0,63,56,0,0,0,False,100.0,14.428571428571429,7.660714285714286,2529.8955270082033
0,1759174508.311474,254.2,69,0.6108,0.3137,0.3243,264.0,0.0,6.3,None,None,5.6,True,None,sfc_unique_p4_14,0,None,60,495.0,63,56,0,0,0,False,100.0,14.428571428571429,7.660714285714286,2529.8955270082033
0,1759174509.4574432,255.3,69,0.57,0.2911,0.3243,240.0,0.0,6.41,None,None,10.018,True,None,sfc_cache_p3_12,0,None,52,429.0,57,52,0,0,0,False,100.0,14.5,8.25,2520.492957746479
0,1759174509.4579482,255.3,69,0.57,0.2911,0.3243,240.0,0.0,5.97,None,None,9.676,True,None,sfc_unique_p3_12,0,None,52,429.0,57,52,0,0,0,False,100.0,14.5,8.25,2520.492957746479
0,1759174509.4885151,255.4,69,0.5934,0.3027,0.3493,246.0,0.0,9.94,None,None,9.637,True,None,sfc_cache_p4_10,0,None,52,429.0,59,54,0,0,0,False,100.0,14.537037037037036,8.555555555555555,2529.550766135273
0,1759174509.4887588,255.4,69,0.5934,0.3027,0.3493,246.0,0.0,7.73,None,None,6.324,True,None,sfc_unique_p4_10,0,None,52,429.0,59,54,0,0,0,False,100.0,14.537037037037036,8.555555555555555,2529.550766135273
0,1759174509.518474,255.4,69,0.6138,0.323,0.3493,264.0,0.0,8.82,None,None,9.719,True,None,sfc_cache_p4_8,0,None,56,462.0,61,56,0,0,0,False,100.0,14.5,8.25,2549.073542707941
0,1759174509.5187194,255.4,69,0.6138,0.323,0.3493,264.0,0.0,16.91,None,None,7.85,True,None,sfc_unique_p4_8,0,None,56,462.0,61,56,0,0,0,False,100.0,14.5,8.25,2549.073542707941
0,1759174532.2601726,278.1,71,0.5496,0.2775,0.3243,234.0,0.0,8.08,None,None,9.905,True,None,sfc_cache_p1_15,0,None,48,396.0,54,50,0,0,0,False,100.0,14.54,8.58,2514.569339111593
0,1759174532.2604587,278.1,71,0.5496,0.2775,0.3243,234.0,0.0,7.91,None,None,6.806,True,None,sfc_unique_p1_15,0,None,48,396.0,54,50,0,0,0,False,100.0,14.54,8.58,2514.569339111593
0,1759174532.2809823,278.2,72,0.57,0.2878,0.3243,240.0,0.0,8.98,None,None,5.514,True,None,sfc_cache_p2_15,0,None,52,429.0,57,52,0,0,0,False,100.0,14.5,8.25,2524.1146881287727
0,1759174532.2812772,278.2,72,0.57,0.2878,0.3243,240.0,0.0,7.31,None,None,5.412,True,None,sfc_unique_p2_15,0,None,52,429.0,57,52,0,0,0,False,100.0,14.5,8.25,2524.1146881287727
0,1759174532.303838,278.2,73,0.5904,0.3035,0.3243,246.0,0.0,9.24,None,None,5.478,True,None,sfc_cache_p3_15,0,None,56,462.0,60,54,0,0,0,False,100.0,14.462962962962964,7.944444444444445,2524.1146881287727
0,1759174532.304124,278.2,73,0.5904,0.3035,0.3243,246.0,0.0,8.28,None,None,5.449,True,None,sfc_unique_p3_15,0,None,56,462.0,60,54,0,0,0,False,100.0,14.462962962962964,7.944444444444445,2524.1146881287727
0,1759174532.328086,278.2,74,0.6108,0.3139,0.3243,252.0,0.0,9.0,None,None,5.716,True,None,sfc_cache_p4_15,0,None,60,495.0,63,56,0,0,0,False,100.0,14.428571428571429,7.660714285714286,2524.1146881287727
0,1759174532.3283744,278.2,74,0.6108,0.3139,0.3243,252.0,0.0,8.48,None,None,5.429,True,None,sfc_unique_p4_15,0,None,60,495.0,63,56,0,0,0,False,100.0,14.428571428571429,7.660714285714286,2524.1146881287727
0,1759174534.4762068,280.4,74,0.6138,0.3144,0.3493,264.0,0.0,16.09,None,None,9.944,True,None,sfc_cache_p2_9,0,None,56,462.0,62,56,0,0,0,False,100.0,14.5,8.25,2528.29360780065
0,1759174534.4767127,280.4,74,0.6138,0.3144,0.3493,264.0,0.0,27.63,None,None,9.316,True,None,sfc_unique_p2_9,0,None,56,462.0,62,56,0,0,0,False,100.0,14.5,8.25,2528.29360780065
0,1759174539.4802725,285.4,74,0.6138,0.3073,0.3493,264.0,0.0,17.23,None,None,9.782,True,None,sfc_cache_p4_9,0,None,56,462.0,62,56,0,0,0,False,100.0,14.5,8.25,2524.007893514936
0,1759174539.4807534,285.4,74,0.6138,0.3073,0.3493,264.0,0.0,12.35,None,None,9.183,True,None,sfc_unique_p4_9,0,None,56,462.0,62,56,0,0,0,False,100.0,14.5,8.25,2524.007893514936
0,1759174544.4912038,290.4,74,0.5526,0.2776,0.3493,246.0,0.0,9.15,None,None,10.124,True,None,sfc_cache_p3_13,0,None,44,363.0,53,50,0,0,0,False,100.0,14.62,9.24,2468.261492029098
0,1759174544.4916966,290.4,74,0.5526,0.2776,0.3493,246.0,0.0,7.7,None,None,9.342,True,None,sfc_unique_p3_13,0,None,44,363.0,53,50,0,0,0,False,100.0,14.62,9.24,2468.261492029098
0,1759174544.5236492,290.4,74,0.5761,0.2853,0.3742,252.0,0.0,8.31,None,None,9.7,True,None,sfc_cache_p2_13,0,None,44,363.0,55,52,0,0,0,False,100.0,14.653846153846153,9.51923076923077,2510.552159108497
0,1759174544.524093,290.4,74,0.5761,0.2853,0.3742,252.0,0.0,7.13,None,None,9.433,True,None,sfc_unique_p2_13,0,None,44,363.0,55,52,0,0,0,False,100.0,14.653846153846153,9.51923076923077,2510.552159108497
0,1759174544.5561454,290.4,74,0.5965,0.2956,0.3742,258.0,0.0,16.18,None,None,9.513,True,None,sfc_cache_p3_9,0,None,48,396.0,58,54,0,0,0,False,100.0,14.61111111111111,9.166666666666666,2515.2569261724193
0,1759174544.5565774,290.4,74,0.5965,0.2956,0.3742,258.0,0.0,12.32,None,None,9.288,True,None,sfc_unique_p3_9,0,None,48,396.0,58,54,0,0,0,False,100.0,14.61111111111111,9.166666666666666,2515.2569261724193
0,1759174544.5886607,290.5,74,0.6199,0.3045,0.3992,276.0,0.0,16.12,None,None,9.4,True,None,sfc_cache_p1_9,0,None,48,396.0,60,56,0,0,0,False,100.0,14.642857142857142,9.428571428571429,2515.2569261724193
0,1759174544.5890965,290.5,74,0.6199,0.3045,0.3992,276.0,0.0,30.46,None,None,9.215,True,None,sfc_unique_p1_9,0,None,48,396.0,60,56,0,0,0,False,100.0,14.642857142857142,9.428571428571429,2515.2569261724193
0,1759174549.2758045,295.2,76,0.6433,0.3268,0.4241,294.0,0.0,7.93,None,None,10.14,True,None,sfc_cache_p1_16,0,None,48,396.0,61,58,0,0,0,False,100.0,14.672413793103448,9.672413793103448,2537.7569261724193
0,1759174549.2763104,295.2,76,0.6433,0.3268,0.4241,294.0,0.0,16.59,None,None,9.625,True,None,sfc_unique_p1_16,0,None,48,396.0,61,58,0,0,0,False,100.0,14.672413793103448,9.672413793103448,2537.7569261724193
0,1759174549.317453,295.2,77,0.6637,0.3383,0.4241,312.0,0.0,6.56,None,None,9.789,True,None,sfc_cache_p2_16,0,None,52,429.0,64,60,0,0,0,False,100.0,14.633333333333333,9.35,2546.507893514936
0,1759174549.3179185,295.2,77,0.6637,0.3383,0.4241,312.0,0.0,11.77,None,None,9.665,True,None,sfc_unique_p2_16,0,None,52,429.0,64,60,0,0,0,False,100.0,14.633333333333333,9.35,2546.507893514936
0,1759174549.356591,295.2,78,0.6842,0.3499,0.4241,330.0,0.0,7.83,None,None,9.724,True,None,sfc_cache_p3_16,0,None,56,462.0,67,62,0,0,0,False,100.0,14.596774193548388,9.048387096774194,2555.91046277666
0,1759174549.3570592,295.2,78,0.6842,0.3499,0.4241,330.0,0.0,14.32,None,None,9.637,True,None,sfc_unique_p3_16,0,None,56,462.0,67,62,0,0,0,False,100.0,14.596774193548388,9.048387096774194,2555.91046277666
0,1759174549.393943,295.3,79,0.7046,0.3668,0.4241,348.0,0.0,6.63,None,None,9.572,True,None,sfc_cache_p4_16,0,None,60,495.0,70,64,0,0,0,False,100.0,14.5625,8.765625,2578.41046277666
0,1759174549.3944156,295.3,79,0.7046,0.3668,0.4241,348.0,0.0,13.37,None,None,11.311,True,None,sfc_unique_p4_16,0,None,60,495.0,70,64,0,0,0,False,100.0,14.5625,8.765625,2578.41046277666
0,1759174549.4979053,295.4,79,0.6811,0.3553,0.3992,342.0,0.0,8.68,None,None,9.816,True,None,sfc_cache_p4_13,0,None,60,495.0,68,62,0,0,0,False,100.0,14.53225806451613,8.516129032258064,2576.972217922922
0,1759174549.49835,295.4,79,0.6811,0.3553,0.3992,342.0,0.0,15.24,None,None,9.506,True,None,sfc_unique_p4_13,0,None,60,495.0,68,62,0,0,0,False,100.0,14.53225806451613,8.516129032258064,2576.972217922922
0,1759174549.5308533,295.4,79,0.7046,0.3797,0.4241,360.0,0.0,14.68,None,None,9.411,True,None,sfc_cache_p1_11,0,None,60,495.0,70,64,0,0,0,False,100.0,14.5625,8.765625,2581.2579322086367
0,1759174549.5313013,295.4,79,0.7046,0.3797,0.4241,360.0,0.0,21.22,None,None,9.273,True,None,sfc_unique_p1_11,0,None,60,495.0,70,64,0,0,0,False,100.0,14.5625,8.765625,2581.2579322086367
0,1759174554.4842045,300.4,79,0.6138,0.3275,0.3493,300.0,0.0,10.13,None,None,5.907,True,None,sfc_cache_p3_11,0,None,56,462.0,62,56,0,0,0,False,100.0,14.5,8.25,2546.166615075066
0,1759174554.4844916,300.4,79,0.6138,0.3275,0.3493,300.0,0.0,8.72,None,None,5.427,True,None,sfc_unique_p3_11,0,None,56,462.0,62,56,0,0,0,False,100.0,14.5,8.25,2546.166615075066
0,1759174559.5014796,305.4,79,0.5262,0.2855,0.2994,228.0,0.0,11.67,None,None,9.738,True,None,sfc_cache_p4_11,0,None,48,396.0,53,48,0,0,0,False,100.0,14.5,8.25,2503.746324098437
0,1759174559.5019977,305.4,79,0.5262,0.2855,0.2994,228.0,0.0,9.6,None,None,9.436,True,None,sfc_unique_p4_11,0,None,48,396.0,53,48,0,0,0,False,100.0,14.5,8.25,2503.746324098437
0,1759174572.2806869,318.2,81,0.5496,0.3,0.3243,234.0,0.0,10.95,None,None,9.917,True,None,sfc_cache_p1_17,0,None,48,396.0,54,50,0,0,0,False,100.0,14.54,8.58,2555.246324098437
0,1759174572.2809756,318.2,81,0.5496,0.3,0.3243,234.0,0.0,10.92,None,None,7.772,True,None,sfc_unique_p1_17,0,None,48,396.0,54,50,0,0,0,False,100.0,14.54,8.58,2555.246324098437
0,1759174572.314811,318.2,82,0.573,0.3122,0.3493,240.0,0.0,10.95,None,None,9.612,True,None,sfc_cache_p2_17,0,None,48,396.0,56,52,0,0,0,False,100.0,14.576923076923077,8.884615384615385,2577.958365578084
0,1759174572.3150883,318.2,82,0.573,0.3122,0.3493,240.0,0.0,8.49,None,None,5.911,True,None,sfc_unique_p2_17,0,None,48,396.0,56,52,0,0,0,False,100.0,14.576923076923077,8.884615384615385,2577.958365578084
0,1759174572.346723,318.2,83,0.5965,0.3265,0.3742,246.0,0.0,9.72,None,None,9.489,True,None,sfc_cache_p3_17,0,None,48,396.0,58,54,0,0,0,False,100.0,14.61111111111111,9.166666666666666,2607.7801423928186
0,1759174572.3469813,318.2,83,0.5965,0.3265,0.3742,246.0,0.0,11.44,None,None,5.805,True,None,sfc_unique_p3_17,0,None,48,396.0,58,54,0,0,0,False,100.0,14.61111111111111,9.166666666666666,2607.7801423928186
0,1759174572.3783956,318.3,84,0.6169,0.3442,0.3742,264.0,0.0,10.02,None,None,9.389,True,None,sfc_cache_p4_17,0,None,52,429.0,61,56,0,0,0,False,100.0,14.571428571428571,8.839285714285714,2626.2801423928186
0,1759174572.3786516,318.3,84,0.6169,0.3442,0.3742,264.0,0.0,16.41,None,None,6.136,True,None,sfc_unique_p4_17,0,None,52,429.0,61,56,0,0,0,False,100.0,14.571428571428571,8.839285714285714,2626.2801423928186
0,1759174585.2986073,331.2,86,0.4619,0.2634,0.2744,198.0,0.0,7.87,None,None,10.116,True,None,sfc_cache_p1_18,0,None,40,330.0,46,42,0,0,0,False,100.0,14.547619047619047,8.642857142857142,2493.61337254295
0,1759174585.2991157,331.2,86,0.4619,0.2634,0.2744,198.0,0.0,7.22,None,None,9.624,True,None,sfc_unique_p1_18,0,None,40,330.0,46,42,0,0,0,False,100.0,14.547619047619047,8.642857142857142,2493.61337254295
0,1759174585.3366635,331.2,87,0.4823,0.269,0.2744,204.0,0.0,8.65,None,None,9.866,True,None,sfc_cache_p2_18,0,None,44,363.0,49,44,0,0,0,False,100.0,14.5,8.25,2541.9449001702524
0,1759174585.3371258,331.2,87,0.4823,0.269,0.2744,204.0,0.0,6.71,None,None,9.488,True,None,sfc_unique_p2_18,0,None,44,363.0,49,44,0,0,0,False,100.0,14.5,8.25,2541.9449001702524
0,1759174585.3718357,331.3,88,0.5027,0.2754,0.2744,210.0,0.0,7.34,None,None,9.672,True,None,sfc_cache_p3_18,0,None,48,396.0,52,46,0,0,0,False,100.0,14.456521739130435,7.891304347826087,2551.845457359542
0,1759174585.372276,331.3,88,0.5027,0.2754,0.2744,210.0,0.0,6.17,None,None,9.449,True,None,sfc_unique_p3_18,0,None,48,396.0,52,46,0,0,0,False,100.0,14.456521739130435,7.891304347826087,2551.845457359542
0,1759174585.408375,331.3,89,0.5231,0.2891,0.2744,216.0,0.0,7.97,None,None,9.768,True,None,sfc_cache_p4_18,0,None,52,429.0,55,48,0,0,0,False,100.0,14.416666666666666,7.5625,2551.845457359542
0,1759174585.4088252,331.3,89,0.5231,0.2891,0.2744,216.0,0.0,7.96,None,None,9.614,True,None,sfc_unique_p4_18,0,None,52,429.0,55,48,0,0,0,False,100.0,14.416666666666666,7.5625,2551.845457359542
0,1759174594.5263686,340.4,89,0.5262,0.2806,0.2994,204.0,0.0,9.22,None,None,10.04,True,None,sfc_cache_p4_16,0,None,48,396.0,54,48,0,0,0,False,100.0,14.5,8.25,2529.345457359542
0,1759174594.52686,340.4,89,0.5262,0.2806,0.2994,204.0,0.0,6.75,None,None,9.516,True,None,sfc_unique_p4_16,0,None,48,396.0,54,48,0,0,0,False,100.0,14.5,8.25,2529.345457359542
0,1759174604.3029635,350.2,91,0.4589,0.2517,0.2495,174.0,0.0,6.99,None,None,10.329,True,None,sfc_cache_p1_19,0,None,44,363.0,47,42,0,0,0,False,100.0,14.452380952380953,7.857142857142857,2466.6249032657483
0,1759174604.3037314,350.2,91,0.4589,0.2517,0.2495,174.0,0.0,6.13,None,None,9.842,True,None,sfc_unique_p1_19,0,None,44,363.0,47,42,0,0,0,False,100.0,14.452380952380953,7.857142857142857,2466.6249032657483
0,1759174604.3297255,350.2,92,0.4823,0.2627,0.2744,180.0,0.0,7.75,None,None,6.07,True,None,sfc_cache_p2_19,0,None,44,363.0,48,44,0,0,0,False,100.0,14.5,8.25,2484.20639219935
0,1759174604.3300018,350.2,92,0.4823,0.2627,0.2744,180.0,0.0,7.0,None,None,6.389,True,None,sfc_unique_p2_19,0,None,44,363.0,48,44,0,0,0,False,100.0,14.5,8.25,2484.20639219935
0,1759174604.3528845,350.2,93,0.5057,0.2725,0.2994,186.0,0.0,7.58,None,None,5.762,True,None,sfc_cache_p3_19,0,None,44,363.0,50,46,0,0,0,False,100.0,14.543478260869565,8.608695652173912,2510.324640148584
0,1759174604.3533022,350.2,93,0.5057,0.2725,0.2994,186.0,0.0,6.23,None,None,7.293,True,None,sfc_unique_p3_19,0,None,44,363.0,50,46,0,0,0,False,100.0,14.543478260869565,8.608695652173912,2510.324640148584
0,1759174604.3984315,350.3,94,0.5262,0.2815,0.2994,192.0,0.0,8.82,None,None,10.095,True,None,sfc_cache_p4_19,0,None,48,396.0,53,48,0,0,0,False,100.0,14.5,8.25,2527.1830985915494
0,1759174604.3989322,350.3,94,0.5262,0.2815,0.2994,192.0,0.0,7.49,None,None,9.476,True,None,sfc_unique_p4_19,0,None,48,396.0,53,48,0,0,0,False,100.0,14.5,8.25,2527.1830985915494
0,1759174604.5324776,350.4,94,0.4181,0.2177,0.2495,138.0,0.0,7.79,None,None,10.007,True,None,sfc_cache_p3_16,0,None,36,297.0,41,38,0,0,0,False,100.0,14.552631578947368,8.68421052631579,2475.9774028788115
0,1759174604.5327513,350.4,94,0.4181,0.2177,0.2495,138.0,0.0,6.74,None,None,5.625,True,None,sfc_unique_p3_16,0,None,36,297.0,41,38,0,0,0,False,100.0,14.552631578947368,8.68421052631579,2475.9774028788115
0,1759174604.5625696,350.4,94,0.4415,0.2247,0.2744,144.0,0.0,8.63,None,None,9.879,True,None,sfc_cache_p1_16,0,None,36,297.0,43,40,0,0,0,False,100.0,14.6,9.075,2482.8505649280296
0,1759174604.5628264,350.4,94,0.4415,0.2247,0.2744,144.0,0.0,6.16,None,None,6.139,True,None,sfc_unique_p1_16,0,None,36,297.0,43,40,0,0,0,False,100.0,14.6,9.075,2482.8505649280296
0,1759174604.5949888,350.5,94,0.4649,0.2331,0.2994,150.0,0.0,12.05,None,None,9.85,True,None,sfc_cache_p4_14,0,None,36,297.0,44,42,0,0,0,False,100.0,14.642857142857142,9.428571428571429,2505.4898622504256
0,1759174604.5952337,350.5,94,0.4649,0.2331,0.2994,150.0,0.0,8.95,None,None,5.993,True,None,sfc_unique_p4_14,0,None,36,297.0,44,42,0,0,0,False,100.0,14.642857142857142,9.428571428571429,2505.4898622504256
0,1759174604.62583,350.5,94,0.4884,0.2396,0.3243,156.0,0.0,12.18,None,None,9.824,True,None,sfc_cache_p3_14,0,None,36,297.0,46,44,0,0,0,False,100.0,14.681818181818182,9.75,2505.4898622504256
0,1759174604.6260786,350.5,94,0.4884,0.2396,0.3243,156.0,0.0,8.88,None,None,6.661,True,None,sfc_unique_p3_14,0,None,36,297.0,46,44,0,0,0,False,100.0,14.681818181818182,9.75,2505.4898622504256
0,1759174604.6573598,350.5,94,0.5088,0.2468,0.3243,162.0,0.0,10.57,None,None,9.732,True,None,sfc_cache_p2_14,0,None,40,330.0,49,46,0,0,0,False,100.0,14.630434782608695,9.326086956521738,2523.74825878347
0,1759174604.657601,350.5,94,0.5088,0.2468,0.3243,162.0,0.0,8.8,None,None,7.125,True,None,sfc_unique_p2_14,0,None,40,330.0,49,46,0,0,0,False,100.0,14.630434782608695,9.326086956521738,2523.74825878347
0,1759174604.6892169,350.6,94,0.5292,0.2559,0.3243,168.0,0.0,11.18,None,None,9.749,True,None,sfc_cache_p1_14,0,None,44,363.0,52,48,0,0,0,False,100.0,14.583333333333334,8.9375,2523.74825878347
0,1759174604.6894672,350.6,94,0.5292,0.2559,0.3243,168.0,0.0,9.31,None,None,7.143,True,None,sfc_unique_p1_14,0,None,44,363.0,52,48,0,0,0,False,100.0,14.583333333333334,8.9375,2523.74825878347
0,1759174618.3202255,364.2,96,0.5526,0.2646,0.3493,186.0,0.0,8.88,None,None,10.281,True,None,sfc_cache_p1_20,0,None,44,363.0,53,50,0,0,0,False,100.0,14.62,9.24,2523.74825878347
0,1759174618.320717,364.2,96,0.5526,0.2646,0.3493,186.0,0.0,14.21,None,None,9.864,True,None,sfc_unique_p1_20,0,None,44,363.0,53,50,0,0,0,False,100.0,14.62,9.24,2523.74825878347
0,1759174618.3449347,364.2,97,0.573,0.2734,0.3493,204.0,0.0,9.04,None,None,6.058,True,None,sfc_cache_p2_20,0,None,48,396.0,56,52,0,0,0,False,100.0,14.576923076923077,8.884615384615385,2523.74825878347
0,1759174618.3452282,364.2,97,0.573,0.2734,0.3493,204.0,0.0,14.54,None,None,5.802,True,None,sfc_unique_p2_20,0,None,48,396.0,56,52,0,0,0,False,100.0,14.576923076923077,8.884615384615385,2523.74825878347
0,1759174618.377142,364.3,98,0.5934,0.2822,0.3493,222.0,0.0,7.46,None,None,6.075,True,None,sfc_cache_p3_20,0,None,52,429.0,59,54,0,0,0,False,100.0,14.537037037037036,8.555555555555555,2523.74825878347
0,1759174618.377433,364.3,98,0.5934,0.2822,0.3493,222.0,0.0,11.39,None,None,5.763,True,None,sfc_unique_p3_20,0,None,52,429.0,59,54,0,0,0,False,100.0,14.537037037037036,8.555555555555555,2523.74825878347
0,1759174618.4091783,364.3,99,0.6138,0.291,0.3493,240.0,0.0,8.07,None,None,5.911,True,None,sfc_cache_p4_20,0,None,56,462.0,62,56,0,0,0,False,100.0,14.5,8.25,2523.74825878347
0,1759174618.4094374,364.3,99,0.6138,0.291,0.3493,240.0,0.0,12.6,None,None,5.756,True,None,sfc_unique_p4_20,0,None,56,462.0,62,56,0,0,0,False,100.0,14.5,8.25,2523.74825878347
0,1759174619.6151755,365.5,99,0.6169,0.2947,0.3742,252.0,0.0,9.38,None,None,5.993,True,None,sfc_cache_p4_16,0,None,52,429.0,61,56,0,0,0,False,100.0,14.571428571428571,8.839285714285714,2523.74825878347
0,1759174619.6154633,365.5,99,0.6169,0.2947,0.3742,252.0,0.0,16.15,None,None,5.528,True,None,sfc_unique_p4_16,0,None,52,429.0,61,56,0,0,0,False,100.0,14.571428571428571,8.839285714285714,2523.74825878347
0,1759174624.552342,370.4,99,0.6169,0.2963,0.3742,264.0,0.0,10.52,None,None,10.098,True,None,sfc_cache_p3_14,0,None,52,429.0,61,56,0,0,0,False,100.0,14.571428571428571,8.839285714285714,2523.74825878347
0,1759174624.5526268,370.4,99,0.6169,0.2963,0.3742,264.0,0.0,18.78,None,None,5.722,True,None,sfc_unique_p3_14,0,None,52,429.0,61,56,0,0,0,False,100.0,14.571428571428571,8.839285714285714,2523.74825878347
0,1759174634.5588925,380.4,99,0.5027,0.2585,0.2744,222.0,0.0,9.34,None,None,9.161,True,None,sfc_cache_p3_16,0,None,48,396.0,51,46,0,0,0,False,100.0,14.456521739130435,7.891304347826087,2472.4880049527937
0,1759174634.5591729,380.4,99,0.5027,0.2585,0.2744,222.0,0.0,8.35,None,None,5.368,True,None,sfc_unique_p3_16,0,None,48,396.0,51,46,0,0,0,False,100.0,14.456521739130435,7.891304347826087,2472.4880049527937
0,1759174634.579686,380.5,99,0.5262,0.2682,0.2994,228.0,0.0,8.85,None,None,5.48,True,None,sfc_cache_p1_16,0,None,48,396.0,52,48,0,0,0,False,100.0,14.5,8.25,2478.097043801269
0,1759174634.5799553,380.5,99,0.5262,0.2682,0.2994,228.0,0.0,7.8,None,None,5.456,True,None,sfc_unique_p1_16,0,None,48,396.0,52,48,0,0,0,False,100.0,14.5,8.25,2478.097043801269
0,1759174637.3167655,383.2,101,0.5496,0.2778,0.3243,234.0,0.0,8.09,None,None,5.951,True,None,sfc_cache_p1_21,0,None,48,396.0,53,50,0,0,0,False,100.0,14.54,8.58,2503.1968735489863
0,1759174637.3170774,383.2,101,0.5496,0.2778,0.3243,234.0,0.0,6.47,None,None,5.399,True,None,sfc_unique_p1_21,0,None,48,396.0,53,50,0,0,0,False,100.0,14.54,8.58,2503.1968735489863
0,1759174637.3461664,383.2,102,0.57,0.2874,0.3243,240.0,0.0,8.35,None,None,6.627,True,None,sfc_cache_p2_21,0,None,52,429.0,56,52,0,0,0,False,100.0,14.5,8.25,2528.8507970902338
0,1759174637.3464406,383.2,102,0.57,0.2874,0.3243,240.0,0.0,6.78,None,None,5.403,True,None,sfc_unique_p2_21,0,None,52,429.0,56,52,0,0,0,False,100.0,14.5,8.25,2528.8507970902338
0,1759174637.3796592,383.3,103,0.5904,0.2943,0.3243,246.0,0.0,9.54,None,None,6.145,True,None,sfc_cache_p3_21,0,None,56,462.0,59,54,0,0,0,False,100.0,14.462962962962964,7.944444444444445,2576.651447144405
0,1759174637.379956,383.3,103,0.5904,0.2943,0.3243,246.0,0.0,7.83,None,None,5.396,True,None,sfc_unique_p3_21,0,None,56,462.0,59,54,0,0,0,False,100.0,14.462962962962964,7.944444444444445,2576.651447144405
0,1759174637.4038384,383.3,104,0.6108,0.3053,0.3243,264.0,0.0,8.09,None,None,5.481,True,None,sfc_cache_p4_21,0,None,60,495.0,62,56,0,0,0,False,100.0,14.428571428571429,7.660714285714286,2578.089691998143
0,1759174637.4041247,383.3,104,0.6108,0.3053,0.3243,264.0,0.0,14.3,None,None,5.5,True,None,sfc_unique_p4_21,0,None,60,495.0,62,56,0,0,0,False,100.0,14.428571428571429,7.660714285714286,2578.089691998143
0,1759174651.3321383,397.2,106,0.5496,0.2631,0.3243,246.0,0.0,7.39,None,None,10.38,True,None,sfc_cache_p1_22,0,None,48,396.0,53,50,0,0,0,False,100.0,14.54,8.58,2525.2298405819533
0,1759174651.332435,397.2,106,0.5496,0.2631,0.3243,246.0,0.0,6.95,None,None,5.667,True,None,sfc_unique_p1_22,0,None,48,396.0,53,50,0,0,0,False,100.0,14.54,8.58,2525.2298405819533
0,1759174651.3657956,397.3,107,0.57,0.2741,0.3243,252.0,0.0,7.01,None,None,9.793,True,None,sfc_cache_p2_22,0,None,52,429.0,56,52,0,0,0,False,100.0,14.5,8.25,2525.2298405819533
0,1759174651.366079,397.3,107,0.57,0.2741,0.3243,252.0,0.0,7.18,None,None,5.583,True,None,sfc_unique_p2_22,0,None,52,429.0,56,52,0,0,0,False,100.0,14.5,8.25,2525.2298405819533
0,1759174651.4004035,397.3,108,0.5904,0.2824,0.3243,258.0,0.0,8.24,None,None,8.002,True,None,sfc_cache_p3_22,0,None,56,462.0,59,54,0,0,0,False,100.0,14.462962962962964,7.944444444444445,2543.6902182324716
0,1759174651.4006977,397.3,108,0.5904,0.2824,0.3243,258.0,0.0,6.6,None,None,5.516,True,None,sfc_unique_p3_22,0,None,56,462.0,59,54,0,0,0,False,100.0,14.462962962962964,7.944444444444445,2543.6902182324716
0,1759174651.4328792,397.3,109,0.6108,0.2933,0.3243,264.0,0.0,7.47,None,None,7.61,True,None,sfc_cache_p4_22,0,None,60,495.0,62,56,0,0,0,False,100.0,14.428571428571429,7.660714285714286,2573.576458752515
0,1759174651.4331555,397.3,109,0.6108,0.2933,0.3243,264.0,0.0,6.74,None,None,5.666,True,None,sfc_unique_p4_22,0,None,60,495.0,62,56,0,0,0,False,100.0,14.428571428571429,7.660714285714286,2573.576458752515
0,1759174654.5710866,400.5,109,0.5904,0.2831,0.3243,258.0,0.0,7.94,None,None,6.18,True,None,sfc_cache_p4_19,0,None,56,462.0,59,54,0,0,0,False,100.0,14.462962962962964,7.944444444444445,2563.9608419749266
0,1759174654.5713747,400.5,109,0.5904,0.2831,0.3243,258.0,0.0,7.86,None,None,5.518,True,None,sfc_unique_p4_19,0,None,56,462.0,59,54,0,0,0,False,100.0,14.462962962962964,7.944444444444445,2563.9608419749266
0,1759174654.5973847,400.5,109,0.6108,0.2902,0.3243,264.0,0.0,7.79,None,None,5.772,True,None,sfc_cache_p2_19,0,None,60,495.0,62,56,0,0,0,False,100.0,14.428571428571429,7.660714285714286,2563.9608419749266
0,1759174654.5976593,400.5,109,0.6108,0.2902,0.3243,264.0,0.0,6.55,None,None,5.541,True,None,sfc_unique_p2_19,0,None,60,495.0,62,56,0,0,0,False,100.0,14.428571428571429,7.660714285714286,2563.9608419749266
0,1759174669.3499038,415.2,111,0.5435,0.255,0.2744,222.0,0.0,7.34,None,None,10.149,True,None,sfc_cache_p1_23,0,None,56,462.0,56,50,0,0,0,False,100.0,14.38,7.26,2571.1679306608885
0,1759174669.3503966,415.2,111,0.5435,0.255,0.2744,222.0,0.0,6.38,None,None,9.538,True,None,sfc_unique_p1_23,0,None,56,462.0,56,50,0,0,0,False,100.0,14.38,7.26,2571.1679306608885
0,1759174669.3891318,415.3,112,0.564,0.2633,0.2744,228.0,0.0,7.23,None,None,10.224,True,None,sfc_cache_p2_23,0,None,60,495.0,59,52,0,0,0,False,100.0,14.346153846153847,6.980769230769231,2589.6283083114067
0,1759174669.3896651,415.3,112,0.564,0.2633,0.2744,228.0,0.0,6.29,None,None,9.972,True,None,sfc_unique_p2_23,0,None,60,495.0,59,52,0,0,0,False,100.0,14.346153846153847,6.980769230769231,2589.6283083114067
0,1759174669.4351628,415.3,113,0.5844,0.2697,0.2744,234.0,0.0,7.76,None,None,10.274,True,None,sfc_cache_p3_23,0,None,64,528.0,62,54,0,0,0,False,100.0,14.314814814814815,6.722222222222222,2605.4524841355824
0,1759174669.4356928,415.3,113,0.5844,0.2697,0.2744,234.0,0.0,6.08,None,None,11.281,True,None,sfc_unique_p3_23,0,None,64,528.0,62,54,0,0,0,False,100.0,14.314814814814815,6.722222222222222,2605.4524841355824
0,1759174669.473401,415.4,114,0.6048,0.2786,0.2744,252.0,0.0,7.97,None,None,9.796,True,None,sfc_cache_p4_23,0,None,68,561.0,65,56,0,0,0,False,100.0,14.285714285714286,6.482142857142857,2605.4524841355824
0,1759174669.4738595,415.4,114,0.6048,0.2786,0.2744,252.0,0.0,13.7,None,None,9.636,True,None,sfc_unique_p4_23,0,None,68,561.0,65,56,0,0,0,False,100.0,14.285714285714286,6.482142857142857,2605.4524841355824
0,1759174686.3570447,432.2,116,0.6282,0.2874,0.2994,270.0,0.0,7.63,None,None,10.414,True,None,sfc_cache_p1_24,0,None,68,561.0,66,58,0,0,0,False,100.0,14.327586206896552,6.827586206896552,2605.4524841355824
0,1759174686.3573477,432.2,116,0.6282,0.2874,0.2994,270.0,0.0,13.08,None,None,8.135,True,None,sfc_unique_p1_24,0,None,68,561.0,66,58,0,0,0,False,100.0,14.327586206896552,6.827586206896552,2605.4524841355824
0,1759174686.403814,432.3,117,0.6516,0.2988,0.3243,288.0,0.0,9.89,None,None,10.401,True,None,sfc_cache_p2_24,0,None,68,561.0,68,60,0,0,0,False,100.0,14.366666666666667,7.15,2609.0846618170563
0,1759174686.4043164,432.3,117,0.6516,0.2988,0.3243,288.0,0.0,17.4,None,None,9.739,True,None,sfc_unique_p2_24,0,None,68,561.0,68,60,0,0,0,False,100.0,14.366666666666667,7.15,2609.0846618170563
0,1759174686.4461198,432.3,118,0.6751,0.3102,0.3493,306.0,0.0,7.93,None,None,10.085,True,None,sfc_cache_p3_24,0,None,68,561.0,70,62,0,0,0,False,100.0,14.403225806451612,7.451612903225806,2609.0846618170563
0,1759174686.4466372,432.3,118,0.6751,0.3102,0.3493,306.0,0.0,11.85,None,None,9.777,True,None,sfc_unique_p3_24,0,None,68,561.0,70,62,0,0,0,False,100.0,14.403225806451612,7.451612903225806,2609.0846618170563
0,1759174686.4929347,432.4,119,0.6955,0.3256,0.3493,324.0,0.0,9.34,None,None,10.227,True,None,sfc_cache_p4_24,0,None,72,594.0,72,64,0,0,0,False,100.0,14.375,7.21875,2609.0846618170563
0,1759174686.4934485,432.4,119,0.6955,0.3256,0.3493,324.0,0.0,15.7,None,None,9.891,True,None,sfc_unique_p4_24,0,None,72,594.0,72,64,0,0,0,False,100.0,14.375,7.21875,2609.0846618170563
0,1759174689.6229594,435.5,119,0.573,0.2623,0.3493,264.0,0.0,9.15,None,None,10.207,True,None,sfc_cache_p4_20,0,None,48,396.0,55,52,0,0,0,False,100.0,14.576923076923077,8.884615384615385,2543.9753908063767
0,1759174689.623453,435.5,119,0.573,0.2623,0.3493,264.0,0.0,8.27,None,None,9.671,True,None,sfc_unique_p4_20,0,None,48,396.0,55,52,0,0,0,False,100.0,14.576923076923077,8.884615384615385,2543.9753908063767
0,1759174689.659681,435.5,119,0.5965,0.2741,0.3742,270.0,0.0,9.97,None,None,9.826,True,None,sfc_cache_p3_20,0,None,48,396.0,57,54,0,0,0,False,100.0,14.61111111111111,9.166666666666666,2548.680157870299
0,1759174689.6601362,435.5,119,0.5965,0.2741,0.3742,270.0,0.0,7.42,None,None,9.654,True,None,sfc_unique_p3_20,0,None,48,396.0,57,54,0,0,0,False,100.0,14.61111111111111,9.166666666666666,2548.680157870299
0,1759174689.6964042,435.6,119,0.6199,0.2825,0.3992,276.0,0.0,10.04,None,None,9.578,True,None,sfc_cache_p4_18,0,None,48,396.0,57,56,0,0,0,False,100.0,14.642857142857142,9.428571428571429,2552.8590775421762
0,1759174689.6968534,435.6,119,0.6199,0.2825,0.3992,276.0,0.0,7.7,None,None,9.564,True,None,sfc_unique_p4_18,0,None,48,396.0,57,56,0,0,0,False,100.0,14.642857142857142,9.428571428571429,2552.8590775421762
0,1759174689.7357671,435.6,119,0.6403,0.2913,0.3992,294.0,0.0,10.21,None,None,9.675,True,None,sfc_cache_p3_18,0,None,52,429.0,59,58,0,0,0,False,100.0,14.60344827586207,9.10344827586207,2552.8590775421762
0,1759174689.736235,435.6,119,0.6403,0.2913,0.3992,294.0,0.0,18.63,None,None,9.56,True,None,sfc_unique_p3_18,0,None,52,429.0,59,58,0,0,0,False,100.0,14.60344827586207,9.10344827586207,2552.8590775421762
0,1759174689.7635975,435.6,119,0.6637,0.3098,0.4241,312.0,0.0,9.87,None,None,5.85,True,None,sfc_cache_p2_18,0,None,52,429.0,61,60,0,0,0,False,100.0,14.633333333333333,9.35,2579.084120105247
0,1759174689.7638958,435.6,119,0.6637,0.3098,0.4241,312.0,0.0,13.8,None,None,5.483,True,None,sfc_unique_p2_18,0,None,52,429.0,61,60,0,0,0,False,100.0,14.633333333333333,9.35,2579.084120105247
0,1759174689.7879767,435.7,119,0.6842,0.3213,0.4241,330.0,0.0,9.22,None,None,5.696,True,None,sfc_cache_p1_18,0,None,56,462.0,64,62,0,0,0,False,100.0,14.596774193548388,9.048387096774194,2579.084120105247
0,1759174689.7882547,435.7,119,0.6842,0.3213,0.4241,330.0,0.0,17.09,None,None,5.61,True,None,sfc_unique_p1_18,0,None,56,462.0,64,62,0,0,0,False,100.0,14.596774193548388,9.048387096774194,2579.084120105247
0,1759174689.8161926,435.7,119,0.7076,0.3351,0.449,348.0,0.0,14.09,None,None,5.534,True,None,sfc_cache_p3_17,0,None,56,462.0,66,64,0,0,0,False,100.0,14.625,9.28125,2596.192152917505
0,1759174689.816455,435.7,119,0.7076,0.3351,0.449,348.0,0.0,22.94,None,None,5.552,True,None,sfc_unique_p3_17,0,None,56,462.0,66,64,0,0,0,False,100.0,14.625,9.28125,2596.192152917505
0,1759174694.6309316,440.5,119,0.6199,0.2881,0.3992,276.0,0.0,9.27,None,None,10.369,True,None,sfc_cache_p2_20,0,None,48,396.0,59,56,0,0,0,False,100.0,14.642857142857142,9.428571428571429,2574.9052004333694
0,1759174694.631448,440.5,119,0.6199,0.2881,0.3992,276.0,0.0,6.71,None,None,9.812,True,None,sfc_unique_p2_20,0,None,48,396.0,59,56,0,0,0,False,100.0,14.642857142857142,9.428571428571429,2574.9052004333694
0,1759174699.64296,445.5,119,0.5466,0.2439,0.2994,234.0,0.0,9.16,None,None,10.373,True,None,sfc_cache_p1_20,0,None,52,429.0,54,50,0,0,0,False,100.0,14.46,7.92,2491.004488469277
0,1759174699.6434727,445.5,119,0.5466,0.2439,0.2994,234.0,0.0,8.48,None,None,9.773,True,None,sfc_unique_p1_20,0,None,52,429.0,54,50,0,0,0,False,100.0,14.46,7.92,2491.004488469277
0,1759174699.6808212,445.6,119,0.57,0.2607,0.3243,240.0,0.0,10.63,None,None,9.535,True,None,sfc_cache_p4_17,0,None,52,429.0,55,52,0,0,0,False,100.0,14.5,8.25,2504.5859774028786
0,1759174699.6812892,445.6,119,0.57,0.2607,0.3243,240.0,0.0,10.7,None,None,9.922,True,None,sfc_unique_p4_17,0,None,52,429.0,55,52,0,0,0,False,100.0,14.5,8.25,2504.5859774028786
0,1759174699.7182243,445.6,119,0.5934,0.2908,0.3493,246.0,0.0,11.8,None,None,9.319,True,None,sfc_cache_p2_17,0,None,52,429.0,57,54,0,0,0,False,100.0,14.537037037037036,8.555555555555555,2539.4318094450236
0,1759174699.7186768,445.6,119,0.5934,0.2908,0.3493,246.0,0.0,14.24,None,None,9.338,True,None,sfc_unique_p2_17,0,None,52,429.0,57,54,0,0,0,False,100.0,14.537037037037036,8.555555555555555,2539.4318094450236
0,1759174699.757568,445.6,119,0.6169,0.3096,0.3742,264.0,0.0,13.25,None,None,9.425,True,None,sfc_cache_p1_17,0,None,52,429.0,59,56,0,0,0,False,100.0,14.571428571428571,8.839285714285714,2566.2175237307374
0,1759174699.7580245,445.6,119,0.6169,0.3096,0.3742,264.0,0.0,21.68,None,None,9.393,True,None,sfc_unique_p1_17,0,None,52,429.0,59,56,0,0,0,False,100.0,14.571428571428571,8.839285714285714,2566.2175237307374
0,1759174704.3717928,450.3,121,0.5466,0.2427,0.2994,222.0,0.0,7.58,None,None,10.381,True,None,sfc_cache_p1_25,0,None,52,429.0,54,50,0,0,0,False,100.0,14.46,7.92,2490.8976938554406
0,1759174704.3723102,450.3,121,0.5466,0.2427,0.2994,222.0,0.0,6.28,None,None,9.712,True,None,sfc_unique_p1_25,0,None,52,429.0,54,50,0,0,0,False,100.0,14.46,7.92,2490.8976938554406
0,1759174704.4137487,450.3,122,0.57,0.2524,0.3243,228.0,0.0,8.62,None,None,10.161,True,None,sfc_cache_p2_25,0,None,52,429.0,56,52,0,0,0,False,100.0,14.5,8.25,2509.1560903884847
0,1759174704.414275,450.3,122,0.57,0.2524,0.3243,228.0,0.0,6.02,None,None,9.581,True,None,sfc_unique_p2_25,0,None,52,429.0,56,52,0,0,0,False,100.0,14.5,8.25,2509.1560903884847
0,1759174704.4598398,450.3,123,0.5904,0.2667,0.3243,234.0,0.0,9.48,None,None,10.093,True,None,sfc_cache_p3_25,0,None,56,462.0,59,54,0,0,0,False,100.0,14.462962962962964,7.944444444444445,2509.1560903884847
0,1759174704.4603717,450.3,123,0.5904,0.2667,0.3243,234.0,0.0,8.64,None,None,9.723,True,None,sfc_unique_p3_25,0,None,56,462.0,59,54,0,0,0,False,100.0,14.462962962962964,7.944444444444445,2509.1560903884847
0,1759174704.5022972,450.4,124,0.6108,0.2761,0.3243,252.0,0.0,7.16,None,None,9.9,True,None,sfc_cache_p4_25,0,None,60,495.0,62,56,0,0,0,False,100.0,14.428571428571429,7.660714285714286,2509.1560903884847
0,1759174704.5028038,450.4,124,0.6108,0.2761,0.3243,252.0,0.0,11.98,None,None,9.848,True,None,sfc_unique_p4_25,0,None,60,495.0,62,56,0,0,0,False,100.0,14.428571428571429,7.660714285714286,2509.1560903884847
0,1759174714.6525867,460.5,124,0.6138,0.2778,0.3493,264.0,0.0,12.87,None,None,10.114,True,None,sfc_cache_p4_19,0,None,56,462.0,61,56,0,0,0,False,100.0,14.5,8.25,2513.441804674199
0,1759174714.6528785,460.5,124,0.6138,0.2778,0.3493,264.0,0.0,20.01,None,None,5.728,True,None,sfc_unique_p4_19,0,None,56,462.0,61,56,0,0,0,False,100.0,14.5,8.25,2513.441804674199
0,1759174719.645922,465.5,124,0.6138,0.2799,0.3493,264.0,0.0,10.62,None,None,6.122,True,None,sfc_cache_p2_19,0,None,56,462.0,61,56,0,0,0,False,100.0,14.5,8.25,2513.441804674199
0,1759174719.6462164,465.5,124,0.6138,0.2799,0.3493,264.0,0.0,9.05,None,None,5.714,True,None,sfc_unique_p2_19,0,None,56,462.0,61,56,0,0,0,False,100.0,14.5,8.25,2513.441804674199
0,1759174723.3841145,469.3,126,0.6373,0.2949,0.3742,282.0,0.0,9.04,None,None,9.815,True,None,sfc_cache_p1_26,0,None,56,462.0,62,58,0,0,0,False,100.0,14.53448275862069,8.53448275862069,2525.9876285915057
0,1759174723.384618,469.3,126,0.6373,0.2949,0.3742,282.0,0.0,17.4,None,None,9.27,True,None,sfc_unique_p1_26,0,None,56,462.0,62,58,0,0,0,False,100.0,14.53448275862069,8.53448275862069,2525.9876285915057
0,1759174723.4186215,469.3,127,0.6577,0.3178,0.3742,300.0,0.0,8.92,None,None,5.568,True,None,sfc_cache_p2_26,0,None,60,495.0,65,60,0,0,0,False,100.0,14.5,8.25,2535.630485734363
0,1759174723.4189048,469.3,127,0.6577,0.3178,0.3742,300.0,0.0,18.28,None,None,5.463,True,None,sfc_unique_p2_26,0,None,60,495.0,65,60,0,0,0,False,100.0,14.5,8.25,2535.630485734363
0,1759174723.4463985,469.3,128,0.6781,0.3352,0.3742,318.0,0.0,9.81,None,None,5.506,True,None,sfc_cache_p3_26,0,None,64,528.0,68,62,0,0,0,False,100.0,14.46774193548387,7.983870967741935,2558.130485734363
0,1759174723.4466736,469.3,128,0.6781,0.3352,0.3742,318.0,0.0,17.44,None,None,5.377,True,None,sfc_unique_p3_26,0,None,64,528.0,68,62,0,0,0,False,100.0,14.46774193548387,7.983870967741935,2558.130485734363
0,1759174723.4787447,469.4,129,0.6985,0.3581,0.3742,336.0,0.0,9.89,None,None,5.58,True,None,sfc_cache_p4_26,0,None,68,561.0,71,64,0,0,0,False,100.0,14.4375,7.734375,2567.77334287722
0,1759174723.4790194,469.4,129,0.6985,0.3581,0.3742,336.0,0.0,20.21,None,None,5.43,True,None,sfc_unique_p4_26,0,None,68,561.0,71,64,0,0,0,False,100.0,14.4375,7.734375,2567.77334287722
0,1759174742.5377095,488.4,131,0.5405,0.2947,0.2495,282.0,0.0,9.5,None,None,10.071,True,None,sfc_cache_p1_27,0,None,60,495.0,57,50,0,0,0,False,100.0,14.3,6.6,2447.7435487277075
0,1759174742.5382285,488.4,131,0.5405,0.2947,0.2495,282.0,0.0,8.02,None,None,9.35,True,None,sfc_unique_p1_27,0,None,60,495.0,57,50,0,0,0,False,100.0,14.3,6.6,2447.7435487277075
0,1759174742.5785298,488.5,132,0.5609,0.3072,0.2495,288.0,0.0,10.05,None,None,9.624,True,None,sfc_cache_p2_27,0,None,64,528.0,60,52,0,0,0,False,100.0,14.26923076923077,6.346153846153846,2481.2201777325054
0,1759174742.579002,488.5,132,0.5609,0.3072,0.2495,288.0,0.0,7.51,None,None,9.431,True,None,sfc_unique_p2_27,0,None,64,528.0,60,52,0,0,0,False,100.0,14.26923076923077,6.346153846153846,2481.2201777325054
0,1759174742.6203568,488.5,133,0.5813,0.3189,0.2495,294.0,0.0,9.51,None,None,9.544,True,None,sfc_cache_p3_27,0,None,68,561.0,63,54,0,0,0,False,100.0,14.24074074074074,6.111111111111111,2484.6991283593434
0,1759174742.6208289,488.5,133,0.5813,0.3189,0.2495,294.0,0.0,7.85,None,None,9.582,True,None,sfc_unique_p3_27,0,None,68,561.0,63,54,0,0,0,False,100.0,14.24074074074074,6.111111111111111,2484.6991283593434
0,1759174742.6597772,488.5,134,0.6018,0.339,0.2495,300.0,0.0,10.4,None,None,9.655,True,None,sfc_cache_p4_27,0,None,72,594.0,66,56,0,0,0,False,100.0,14.214285714285714,5.892857142857143,2536.0983428772197
0,1759174742.6602554,488.5,134,0.6018,0.339,0.2495,300.0,0.0,10.29,None,None,9.535,True,None,sfc_unique_p4_27,0,None,72,594.0,66,56,0,0,0,False,100.0,14.214285714285714,5.892857142857143,2536.0983428772197
0,1759174744.6738842,490.6,134,0.6048,0.3442,0.2744,288.0,0.0,13.07,None,None,5.942,True,None,sfc_cache_p4_21,0,None,68,561.0,65,56,0,0,0,False,100.0,14.285714285714286,6.482142857142857,2545.998900066509
0,1759174744.674186,490.6,134,0.6048,0.3442,0.2744,288.0,0.0,10.98,None,None,5.519,True,None,sfc_unique_p4_21,0,None,68,561.0,65,56,0,0,0,False,100.0,14.285714285714286,6.482142857142857,2545.998900066509
0,1759174762.4192472,508.3,136,0.6282,0.3514,0.2994,294.0,0.0,6.64,None,None,10.076,True,None,sfc_cache_p1_28,0,None,68,561.0,66,58,0,0,0,False,100.0,14.327586206896552,6.827586206896552,2549.477850693347
0,1759174762.419769,508.3,136,0.6282,0.3514,0.2994,294.0,0.0,6.68,None,None,9.445,True,None,sfc_unique_p1_28,0,None,68,561.0,66,58,0,0,0,False,100.0,14.327586206896552,6.827586206896552,2549.477850693347
0,1759174762.46554,508.4,137,0.6516,0.3649,0.3243,312.0,0.0,8.75,None,None,9.863,True,None,sfc_cache_p2_28,0,None,68,561.0,68,60,0,0,0,False,100.0,14.366666666666667,7.15,2553.6567703652245
0,1759174762.4660454,508.4,137,0.6516,0.3649,0.3243,312.0,0.0,13.79,None,None,9.464,True,None,sfc_unique_p2_28,0,None,68,561.0,68,60,0,0,0,False,100.0,14.366666666666667,7.15,2553.6567703652245
0,1759174762.5150938,508.4,138,0.6721,0.3757,0.3243,330.0,0.0,8.8,None,None,10.152,True,None,sfc_cache_p3_28,0,None,72,594.0,71,62,0,0,0,False,100.0,14.338709677419354,6.919354838709677,2563.0593396269487
0,1759174762.5156186,508.4,138,0.6721,0.3757,0.3243,330.0,0.0,12.95,None,None,9.564,True,None,sfc_unique_p3_28,0,None,72,594.0,71,62,0,0,0,False,100.0,14.338709677419354,6.919354838709677,2563.0593396269487
0,1759174762.5610428,508.4,139,0.6955,0.3865,0.3493,348.0,0.0,8.17,None,None,9.766,True,None,sfc_cache_p4_28,0,None,72,594.0,73,64,0,0,0,False,100.0,14.375,7.21875,2574.198095237535
0,1759174762.5615273,508.4,139,0.6955,0.3865,0.3493,348.0,0.0,13.32,None,None,9.385,True,None,sfc_unique_p4_28,0,None,72,594.0,73,64,0,0,0,False,100.0,14.375,7.21875,2574.198095237535
0,1759174764.6853669,510.6,139,0.6781,0.3665,0.3742,330.0,0.0,7.96,None,None,5.954,True,None,sfc_cache_p3_26,0,None,64,528.0,68,62,0,0,0,False,100.0,14.46774193548387,7.983870967741935,2542.295525975811
0,1759174764.6856604,510.6,139,0.6781,0.3665,0.3742,330.0,0.0,13.84,None,None,5.564,True,None,sfc_unique_p3_26,0,None,64,528.0,68,62,0,0,0,False,100.0,14.46774193548387,7.983870967741935,2542.295525975811
0,1759174764.7098818,510.6,139,0.7015,0.3748,0.3992,348.0,0.0,10.64,None,None,5.638,True,None,sfc_cache_p3_24,0,None,64,528.0,70,64,0,0,0,False,100.0,14.5,8.25,2543.733770829549
0,1759174764.71014,510.6,139,0.7015,0.3748,0.3992,348.0,0.0,18.95,None,None,5.643,True,None,sfc_unique_p3_24,0,None,64,528.0,70,64,0,0,0,False,100.0,14.5,8.25,2543.733770829549
0,1759174774.6947753,520.6,139,0.573,0.318,0.3493,300.0,0.0,9.15,None,None,6.19,True,None,sfc_cache_p1_24,0,None,48,396.0,55,52,0,0,0,False,100.0,14.576923076923077,8.884615384615385,2455.2613981318245
0,1759174774.6950748,520.6,139,0.573,0.318,0.3493,300.0,0.0,8.18,None,None,5.695,True,None,sfc_unique_p1_24,0,None,48,396.0,55,52,0,0,0,False,100.0,14.576923076923077,8.884615384615385,2455.2613981318245
0,1759174774.7230895,520.6,139,0.5965,0.3306,0.3742,306.0,0.0,9.99,None,None,7.014,True,None,sfc_cache_p4_22,0,None,48,396.0,57,54,0,0,0,False,100.0,14.61111111111111,9.166666666666666,2468.842887065426
0,1759174774.7236204,520.6,139,0.5965,0.3306,0.3742,306.0,0.0,8.17,None,None,9.08,True,None,sfc_unique_p4_22,0,None,48,396.0,57,54,0,0,0,False,100.0,14.61111111111111,9.166666666666666,2468.842887065426
0,1759174774.75736,520.6,139,0.6199,0.3416,0.3992,312.0,0.0,9.33,None,None,6.791,True,None,sfc_cache_p1_22,0,None,48,396.0,58,56,0,0,0,False,100.0,14.642857142857142,9.428571428571429,2478.2454563271504
0,1759174774.7576838,520.6,139,0.6199,0.3416,0.3992,312.0,0.0,8.3,None,None,5.827,True,None,sfc_unique_p1_22,0,None,48,396.0,58,56,0,0,0,False,100.0,14.642857142857142,9.428571428571429,2478.2454563271504
0,1759174779.7099745,525.6,139,0.5292,0.3014,0.3243,276.0,0.0,9.52,None,None,10.443,True,None,sfc_cache_p1_26,0,None,44,363.0,51,48,0,0,0,False,100.0,14.583333333333334,8.9375,2422.1301385234483
0,1759174779.7102642,525.6,139,0.5292,0.3014,0.3243,276.0,0.0,7.7,None,None,5.604,True,None,sfc_unique_p1_26,0,None,44,363.0,51,48,0,0,0,False,100.0,14.583333333333334,8.9375,2422.1301385234483
0,1759174783.4247518,529.3,141,0.5526,0.3137,0.3493,282.0,0.0,10.42,None,None,8.557,True,None,sfc_cache_p1_29,0,None,44,363.0,52,50,0,0,0,False,100.0,14.62,9.24,2450.846281535366
0,1759174783.4250524,529.3,141,0.5526,0.3137,0.3493,282.0,0.0,8.67,None,None,5.477,True,None,sfc_unique_p1_29,0,None,44,363.0,52,50,0,0,0,False,100.0,14.62,9.24,2450.846281535366
0,1759174783.4594836,529.3,142,0.573,0.326,0.3493,288.0,0.0,8.35,None,None,6.071,True,None,sfc_cache_p2_29,0,None,48,396.0,55,52,0,0,0,False,100.0,14.576923076923077,8.884615384615385,2480.098719238508
0,1759174783.4597723,529.3,142,0.573,0.326,0.3493,288.0,0.0,7.72,None,None,5.411,True,None,sfc_unique_p2_29,0,None,48,396.0,55,52,0,0,0,False,100.0,14.576923076923077,8.884615384615385,2480.098719238508
0,1759174783.4927437,529.4,143,0.5934,0.3329,0.3493,294.0,0.0,8.09,None,None,5.457,True,None,sfc_cache_p3_29,0,None,52,429.0,58,54,0,0,0,False,100.0,14.537037037037036,8.555555555555555,2493.725479801888
0,1759174783.4930236,529.4,143,0.5934,0.3329,0.3493,294.0,0.0,6.66,None,None,5.376,True,None,sfc_unique_p3_29,0,None,52,429.0,58,54,0,0,0,False,100.0,14.537037037037036,8.555555555555555,2493.725479801888
0,1759174783.5252292,529.4,144,0.6138,0.3432,0.3493,300.0,0.0,9.12,None,None,5.454,True,None,sfc_cache_p4_29,0,None,56,462.0,61,56,0,0,0,False,100.0,14.5,8.25,2501.4270739823555
0,1759174783.5255015,529.4,144,0.6138,0.3432,0.3493,300.0,0.0,7.43,None,None,5.332,True,None,sfc_unique_p4_29,0,None,56,462.0,61,56,0,0,0,False,100.0,14.5,8.25,2501.4270739823555
0,1759174784.720974,530.6,144,0.5526,0.3184,0.3493,270.0,0.0,8.59,None,None,9.462,True,None,sfc_cache_p4_23,0,None,44,363.0,52,50,0,0,0,False,100.0,14.62,9.24,2458.6306802352574
0,1759174784.721271,530.6,144,0.5526,0.3184,0.3493,270.0,0.0,7.82,None,None,5.343,True,None,sfc_unique_p4_23,0,None,44,363.0,52,50,0,0,0,False,100.0,14.62,9.24,2458.6306802352574
0,1759174784.7526574,530.6,144,0.5761,0.3276,0.3742,276.0,0.0,8.57,None,None,8.233,True,None,sfc_cache_p3_23,0,None,44,363.0,53,52,0,0,0,False,100.0,14.653846153846153,9.51923076923077,2474.110869060517
0,1759174784.7529423,530.6,144,0.5761,0.3276,0.3742,276.0,0.0,6.16,None,None,5.516,True,None,sfc_unique_p3_23,0,None,44,363.0,53,52,0,0,0,False,100.0,14.653846153846153,9.51923076923077,2474.110869060517
0,1759174784.7901652,530.7,144,0.5965,0.3361,0.3742,282.0,0.0,10.09,None,None,9.575,True,None,sfc_cache_p2_23,0,None,48,396.0,56,54,0,0,0,False,100.0,14.61111111111111,9.166666666666666,2492.369265593561
0,1759174784.7904224,530.7,144,0.5965,0.3361,0.3742,282.0,0.0,7.8,None,None,5.793,True,None,sfc_unique_p2_23,0,None,48,396.0,56,54,0,0,0,False,100.0,14.61111111111111,9.166666666666666,2492.369265593561
0,1759174784.8246918,530.7,144,0.6199,0.3505,0.3992,288.0,0.0,7.42,None,None,9.637,True,None,sfc_cache_p1_23,0,None,48,396.0,58,56,0,0,0,False,100.0,14.642857142857142,9.428571428571429,2530.419944281071
0,1759174784.8249485,530.7,144,0.6199,0.3505,0.3992,288.0,0.0,7.9,None,None,5.516,True,None,sfc_unique_p1_23,0,None,48,396.0,58,56,0,0,0,False,100.0,14.642857142857142,9.428571428571429,2530.419944281071
0,1759174799.7340853,545.6,144,0.5322,0.309,0.3493,252.0,0.0,11.84,None,None,9.332,True,None,sfc_cache_p4_25,0,None,40,330.0,50,48,0,0,0,False,100.0,14.666666666666666,9.625,2466.1082378888714
0,1759174799.734365,545.6,144,0.5322,0.309,0.3493,252.0,0.0,8.85,None,None,5.537,True,None,sfc_unique_p4_25,0,None,40,330.0,50,48,0,0,0,False,100.0,14.666666666666666,9.625,2466.1082378888714
0,1759174807.4364996,553.3,146,0.4619,0.2702,0.2744,198.0,0.0,8.96,None,None,9.878,True,None,sfc_cache_p1_30,0,None,40,330.0,45,42,0,0,0,False,100.0,14.547619047619047,8.642857142857142,2443.468940566476
0,1759174807.4370236,553.3,146,0.4619,0.2702,0.2744,198.0,0.0,6.73,None,None,9.53,True,None,sfc_unique_p1_30,0,None,40,330.0,45,42,0,0,0,False,100.0,14.547619047619047,8.642857142857142,2443.468940566476
0,1759174807.482463,553.4,147,0.4853,0.2867,0.2994,204.0,0.0,10.11,None,None,9.319,True,None,sfc_cache_p2_30,0,None,40,330.0,47,44,0,0,0,False,100.0,14.590909090909092,9.0,2487.050429500078
0,1759174807.4829874,553.4,147,0.4853,0.2867,0.2994,204.0,0.0,9.23,None,None,9.439,True,None,sfc_unique_p2_30,0,None,40,330.0,47,44,0,0,0,False,100.0,14.590909090909092,9.0,2487.050429500078
0,1759174807.5297422,553.4,148,0.5057,0.3027,0.2994,210.0,0.0,8.69,None,None,9.699,True,None,sfc_cache_p3_30,0,None,44,363.0,49,46,0,0,0,False,100.0,14.543478260869565,8.608695652173912,2514.0672844760875
0,1759174807.5302563,553.4,148,0.5057,0.3027,0.2994,210.0,0.0,8.07,None,None,9.131,True,None,sfc_unique_p3_30,0,None,44,363.0,49,46,0,0,0,False,100.0,14.543478260869565,8.608695652173912,2514.0672844760875
0,1759174807.5746987,553.5,149,0.5262,0.321,0.2994,216.0,0.0,8.69,None,None,9.457,True,None,sfc_cache_p4_30,0,None,48,396.0,52,48,0,0,0,False,100.0,14.5,8.25,2530.4500928648818
0,1759174807.5750206,553.5,149,0.5262,0.321,0.2994,216.0,0.0,8.81,None,None,9.239,True,None,sfc_unique_p4_30,0,None,48,396.0,52,48,0,0,0,False,100.0,14.5,8.25,2530.4500928648818
0,1759174809.7373557,555.6,149,0.5231,0.3203,0.2744,216.0,0.0,9.34,None,None,6.003,True,None,sfc_cache_p2_25,0,None,52,429.0,53,48,0,0,0,False,100.0,14.416666666666666,7.5625,2528.926334932673
0,1759174809.7376633,555.6,149,0.5231,0.3203,0.2744,216.0,0.0,8.61,None,None,5.572,True,None,sfc_unique_p2_25,0,None,52,429.0,53,48,0,0,0,False,100.0,14.416666666666666,7.5625,2528.926334932673
0,1759174814.7536395,560.6,149,0.5262,0.3215,0.2994,216.0,0.0,10.03,None,None,10.433,True,None,sfc_cache_p1_26,0,None,48,396.0,52,48,0,0,0,False,100.0,14.5,8.25,2527.9883996285403
0,1759174814.7539446,560.6,149,0.5262,0.3215,0.2994,216.0,0.0,8.04,None,None,5.582,True,None,sfc_unique_p1_26,0,None,48,396.0,52,48,0,0,0,False,100.0,14.5,8.25,2527.9883996285403
0,1759174820.4497182,566.3,151,0.5496,0.3368,0.3243,222.0,0.0,6.69,None,None,9.873,True,None,sfc_cache_p1_31,0,None,48,396.0,53,50,0,0,0,False,100.0,14.54,8.58,2544.320882260021
0,1759174820.4502518,566.3,151,0.5496,0.3368,0.3243,222.0,0.0,11.12,None,None,9.204,True,None,sfc_unique_p1_31,0,None,48,396.0,53,50,0,0,0,False,100.0,14.54,8.58,2544.320882260021
0,1759174820.4954984,566.4,152,0.57,0.3518,0.3243,228.0,0.0,9.89,None,None,9.329,True,None,sfc_cache_p2_31,0,None,52,429.0,56,52,0,0,0,False,100.0,14.5,8.25,2580.995882260021
0,1759174820.4959707,566.4,152,0.57,0.3518,0.3243,228.0,0.0,8.75,None,None,9.118,True,None,sfc_unique_p2_31,0,None,52,429.0,56,52,0,0,0,False,100.0,14.5,8.25,2580.995882260021
0,1759174820.6918619,566.6,153,0.5904,0.3754,0.3243,234.0,0.0,8.15,None,None,9.796,True,None,sfc_cache_p3_31,0,None,56,462.0,59,54,0,0,0,False,100.0,14.462962962962964,7.944444444444445,2602.2195318498675
0,1759174820.6923919,566.6,153,0.5904,0.3754,0.3243,234.0,0.0,9.39,None,None,9.492,True,None,sfc_unique_p3_31,0,None,56,462.0,59,54,0,0,0,False,100.0,14.462962962962964,7.944444444444445,2602.2195318498675
0,1759174820.738675,566.6,154,0.6108,0.3945,0.3243,252.0,0.0,8.39,None,None,9.416,True,None,sfc_cache_p4_31,0,None,60,495.0,61,56,0,0,0,False,100.0,14.428571428571429,7.660714285714286,2621.8895318498676
0,1759174820.7391875,566.6,154,0.6108,0.3945,0.3243,252.0,0.0,16.09,None,None,9.249,True,None,sfc_unique_p4_31,0,None,60,495.0,61,56,0,0,0,False,100.0,14.428571428571429,7.660714285714286,2621.8895318498676
0,1759174824.7702947,570.7,154,0.5904,0.385,0.3243,234.0,0.0,9.68,None,None,9.993,True,None,sfc_cache_p4_28,0,None,56,462.0,58,54,0,0,0,False,100.0,14.462962962962964,7.944444444444445,2602.890924823092
0,1759174824.7707949,570.7,154,0.5904,0.385,0.3243,234.0,0.0,17.48,None,None,9.601,True,None,sfc_unique_p4_28,0,None,56,462.0,58,54,0,0,0,False,100.0,14.462962962962964,7.944444444444445,2602.890924823092
0,1759174824.8019722,570.7,154,0.6138,0.3964,0.3493,252.0,0.0,10.25,None,None,7.009,True,None,sfc_cache_p3_28,0,None,56,462.0,60,56,0,0,0,False,100.0,14.5,8.25,2605.212546863024
0,1759174824.802236,570.7,154,0.6138,0.3964,0.3493,252.0,0.0,17.29,None,None,5.509,True,None,sfc_unique_p3_28,0,None,56,462.0,60,56,0,0,0,False,100.0,14.5,8.25,2605.212546863024
0,1759174844.4564645,590.3,156,0.4589,0.2935,0.2495,174.0,0.0,8.4,None,None,10.488,True,None,sfc_cache_p1_32,0,None,44,363.0,45,42,0,0,0,False,100.0,14.452380952380953,7.857142857142857,2522.339926525615
0,1759174844.4567904,590.3,156,0.4589,0.2935,0.2495,174.0,0.0,6.32,None,None,5.809,True,None,sfc_unique_p1_32,0,None,44,363.0,45,42,0,0,0,False,100.0,14.452380952380953,7.857142857142857,2522.339926525615
0,1759174844.4916587,590.4,157,0.4793,0.308,0.2495,180.0,0.0,7.62,None,None,8.615,True,None,sfc_cache_p2_32,0,None,48,396.0,48,44,0,0,0,False,100.0,14.409090909090908,7.5,2534.4448638418194
0,1759174844.4919424,590.4,157,0.4793,0.308,0.2495,180.0,0.0,6.29,None,None,5.698,True,None,sfc_unique_p2_32,0,None,48,396.0,48,44,0,0,0,False,100.0,14.409090909090908,7.5,2534.4448638418194
0,1759174844.5271723,590.4,158,0.5027,0.3178,0.2744,186.0,0.0,7.54,None,None,6.18,True,None,sfc_cache_p3_32,0,None,48,396.0,50,46,0,0,0,False,100.0,14.456521739130435,7.891304347826087,2555.2268635322703
0,1759174844.5274496,590.4,158,0.5027,0.3178,0.2744,186.0,0.0,5.92,None,None,5.693,True,None,sfc_unique_p3_32,0,None,48,396.0,50,46,0,0,0,False,100.0,14.456521739130435,7.891304347826087,2555.2268635322703
0,1759174844.5622914,590.4,159,0.5231,0.3257,0.2744,192.0,0.0,5.97,None,None,8.781,True,None,sfc_cache_p4_32,0,None,52,429.0,53,48,0,0,0,False,100.0,14.416666666666666,7.5625,2562.38326347036
0,1759174844.5625596,590.4,159,0.5231,0.3257,0.2744,192.0,0.0,4.6,None,None,5.442,True,None,sfc_unique_p4_32,0,None,52,429.0,53,48,0,0,0,False,100.0,14.416666666666666,7.5625,2562.38326347036
0,1759174844.7875447,590.7,159,0.5231,0.322,0.2744,192.0,0.0,9.9,None,None,10.276,True,None,sfc_cache_p1_30,0,None,52,429.0,53,48,0,0,0,False,100.0,14.416666666666666,7.5625,2562.0385025974306
0,1759174844.788064,590.7,159,0.5231,0.322,0.2744,192.0,0.0,7.27,None,None,9.501,True,None,sfc_unique_p1_30,0,None,52,429.0,53,48,0,0,0,False,100.0,14.416666666666666,7.5625,2562.0385025974306
0,1759174849.7934062,595.7,159,0.4853,0.2784,0.2994,180.0,0.0,9.13,None,None,10.038,True,None,sfc_cache_p1_31,0,None,40,330.0,46,44,0,0,0,False,100.0,14.590909090909092,9.0,2527.3412900479802
0,1759174849.7936924,595.7,159,0.4853,0.2784,0.2994,180.0,0.0,6.85,None,None,5.576,True,None,sfc_unique_p1_31,0,None,40,330.0,46,44,0,0,0,False,100.0,14.590909090909092,9.0,2527.3412900479802
0,1759174849.8190382,595.7,159,0.5057,0.2862,0.2994,186.0,0.0,8.51,None,None,5.665,True,None,sfc_cache_p2_30,0,None,44,363.0,49,46,0,0,0,False,100.0,14.543478260869565,8.608695652173912,2541.0551114378577
0,1759174849.8193066,595.7,159,0.5057,0.2862,0.2994,186.0,0.0,7.1,None,None,5.498,True,None,sfc_unique_p2_30,0,None,44,363.0,49,46,0,0,0,False,100.0,14.543478260869565,8.608695652173912,2541.0551114378577
0,1759174849.843266,595.7,159,0.5292,0.2991,0.3243,192.0,0.0,14.21,None,None,5.437,True,None,sfc_cache_p4_27,0,None,44,363.0,51,48,0,0,0,False,100.0,14.583333333333334,8.9375,2545.309483826033
0,1759174849.843525,595.7,159,0.5292,0.2991,0.3243,192.0,0.0,11.13,None,None,5.301,True,None,sfc_unique_p4_27,0,None,44,363.0,51,48,0,0,0,False,100.0,14.583333333333334,8.9375,2545.309483826033
0,1759174854.809617,600.7,159,0.5088,0.2659,0.3243,186.0,0.0,7.61,None,None,10.104,True,None,sfc_cache_p3_31,0,None,40,330.0,49,46,0,0,0,False,100.0,14.630434782608695,9.326086956521738,2504.897898932054
0,1759174854.810148,600.7,159,0.5088,0.2659,0.3243,186.0,0.0,6.35,None,None,9.505,True,None,sfc_unique_p3_31,0,None,40,330.0,49,46,0,0,0,False,100.0,14.630434782608695,9.326086956521738,2504.897898932054
0,1759174854.8529782,600.7,159,0.5322,0.279,0.3493,192.0,0.0,9.73,None,None,9.77,True,None,sfc_cache_p3_30,0,None,40,330.0,51,48,0,0,0,False,100.0,14.666666666666666,9.625,2510.1215485219004
0,1759174854.853451,600.7,159,0.5322,0.279,0.3493,192.0,0.0,7.65,None,None,10.86,True,None,sfc_unique_p3_30,0,None,40,330.0,51,48,0,0,0,False,100.0,14.666666666666666,9.625,2510.1215485219004
0,1759174857.487285,603.4,161,0.5556,0.3031,0.3742,198.0,0.0,10.53,None,None,9.922,True,None,sfc_cache_p1_33,0,None,40,330.0,52,50,0,0,0,False,100.0,14.7,9.9,2531.210119950472
0,1759174857.487819,603.4,161,0.5556,0.3031,0.3742,198.0,0.0,12.82,None,None,9.443,True,None,sfc_unique_p1_33,0,None,40,330.0,52,50,0,0,0,False,100.0,14.7,9.9,2531.210119950472
0,1759174857.5325875,603.4,162,0.5791,0.3172,0.3992,216.0,0.0,10.29,None,None,9.479,True,None,sfc_cache_p2_33,0,None,40,330.0,54,52,0,0,0,False,100.0,14.73076923076923,10.153846153846153,2545.138691379043
0,1759174857.5330586,603.4,162,0.5791,0.3172,0.3992,216.0,0.0,16.42,None,None,9.414,True,None,sfc_unique_p2_33,0,None,40,330.0,54,52,0,0,0,False,100.0,14.73076923076923,10.153846153846153,2545.138691379043
0,1759174857.5806513,603.5,163,0.5995,0.3334,0.3992,234.0,0.0,11.92,None,None,9.519,True,None,sfc_cache_p3_33,0,None,44,363.0,57,54,0,0,0,False,100.0,14.685185185185185,9.777777777777779,2560.478691379043
0,1759174857.5811405,603.5,163,0.5995,0.3334,0.3992,234.0,0.0,19.9,None,None,9.371,True,None,sfc_unique_p3_33,0,None,44,363.0,57,54,0,0,0,False,100.0,14.685185185185185,9.777777777777779,2560.478691379043
0,1759174857.6270483,603.5,164,0.6229,0.3521,0.4241,252.0,0.0,10.62,None,None,9.432,True,None,sfc_cache_p4_33,0,None,44,363.0,59,56,0,0,0,False,100.0,14.714285714285714,10.017857142857142,2574.4072628076146
0,1759174857.6275163,603.5,164,0.6229,0.3521,0.4241,252.0,0.0,16.6,None,None,9.329,True,None,sfc_unique_p4_33,0,None,44,363.0,59,56,0,0,0,False,100.0,14.714285714285714,10.017857142857142,2574.4072628076146
0,1759174859.8170025,605.7,164,0.6199,0.3467,0.3992,264.0,0.0,10.41,None,None,10.149,True,None,sfc_cache_p4_30,0,None,48,396.0,60,56,0,0,0,False,100.0,14.642857142857142,9.428571428571429,2566.082262807615
0,1759174859.817518,605.7,164,0.6199,0.3467,0.3992,264.0,0.0,17.26,None,None,9.581,True,None,sfc_unique_p4_30,0,None,48,396.0,60,56,0,0,0,False,100.0,14.642857142857142,9.428571428571429,2566.082262807615
0,1759174875.4872928,621.4,166,0.5556,0.3075,0.3742,246.0,0.0,8.71,None,None,10.192,True,None,sfc_cache_p1_34,0,None,40,330.0,52,50,0,0,0,False,100.0,14.7,9.9,2520.1497446215753
0,1759174875.4875934,621.4,166,0.5556,0.3075,0.3742,246.0,0.0,7.19,None,None,5.566,True,None,sfc_unique_p1_34,0,None,40,330.0,52,50,0,0,0,False,100.0,14.7,9.9,2520.1497446215753
0,1759174875.5165873,621.4,167,0.5761,0.319,0.3742,252.0,0.0,9.47,None,None,5.806,True,None,sfc_cache_p2_34,0,None,44,363.0,55,52,0,0,0,False,100.0,14.653846153846153,9.51923076923077,2563.028942888098
0,1759174875.5168595,621.4,167,0.5761,0.319,0.3742,252.0,0.0,6.95,None,None,5.822,True,None,sfc_unique_p2_34,0,None,44,363.0,55,52,0,0,0,False,100.0,14.653846153846153,9.51923076923077,2563.028942888098
0,1759174875.5454037,621.4,168,0.5965,0.3322,0.3742,258.0,0.0,8.02,None,None,5.662,True,None,sfc_cache_p3_34,0,None,48,396.0,58,54,0,0,0,False,100.0,14.61111111111111,9.166666666666666,2572.431512149822
0,1759174875.5456889,621.4,168,0.5965,0.3322,0.3742,258.0,0.0,6.54,None,None,5.519,True,None,sfc_unique_p3_34,0,None,48,396.0,58,54,0,0,0,False,100.0,14.61111111111111,9.166666666666666,2572.431512149822
0,1759174875.5777125,621.5,169,0.6169,0.3442,0.3742,276.0,0.0,8.77,None,None,5.656,True,None,sfc_cache_p4_34,0,None,52,429.0,61,56,0,0,0,False,100.0,14.571428571428571,8.839285714285714,2572.431512149822
0,1759174875.5779798,621.5,169,0.6169,0.3442,0.3742,276.0,0.0,14.56,None,None,5.504,True,None,sfc_unique_p4_34,0,None,52,429.0,61,56,0,0,0,False,100.0,14.571428571428571,8.839285714285714,2572.431512149822
0,1759174884.814464,630.7,169,0.5027,0.2817,0.2744,210.0,0.0,8.67,None,None,6.123,True,None,sfc_cache_p2_32,0,None,48,396.0,51,46,0,0,0,False,100.0,14.456521739130435,7.891304347826087,2537.7445441882064
0,1759174884.8147533,630.7,169,0.5027,0.2817,0.2744,210.0,0.0,8.01,None,None,5.547,True,None,sfc_unique_p2_32,0,None,48,396.0,51,46,0,0,0,False,100.0,14.456521739130435,7.891304347826087,2537.7445441882064
0,1759174884.843983,630.7,169,0.5231,0.2888,0.2744,216.0,0.0,9.36,None,None,5.817,True,None,sfc_cache_p1_32,0,None,52,429.0,54,48,0,0,0,False,100.0,14.416666666666666,7.5625,2555.5486766754375
0,1759174884.8442776,630.7,169,0.5231,0.2888,0.2744,216.0,0.0,6.67,None,None,5.631,True,None,sfc_unique_p1_32,0,None,52,429.0,54,48,0,0,0,False,100.0,14.416666666666666,7.5625,2555.5486766754375
0,1759174894.4995244,640.4,171,0.5466,0.2932,0.2994,222.0,0.0,8.06,None,None,10.226,True,None,sfc_cache_p1_35,0,None,52,429.0,55,50,0,0,0,False,100.0,14.46,7.92,2567.566553165145
0,1759174894.4998283,640.4,171,0.5466,0.2932,0.2994,222.0,0.0,6.21,None,None,5.587,True,None,sfc_unique_p1_35,0,None,52,429.0,55,50,0,0,0,False,100.0,14.46,7.92,2567.566553165145
0,1759174894.5396526,640.4,172,0.567,0.2983,0.2994,228.0,0.0,8.34,None,None,5.727,True,None,sfc_cache_p2_35,0,None,56,462.0,58,52,0,0,0,False,100.0,14.423076923076923,7.615384615384615,2567.566553165145
0,1759174894.5399475,640.4,172,0.567,0.2983,0.2994,228.0,0.0,5.8,None,None,5.496,True,None,sfc_unique_p2_35,0,None,56,462.0,58,52,0,0,0,False,100.0,14.423076923076923,7.615384615384615,2567.566553165145
0,1759174894.574845,640.5,173,0.5874,0.3061,0.2994,234.0,0.0,9.27,None,None,6.023,True,None,sfc_cache_p3_35,0,None,60,495.0,61,54,0,0,0,False,100.0,14.38888888888889,7.333333333333333,2586.026930815663
0,1759174894.575138,640.5,173,0.5874,0.3061,0.2994,234.0,0.0,7.28,None,None,5.476,True,None,sfc_unique_p3_35,0,None,60,495.0,61,54,0,0,0,False,100.0,14.38888888888889,7.333333333333333,2586.026930815663
0,1759174894.6084967,640.5,174,0.6108,0.3257,0.3243,252.0,0.0,7.25,None,None,5.72,True,None,sfc_cache_p4_35,0,None,60,495.0,63,56,0,0,0,False,100.0,14.428571428571429,7.660714285714286,2590.2058504875404
0,1759174894.6087806,640.5,174,0.6108,0.3257,0.3243,252.0,0.0,13.2,None,None,5.639,True,None,sfc_unique_p4_35,0,None,60,495.0,63,56,0,0,0,False,100.0,14.428571428571429,7.660714285714286,2590.2058504875404
0,1759174911.5063734,657.4,176,0.5496,0.2911,0.3243,234.0,0.0,7.07,None,None,8.621,True,None,sfc_cache_p1_36,0,None,48,396.0,54,50,0,0,0,False,100.0,14.54,8.58,2510.956508280452
0,1759174911.5066633,657.4,176,0.5496,0.2911,0.3243,234.0,0.0,5.78,None,None,5.523,True,None,sfc_unique_p1_36,0,None,48,396.0,54,50,0,0,0,False,100.0,14.54,8.58,2510.956508280452
0,1759174911.5440338,657.4,177,0.573,0.2988,0.3493,240.0,0.0,6.91,None,None,5.837,True,None,sfc_cache_p2_36,0,None,48,396.0,56,52,0,0,0,False,100.0,14.576923076923077,8.884615384615385,2537.0747562296856
0,1759174911.5443418,657.4,177,0.573,0.2988,0.3493,240.0,0.0,6.33,None,None,5.352,True,None,sfc_unique_p2_36,0,None,48,396.0,56,52,0,0,0,False,100.0,14.576923076923077,8.884615384615385,2537.0747562296856
0,1759174911.5757434,657.5,178,0.5934,0.3071,0.3493,246.0,0.0,6.71,None,None,5.647,True,None,sfc_cache_p3_36,0,None,52,429.0,59,54,0,0,0,False,100.0,14.537037037037036,8.555555555555555,2551.9640922457825
0,1759174911.5760334,657.5,178,0.5934,0.3071,0.3493,246.0,0.0,5.82,None,None,5.696,True,None,sfc_unique_p3_36,0,None,52,429.0,59,54,0,0,0,False,100.0,14.537037037037036,8.555555555555555,2551.9640922457825
0,1759174911.6970804,657.6,179,0.6169,0.3154,0.3742,264.0,0.0,8.47,None,None,5.998,True,None,sfc_cache_p4_36,0,None,52,429.0,61,56,0,0,0,False,100.0,14.571428571428571,8.839285714285714,2566.7837796006806
0,1759174911.6973846,657.6,179,0.6169,0.3154,0.3742,264.0,0.0,14.64,None,None,5.798,True,None,sfc_unique_p4_36,0,None,52,429.0,61,56,0,0,0,False,100.0,14.571428571428571,8.839285714285714,2566.7837796006806
0,1759174928.5235026,674.4,181,0.5526,0.2823,0.3493,234.0,0.0,6.41,None,None,10.046,True,None,sfc_cache_p1_37,0,None,44,363.0,53,50,0,0,0,False,100.0,14.62,9.24,2557.3812103389564
0,1759174928.5238013,674.4,181,0.5526,0.2823,0.3493,234.0,0.0,5.8,None,None,5.523,True,None,sfc_unique_p1_37,0,None,44,363.0,53,50,0,0,0,False,100.0,14.62,9.24,2557.3812103389564
0,1759174928.5635643,674.4,182,0.573,0.2907,0.3493,240.0,0.0,6.56,None,None,5.939,True,None,sfc_cache_p2_37,0,None,48,396.0,56,52,0,0,0,False,100.0,14.576923076923077,8.884615384615385,2557.3812103389564
0,1759174928.5638587,674.4,182,0.573,0.2907,0.3493,240.0,0.0,5.72,None,None,5.499,True,None,sfc_unique_p2_37,0,None,48,396.0,56,52,0,0,0,False,100.0,14.576923076923077,8.884615384615385,2557.3812103389564
0,1759174928.5971081,674.5,183,0.5934,0.299,0.3493,246.0,0.0,6.63,None,None,5.588,True,None,sfc_cache_p3_37,0,None,52,429.0,59,54,0,0,0,False,100.0,14.537037037037036,8.555555555555555,2557.3812103389564
0,1759174928.597384,674.5,183,0.5934,0.299,0.3493,246.0,0.0,5.78,None,None,5.449,True,None,sfc_unique_p3_37,0,None,52,429.0,59,54,0,0,0,False,100.0,14.537037037037036,8.555555555555555,2557.3812103389564
0,1759174928.6474712,674.5,184,0.6169,0.3166,0.3742,264.0,0.0,9.21,None,None,9.917,True,None,sfc_cache_p4_37,0,None,52,429.0,61,56,0,0,0,False,100.0,14.571428571428571,8.839285714285714,2572.200897693855
0,1759174928.6479588,674.5,184,0.6169,0.3166,0.3742,264.0,0.0,14.51,None,None,9.676,True,None,sfc_unique_p4_37,0,None,52,429.0,61,56,0,0,0,False,100.0,14.571428571428571,8.839285714285714,2572.200897693855
0,1759174929.8639839,675.7,184,0.6199,0.3184,0.3992,276.0,0.0,13.21,None,None,10.377,True,None,sfc_cache_p2_32,0,None,48,396.0,60,56,0,0,0,False,100.0,14.642857142857142,9.428571428571429,2558.026234329051
0,1759174929.8645284,675.8,184,0.6199,0.3184,0.3992,276.0,0.0,20.8,None,None,9.874,True,None,sfc_unique_p2_32,0,None,48,396.0,60,56,0,0,0,False,100.0,14.642857142857142,9.428571428571429,2558.026234329051
0,1759174944.874051,690.8,184,0.5352,0.2694,0.3742,240.0,0.0,10.59,None,None,10.37,True,None,sfc_cache_p3_32,0,None,36,297.0,51,48,0,0,0,False,100.0,14.75,10.3125,2515.1823146571737
0,1759174944.8745656,690.8,184,0.5352,0.2694,0.3742,240.0,0.0,8.82,None,None,9.615,True,None,sfc_unique_p3_32,0,None,36,297.0,51,48,0,0,0,False,100.0,14.75,10.3125,2515.1823146571737
0,1759174948.5299864,694.4,186,0.5587,0.2765,0.3992,246.0,0.0,7.97,None,None,8.893,True,None,sfc_cache_p1_38,0,None,36,297.0,52,50,0,0,0,False,100.0,14.78,10.56,2543.6314711344994
0,1759174948.5302885,694.4,186,0.5587,0.2765,0.3992,246.0,0.0,5.64,None,None,5.421,True,None,sfc_unique_p1_38,0,None,36,297.0,52,50,0,0,0,False,100.0,14.78,10.56,2543.6314711344994
0,1759174948.580882,694.5,187,0.5791,0.2837,0.3992,252.0,0.0,7.61,None,None,9.746,True,None,sfc_cache_p2_38,0,None,40,330.0,55,52,0,0,0,False,100.0,14.73076923076923,10.153846153846153,2582.7461592632717
0,1759174948.581378,694.5,187,0.5791,0.2837,0.3992,252.0,0.0,6.16,None,None,9.376,True,None,sfc_unique_p2_38,0,None,40,330.0,55,52,0,0,0,False,100.0,14.73076923076923,10.153846153846153,2582.7461592632717
0,1759174948.618581,694.5,188,0.5995,0.2881,0.3992,258.0,0.0,7.37,None,None,5.678,True,None,sfc_cache_p3_38,0,None,44,363.0,58,54,0,0,0,False,100.0,14.685185185185185,9.777777777777779,2594.7640357529795
0,1759174948.6188633,694.5,188,0.5995,0.2881,0.3992,258.0,0.0,5.35,None,None,5.5,True,None,sfc_unique_p3_38,0,None,44,363.0,58,54,0,0,0,False,100.0,14.685185185185185,9.777777777777779,2594.7640357529795
0,1759174948.6606603,694.5,189,0.6199,0.2932,0.3992,264.0,0.0,6.1,None,None,9.832,True,None,sfc_cache_p4_38,0,None,48,396.0,61,56,0,0,0,False,100.0,14.642857142857142,9.428571428571429,2602.5646858071505
0,1759174948.6609585,694.5,189,0.6199,0.2932,0.3992,264.0,0.0,5.18,None,None,5.432,True,None,sfc_unique_p4_38,0,None,48,396.0,61,56,0,0,0,False,100.0,14.642857142857142,9.428571428571429,2602.5646858071505
0,1759174954.879399,700.8,189,0.6169,0.2923,0.3742,264.0,0.0,8.44,None,None,10.205,True,None,sfc_cache_p4_32,0,None,52,429.0,62,56,0,0,0,False,100.0,14.571428571428571,8.839285714285714,2594.906815508435
0,1759174954.8796983,700.8,189,0.6169,0.2923,0.3742,264.0,0.0,6.76,None,None,5.651,True,None,sfc_unique_p4_32,0,None,52,429.0,62,56,0,0,0,False,100.0,14.571428571428571,8.839285714285714,2594.906815508435
0,1759174969.5373862,715.4,191,0.5496,0.2733,0.3243,234.0,0.0,6.57,None,None,10.263,True,None,sfc_cache_p1_39,0,None,48,396.0,55,50,0,0,0,False,100.0,14.54,8.58,2548.367967032967
0,1759174969.5376863,715.4,191,0.5496,0.2733,0.3243,234.0,0.0,7.37,None,None,5.708,True,None,sfc_unique_p1_39,0,None,48,396.0,55,50,0,0,0,False,100.0,14.54,8.58,2548.367967032967
0,1759174969.576084,715.5,192,0.57,0.2858,0.3243,240.0,0.0,8.86,None,None,6.887,True,None,sfc_cache_p2_39,0,None,52,429.0,58,52,0,0,0,False,100.0,14.5,8.25,2560.9047260485995
0,1759174969.576384,715.5,192,0.57,0.2858,0.3243,240.0,0.0,7.51,None,None,5.543,True,None,sfc_unique_p2_39,0,None,52,429.0,58,52,0,0,0,False,100.0,14.5,8.25,2560.9047260485995
0,1759174969.6096866,715.5,193,0.5904,0.2967,0.3243,246.0,0.0,7.27,None,None,5.671,True,None,sfc_cache_p3_39,0,None,56,462.0,61,54,0,0,0,False,100.0,14.462962962962964,7.944444444444445,2579.331053242532
0,1759174969.6099617,715.5,193,0.5904,0.2967,0.3243,246.0,0.0,6.44,None,None,5.546,True,None,sfc_unique_p3_39,0,None,56,462.0,61,54,0,0,0,False,100.0,14.462962962962964,7.944444444444445,2579.331053242532
0,1759174969.6472318,715.5,194,0.6138,0.3061,0.3493,264.0,0.0,8.5,None,None,5.847,True,None,sfc_cache_p4_39,0,None,56,462.0,63,56,0,0,0,False,100.0,14.5,8.25,2591.6762784398697
0,1759174969.647534,715.5,194,0.6138,0.3061,0.3493,264.0,0.0,14.42,None,None,5.558,True,None,sfc_unique_p4_39,0,None,56,462.0,63,56,0,0,0,False,100.0,14.5,8.25,2591.6762784398697
0,1759174969.8992963,715.8,194,0.5466,0.2463,0.2994,210.0,0.0,12.23,None,None,7.795,True,None,sfc_cache_p4_33,0,None,52,429.0,56,50,0,0,0,False,100.0,14.46,7.92,2513.0865965020894
0,1759174969.8995926,715.8,194,0.5466,0.2463,0.2994,210.0,0.0,9.39,None,None,5.542,True,None,sfc_unique_p4_33,0,None,52,429.0,56,50,0,0,0,False,100.0,14.46,7.92,2513.0865965020894
0,1759174969.9262428,715.8,194,0.567,0.2583,0.2994,216.0,0.0,11.81,None,None,5.534,True,None,sfc_cache_p3_33,0,None,56,462.0,58,52,0,0,0,False,100.0,14.423076923076923,7.615384615384615,2513.0865965020894
0,1759174969.9265115,715.8,194,0.567,0.2583,0.2994,216.0,0.0,8.28,None,None,5.372,True,None,sfc_unique_p3_33,0,None,56,462.0,58,52,0,0,0,False,100.0,14.423076923076923,7.615384615384615,2513.0865965020894
0,1759174969.952213,715.8,194,0.5904,0.276,0.3243,234.0,0.0,12.22,None,None,5.465,True,None,sfc_cache_p2_33,0,None,56,462.0,60,54,0,0,0,False,100.0,14.462962962962964,7.944444444444445,2535.5865965020894
0,1759174969.9524925,715.8,194,0.5904,0.276,0.3243,234.0,0.0,22.02,None,None,5.444,True,None,sfc_unique_p2_33,0,None,56,462.0,60,54,0,0,0,False,100.0,14.462962962962964,7.944444444444445,2535.5865965020894
0,1759174969.9796789,715.9,194,0.6108,0.2949,0.3243,252.0,0.0,10.6,None,None,5.417,True,None,sfc_cache_p1_33,0,None,60,495.0,63,56,0,0,0,False,100.0,14.428571428571429,7.660714285714286,2558.0865965020894
0,1759174969.9799387,715.9,194,0.6108,0.2949,0.3243,252.0,0.0,18.08,None,None,5.301,True,None,sfc_unique_p1_33,0,None,60,495.0,63,56,0,0,0,False,100.0,14.428571428571429,7.660714285714286,2558.0865965020894
0,1759174979.912891,725.8,194,0.6138,0.2968,0.3493,264.0,0.0,10.92,None,None,10.22,True,None,sfc_cache_p1_35,0,None,56,462.0,62,56,0,0,0,False,100.0,14.5,8.25,2558.0865965020894
0,1759174979.9131794,725.8,194,0.6138,0.2968,0.3493,264.0,0.0,19.84,None,None,5.701,True,None,sfc_unique_p1_35,0,None,56,462.0,62,56,0,0,0,False,100.0,14.5,8.25,2558.0865965020894
0,1759174990.550422,736.4,196,0.5526,0.267,0.3493,234.0,0.0,9.17,None,None,10.211,True,None,sfc_cache_p1_40,0,None,44,363.0,53,50,0,0,0,False,100.0,14.62,9.24,2518.089691998143
0,1759174990.5507371,736.4,196,0.5526,0.267,0.3493,234.0,0.0,7.03,None,None,5.67,True,None,sfc_unique_p1_40,0,None,44,363.0,53,50,0,0,0,False,100.0,14.62,9.24,2518.089691998143
0,1759174990.5898716,736.5,197,0.573,0.2826,0.3493,240.0,0.0,7.22,None,None,5.953,True,None,sfc_cache_p2_40,0,None,48,396.0,56,52,0,0,0,False,100.0,14.576923076923077,8.884615384615385,2540.1175894260946
0,1759174990.5901818,736.5,197,0.573,0.2826,0.3493,240.0,0.0,11.98,None,None,5.26,True,None,sfc_unique_p2_40,0,None,48,396.0,56,52,0,0,0,False,100.0,14.576923076923077,8.884615384615385,2540.1175894260946
0,1759174990.7876155,736.7,198,0.5965,0.3069,0.3742,246.0,0.0,8.89,None,None,6.106,True,None,sfc_cache_p3_40,0,None,48,396.0,58,54,0,0,0,False,100.0,14.61111111111111,9.166666666666666,2553.047863377495
0,1759174990.7879558,736.7,198,0.5965,0.3069,0.3742,246.0,0.0,8.77,None,None,5.94,True,None,sfc_unique_p3_40,0,None,48,396.0,58,54,0,0,0,False,100.0,14.61111111111111,9.166666666666666,2553.047863377495
0,1759174990.8185527,736.7,199,0.6169,0.3205,0.3742,264.0,0.0,8.61,None,None,5.919,True,None,sfc_cache_p4_40,0,None,52,429.0,61,56,0,0,0,False,100.0,14.571428571428571,8.839285714285714,2562.4504326392193
0,1759174990.8188815,736.7,199,0.6169,0.3205,0.3742,264.0,0.0,14.49,None,None,5.625,True,None,sfc_unique_p4_40,0,None,52,429.0,61,56,0,0,0,False,100.0,14.571428571428571,8.839285714285714,2562.4504326392193
0,1759174994.918518,740.8,199,0.4679,0.2457,0.3243,198.0,0.0,9.43,None,None,5.944,True,None,sfc_cache_p4_38,0,None,32,264.0,43,42,0,0,0,False,100.0,14.738095238095237,10.214285714285714,2457.463588497446
0,1759174994.918809,740.8,199,0.4679,0.2457,0.3243,198.0,0.0,7.37,None,None,5.503,True,None,sfc_unique_p4_38,0,None,32,264.0,43,42,0,0,0,False,100.0,14.738095238095237,10.214285714285714,2457.463588497446
0,1759174994.9566112,740.8,199,0.4914,0.2631,0.3493,204.0,0.0,10.51,None,None,9.16,True,None,sfc_cache_p1_36,0,None,32,264.0,45,44,0,0,0,False,100.0,14.772727272727273,10.5,2475.923966147964
0,1759174994.956894,740.8,199,0.4914,0.2631,0.3493,204.0,0.0,8.61,None,None,5.383,True,None,sfc_unique_p1_36,0,None,32,264.0,45,44,0,0,0,False,100.0,14.772727272727273,10.5,2475.923966147964
0,1759174994.9916031,740.9,199,0.5148,0.271,0.3742,210.0,0.0,11.98,None,None,6.674,True,None,sfc_cache_p3_35,0,None,32,264.0,47,46,0,0,0,False,100.0,14.804347826086957,10.76086956521739,2485.858960730846
0,1759174994.9918811,740.9,199,0.5148,0.271,0.3742,210.0,0.0,9.41,None,None,5.398,True,None,sfc_unique_p3_35,0,None,32,264.0,47,46,0,0,0,False,100.0,14.804347826086957,10.76086956521739,2485.858960730846
0,1759174995.0262806,740.9,199,0.5352,0.2761,0.3742,216.0,0.0,11.44,None,None,5.569,True,None,sfc_cache_p2_35,0,None,36,297.0,50,48,0,0,0,False,100.0,14.75,10.3125,2485.858960730846
0,1759174995.0265439,740.9,199,0.5352,0.2761,0.3742,216.0,0.0,8.96,None,None,5.361,True,None,sfc_unique_p2_35,0,None,36,297.0,50,48,0,0,0,False,100.0,14.75,10.3125,2485.858960730846
0,1759174999.9384696,745.8,199,0.5352,0.2774,0.3742,216.0,0.0,8.75,None,None,9.006,True,None,sfc_cache_p2_38,0,None,36,297.0,50,48,0,0,0,False,100.0,14.75,10.3125,2498.740480619408
0,1759174999.938761,745.8,199,0.5352,0.2774,0.3742,216.0,0.0,7.67,None,None,5.296,True,None,sfc_unique_p2_38,0,None,36,297.0,50,48,0,0,0,False,100.0,14.75,10.3125,2498.740480619408
0,1759175011.568283,757.5,201,0.5587,0.291,0.3992,222.0,0.0,8.68,None,None,10.037,True,None,sfc_cache_p1_41,0,None,36,297.0,50,50,0,0,0,False,100.0,14.78,10.56,2512.4287641668466
0,1759175011.5687995,757.5,201,0.5587,0.291,0.3992,222.0,0.0,7.48,None,None,9.84,True,None,sfc_unique_p1_41,0,None,36,297.0,50,50,0,0,0,False,100.0,14.78,10.56,2512.4287641668466
0,1759175011.6202934,757.5,202,0.5821,0.3053,0.4241,228.0,0.0,8.69,None,None,9.755,True,None,sfc_cache_p2_41,0,None,36,297.0,52,52,0,0,0,False,100.0,14.807692307692308,10.788461538461538,2530.8891418173653
0,1759175011.6207924,757.5,202,0.5821,0.3053,0.4241,228.0,0.0,7.18,None,None,9.444,True,None,sfc_unique_p2_41,0,None,36,297.0,52,52,0,0,0,False,100.0,14.807692307692308,10.788461538461538,2530.8891418173653
0,1759175011.6702504,757.6,203,0.6055,0.3167,0.449,246.0,0.0,9.78,None,None,9.56,True,None,sfc_cache_p3_41,0,None,36,297.0,54,54,0,0,0,False,100.0,14.833333333333334,11.0,2544.817713245937
0,1759175011.6707299,757.6,203,0.6055,0.3167,0.449,246.0,0.0,16.17,None,None,9.424,True,None,sfc_unique_p3_41,0,None,36,297.0,54,54,0,0,0,False,100.0,14.833333333333334,11.0,2544.817713245937
0,1759175011.7270374,757.6,204,0.6259,0.328,0.449,264.0,0.0,10.55,None,None,9.819,True,None,sfc_cache_p4_41,0,None,40,330.0,57,56,0,0,0,False,100.0,14.785714285714286,10.607142857142858,2554.4605703887937
0,1759175011.7275403,757.6,204,0.6259,0.328,0.449,264.0,0.0,17.7,None,None,9.492,True,None,sfc_unique_p4_41,0,None,40,330.0,57,56,0,0,0,False,100.0,14.785714285714286,10.607142857142858,2554.4605703887937
0,1759175014.9609196,760.8,204,0.6259,0.332,0.449,264.0,0.0,11.13,None,None,10.071,True,None,sfc_cache_p1_35,0,None,40,330.0,57,56,0,0,0,False,100.0,14.785714285714286,10.607142857142858,2556.703257279368
0,1759175014.9614434,760.8,204,0.6259,0.332,0.449,264.0,0.0,19.72,None,None,9.552,True,None,sfc_unique_p1_35,0,None,40,330.0,57,56,0,0,0,False,100.0,14.785714285714286,10.607142857142858,2556.703257279368
0,1759175029.9644759,775.9,204,0.5383,0.2873,0.3992,216.0,0.0,8.57,None,None,6.138,True,None,sfc_cache_p2_37,0,None,32,264.0,48,48,0,0,0,False,100.0,14.833333333333334,11.0,2535.15744393778
0,1759175029.9647863,775.9,204,0.5383,0.2873,0.3992,216.0,0.0,6.36,None,None,5.62,True,None,sfc_unique_p2_37,0,None,32,264.0,48,48,0,0,0,False,100.0,14.833333333333334,11.0,2535.15744393778
0,1759175035.5829418,781.5,206,0.471,0.2557,0.3493,186.0,0.0,7.44,None,None,10.091,True,None,sfc_cache_p1_42,0,None,28,231.0,41,42,0,0,0,False,100.0,14.833333333333334,11.0,2480.82955351834
0,1759175035.5834675,781.5,206,0.471,0.2557,0.3493,186.0,0.0,6.06,None,None,9.567,True,None,sfc_unique_p1_42,0,None,28,231.0,41,42,0,0,0,False,100.0,14.833333333333334,11.0,2480.82955351834
0,1759175035.6357338,781.5,207,0.4914,0.2657,0.3493,192.0,0.0,7.11,None,None,9.945,True,None,sfc_cache_p2_42,0,None,32,264.0,44,44,0,0,0,False,100.0,14.772727272727273,10.5,2508.998954539854
0,1759175035.6362545,781.5,207,0.4914,0.2657,0.3493,192.0,0.0,6.48,None,None,9.475,True,None,sfc_unique_p2_42,0,None,32,264.0,44,44,0,0,0,False,100.0,14.772727272727273,10.5,2508.998954539854
0,1759175035.6882563,781.6,208,0.5118,0.2767,0.3493,198.0,0.0,7.61,None,None,9.748,True,None,sfc_cache_p3_42,0,None,36,297.0,47,46,0,0,0,False,100.0,14.717391304347826,10.043478260869565,2521.880474428416
0,1759175035.6887848,781.6,208,0.5118,0.2767,0.3493,198.0,0.0,6.23,None,None,9.687,True,None,sfc_unique_p3_42,0,None,36,297.0,47,46,0,0,0,False,100.0,14.717391304347826,10.043478260869565,2521.880474428416
0,1759175035.7392313,781.6,209,0.5322,0.2869,0.3493,204.0,0.0,8.75,None,None,9.935,True,None,sfc_cache_p4_42,0,None,40,330.0,50,48,0,0,0,False,100.0,14.666666666666666,9.625,2540.3408520789344
0,1759175035.739777,781.6,209,0.5322,0.2869,0.3493,204.0,0.0,7.15,None,None,9.534,True,None,sfc_unique_p4_42,0,None,40,330.0,50,48,0,0,0,False,100.0,14.666666666666666,9.625,2540.3408520789344
0,1759175060.0009327,805.9,209,0.4211,0.2262,0.2744,162.0,0.0,10.98,None,None,10.218,True,None,sfc_cache_p3_39,0,None,32,264.0,38,38,0,0,0,False,100.0,14.657894736842104,9.552631578947368,2453.6998522337094
0,1759175060.0014641,805.9,209,0.4211,0.2262,0.2744,162.0,0.0,8.39,None,None,9.617,True,None,sfc_unique_p3_39,0,None,32,264.0,38,38,0,0,0,False,100.0,14.657894736842104,9.552631578947368,2453.6998522337094
0,1759175060.0477018,805.9,209,0.4445,0.238,0.2994,168.0,0.0,8.85,None,None,9.762,True,None,sfc_cache_p1_39,0,None,32,264.0,40,40,0,0,0,False,100.0,14.7,9.9,2469.3046347751115
0,1759175060.048187,805.9,209,0.4445,0.238,0.2994,168.0,0.0,7.6,None,None,9.6,True,None,sfc_unique_p1_39,0,None,32,264.0,40,40,0,0,0,False,100.0,14.7,9.9,2469.3046347751115
0,1759175064.9969056,810.9,209,0.3568,0.1924,0.2495,144.0,0.0,10.33,None,None,6.197,True,None,sfc_cache_p3_40,0,None,24,198.0,32,32,0,0,0,False,100.0,14.75,10.3125,2373.413905785791
0,1759175064.9972093,810.9,209,0.3568,0.1924,0.2495,144.0,0.0,8.27,None,None,5.525,True,None,sfc_unique_p3_40,0,None,24,198.0,32,32,0,0,0,False,100.0,14.75,10.3125,2373.413905785791
0,1759175065.5766563,811.5,211,0.3803,0.202,0.2744,150.0,0.0,7.56,None,None,5.892,True,None,sfc_cache_p1_43,0,None,24,198.0,33,34,0,0,0,False,100.0,14.794117647058824,10.676470588235293,2396.5666685160186
0,1759175065.5769553,811.5,211,0.3803,0.202,0.2744,150.0,0.0,6.47,None,None,5.492,True,None,sfc_unique_p1_43,0,None,24,198.0,33,34,0,0,0,False,100.0,14.794117647058824,10.676470588235293,2396.5666685160186
0,1759175065.7212024,811.6,212,0.4007,0.2116,0.2744,156.0,0.0,9.0,None,None,5.794,True,None,sfc_cache_p2_43,0,None,28,231.0,36,36,0,0,0,False,100.0,14.722222222222221,10.083333333333334,2435.221675480885
0,1759175065.7215,811.6,212,0.4007,0.2116,0.2744,156.0,0.0,7.74,None,None,5.398,True,None,sfc_unique_p2_43,0,None,28,231.0,36,36,0,0,0,False,100.0,14.722222222222221,10.083333333333334,2435.221675480885
0,1759175065.7641354,811.6,213,0.4211,0.2212,0.2744,162.0,0.0,8.08,None,None,9.547,True,None,sfc_cache_p3_43,0,None,32,264.0,39,38,0,0,0,False,100.0,14.657894736842104,9.552631578947368,2459.8842664110816
0,1759175065.7644281,811.7,213,0.4211,0.2212,0.2744,162.0,0.0,6.56,None,None,5.338,True,None,sfc_unique_p3_43,0,None,32,264.0,39,38,0,0,0,False,100.0,14.657894736842104,9.552631578947368,2459.8842664110816
0,1759175065.8017328,811.7,214,0.4415,0.2308,0.2744,168.0,0.0,8.97,None,None,5.4,True,None,sfc_cache_p4_43,0,None,36,297.0,42,40,0,0,0,False,100.0,14.6,9.075,2469.2868356728054
0,1759175065.8020148,811.7,214,0.4415,0.2308,0.2744,168.0,0.0,6.56,None,None,5.306,True,None,sfc_unique_p4_43,0,None,36,297.0,42,40,0,0,0,False,100.0,14.6,9.075,2469.2868356728054
0,1759175070.0277562,815.9,214,0.3538,0.1722,0.2245,132.0,0.0,12.89,None,None,10.002,True,None,sfc_cache_p2_41,0,None,28,231.0,32,32,0,0,0,False,100.0,14.625,9.28125,2372.8308311406904
0,1759175070.0282903,815.9,214,0.3538,0.1722,0.2245,132.0,0.0,10.23,None,None,9.503,True,None,sfc_unique_p2_41,0,None,28,231.0,32,32,0,0,0,False,100.0,14.625,9.28125,2372.8308311406904
0,1759175070.073442,816.0,214,0.3742,0.1819,0.2245,138.0,0.0,11.05,None,None,9.701,True,None,sfc_cache_p2_40,0,None,32,264.0,35,34,0,0,0,False,100.0,14.558823529411764,8.735294117647058,2391.327967806841
0,1759175070.0739164,816.0,214,0.3742,0.1819,0.2245,138.0,0.0,8.22,None,None,9.373,True,None,sfc_unique_p2_40,0,None,32,264.0,35,34,0,0,0,False,100.0,14.558823529411764,8.735294117647058,2391.327967806841
0,1759175070.120826,816.0,214,0.3946,0.1951,0.2245,144.0,0.0,10.88,None,None,9.684,True,None,sfc_cache_p1_40,0,None,36,297.0,37,36,0,0,0,False,100.0,14.5,8.25,2423.6108961461077
0,1759175070.121311,816.0,214,0.3946,0.1951,0.2245,144.0,0.0,7.86,None,None,9.467,True,None,sfc_unique_p1_40,0,None,36,297.0,37,36,0,0,0,False,100.0,14.5,8.25,2423.6108961461077
0,1759175070.1660135,816.1,214,0.4181,0.2015,0.2495,150.0,0.0,8.31,None,None,9.419,True,None,sfc_cache_p4_39,0,None,36,297.0,39,38,0,0,0,False,100.0,14.552631578947368,8.68421052631579,2430.7220244544187
0,1759175070.1664946,816.1,214,0.4181,0.2015,0.2495,150.0,0.0,6.95,None,None,9.158,True,None,sfc_unique_p4_39,0,None,36,297.0,39,38,0,0,0,False,100.0,14.552631578947368,8.68421052631579,2430.7220244544187
0,1759175070.2132735,816.1,214,0.4415,0.2179,0.2744,156.0,0.0,10.83,None,None,9.282,True,None,sfc_cache_p3_39,0,None,36,297.0,41,40,0,0,0,False,100.0,14.6,9.075,2453.4681163906516
0,1759175070.213735,816.1,214,0.4415,0.2179,0.2744,156.0,0.0,8.87,None,None,9.34,True,None,sfc_unique_p3_39,0,None,36,297.0,41,40,0,0,0,False,100.0,14.6,9.075,2453.4681163906516
0,1759175075.037546,820.9,214,0.4415,0.2208,0.2744,144.0,0.0,12.09,None,None,9.89,True,None,sfc_cache_p3_41,0,None,36,297.0,41,40,0,0,0,False,100.0,14.6,9.075,2460.2135892276738
0,1759175075.0380993,820.9,214,0.4415,0.2208,0.2744,144.0,0.0,10.51,None,None,9.726,True,None,sfc_unique_p3_41,0,None,36,297.0,41,40,0,0,0,False,100.0,14.6,9.075,2460.2135892276738
0,1759175080.036746,825.9,214,0.4385,0.2297,0.2495,132.0,0.0,12.9,None,None,7.665,True,None,sfc_cache_p4_41,0,None,40,330.0,42,40,0,0,0,False,100.0,14.5,8.25,2476.2850177991027
0,1759175080.0370407,825.9,214,0.4385,0.2297,0.2495,132.0,0.0,11.18,None,None,5.355,True,None,sfc_unique_p4_41,0,None,40,330.0,42,40,0,0,0,False,100.0,14.5,8.25,2476.2850177991027
0,1759175083.5947473,829.5,216,0.4619,0.2415,0.2744,138.0,0.0,8.76,None,None,10.158,True,None,sfc_cache_p1_44,0,None,40,330.0,43,42,0,0,0,False,100.0,14.547619047619047,8.642857142857142,2486.530335861322
0,1759175083.5950632,829.5,216,0.4619,0.2415,0.2744,138.0,0.0,7.01,None,None,5.559,True,None,sfc_unique_p1_44,0,None,40,330.0,43,42,0,0,0,False,100.0,14.547619047619047,8.642857142857142,2486.530335861322
0,1759175083.6290772,829.5,217,0.4823,0.2479,0.2744,144.0,0.0,8.65,None,None,6.107,True,None,sfc_cache_p2_44,0,None,44,363.0,46,44,0,0,0,False,100.0,14.5,8.25,2486.530335861322
0,1759175083.629376,829.5,217,0.4823,0.2479,0.2744,144.0,0.0,6.08,None,None,5.363,True,None,sfc_unique_p2_44,0,None,44,363.0,46,44,0,0,0,False,100.0,14.5,8.25,2486.530335861322
0,1759175083.6742308,829.6,218,0.5027,0.2597,0.2744,150.0,0.0,7.87,None,None,8.988,True,None,sfc_cache_p3_44,0,None,48,396.0,49,46,0,0,0,False,100.0,14.456521739130435,7.891304347826087,2509.030335861322
0,1759175083.674529,829.6,218,0.5027,0.2597,0.2744,150.0,0.0,7.15,None,None,5.478,True,None,sfc_unique_p3_44,0,None,48,396.0,49,46,0,0,0,False,100.0,14.456521739130435,7.891304347826087,2509.030335861322
0,1759175083.7149312,829.6,219,0.5231,0.2723,0.2744,156.0,0.0,7.97,None,None,5.723,True,None,sfc_cache_p4_44,0,None,52,429.0,52,48,0,0,0,False,100.0,14.416666666666666,7.5625,2527.0328780374557
0,1759175083.7152123,829.6,219,0.5231,0.2723,0.2744,156.0,0.0,9.63,None,None,5.482,True,None,sfc_unique_p4_44,0,None,52,429.0,52,48,0,0,0,False,100.0,14.416666666666666,7.5625,2527.0328780374557
0,1759175085.0397623,830.9,219,0.5231,0.2684,0.2744,144.0,0.0,10.53,None,None,6.07,True,None,sfc_cache_p4_40,0,None,52,429.0,52,48,0,0,0,False,100.0,14.416666666666666,7.5625,2540.600437238818
0,1759175085.0400686,830.9,219,0.5231,0.2684,0.2744,144.0,0.0,7.75,None,None,5.558,True,None,sfc_unique_p4_40,0,None,52,429.0,52,48,0,0,0,False,100.0,14.416666666666666,7.5625,2540.600437238818
0,1759175101.5958123,847.5,221,0.3651,0.1861,0.1497,102.0,0.0,7.44,None,None,5.981,True,None,sfc_cache_p1_45,0,None,44,363.0,39,34,0,0,0,False,100.0,14.205882352941176,5.823529411764706,2410.6344876954035
0,1759175101.5961475,847.5,221,0.3651,0.1861,0.1497,102.0,0.0,5.24,None,None,5.542,True,None,sfc_unique_p1_45,0,None,44,363.0,39,34,0,0,0,False,100.0,14.205882352941176,5.823529411764706,2410.6344876954035
0,1759175101.638651,847.5,222,0.3855,0.1962,0.1497,108.0,0.0,7.79,None,None,6.978,True,None,sfc_cache_p2_45,0,None,48,396.0,42,36,0,0,0,False,100.0,14.166666666666666,5.5,2456.7043685188055
0,1759175101.6389914,847.5,222,0.3855,0.1962,0.1497,108.0,0.0,7.51,None,None,5.787,True,None,sfc_unique_p2_45,0,None,48,396.0,42,36,0,0,0,False,100.0,14.166666666666666,5.5,2456.7043685188055
0,1759175101.6773558,847.6,223,0.406,0.2053,0.1497,114.0,0.0,7.6,None,None,6.071,True,None,sfc_cache_p3_45,0,None,52,429.0,45,38,0,0,0,False,100.0,14.131578947368421,5.2105263157894735,2461.928018108652
0,1759175101.6776726,847.6,223,0.406,0.2053,0.1497,114.0,0.0,7.04,None,None,5.573,True,None,sfc_unique_p3_45,0,None,52,429.0,45,38,0,0,0,False,100.0,14.131578947368421,5.2105263157894735,2461.928018108652
0,1759175101.7112834,847.6,224,0.4294,0.2161,0.1746,120.0,0.0,8.81,None,None,5.908,True,None,sfc_cache_p4_45,0,None,52,429.0,47,40,0,0,0,False,100.0,14.2,5.775,2475.4290241448693
0,1759175101.7115912,847.6,224,0.4294,0.2161,0.1746,120.0,0.0,6.1,None,None,5.581,True,None,sfc_unique_p4_45,0,None,52,429.0,47,40,0,0,0,False,100.0,14.2,5.775,2475.4290241448693
0,1759175105.0592508,850.9,224,0.4294,0.2211,0.1746,120.0,0.0,12.38,None,None,6.24,True,None,sfc_cache_p1_41,0,None,52,429.0,47,40,0,0,0,False,100.0,14.2,5.775,2476.5604279523295
0,1759175105.0595512,850.9,224,0.4294,0.2211,0.1746,120.0,0.0,10.18,None,None,5.453,True,None,sfc_unique_p1_41,0,None,52,429.0,47,40,0,0,0,False,100.0,14.2,5.775,2476.5604279523295
0,1759175129.6134582,875.5,226,0.4528,0.2347,0.1996,126.0,0.0,9.78,None,None,10.264,True,None,sfc_cache_p1_46,0,None,52,429.0,48,42,0,0,0,False,100.0,14.261904761904763,6.285714285714286,2491.1019075994427
0,1759175129.613766,875.5,226,0.4528,0.2347,0.1996,126.0,0.0,8.73,None,None,5.71,True,None,sfc_unique_p1_46,0,None,52,429.0,48,42,0,0,0,False,100.0,14.261904761904763,6.285714285714286,2491.1019075994427
0,1759175129.736377,875.6,227,0.4763,0.2623,0.2245,132.0,0.0,10.98,None,None,5.917,True,None,sfc_cache_p2_46,0,None,52,429.0,50,44,0,0,0,False,100.0,14.318181818181818,6.75,2525.6694768611665
0,1759175129.7366922,875.6,227,0.4763,0.2623,0.2245,132.0,0.0,12.43,None,None,5.97,True,None,sfc_unique_p2_46,0,None,52,429.0,50,44,0,0,0,False,100.0,14.318181818181818,6.75,2525.6694768611665
0,1759175129.7802463,875.7,228,0.4967,0.277,0.2245,138.0,0.0,12.11,None,None,8.129,True,None,sfc_cache_p3_46,0,None,56,462.0,53,46,0,0,0,False,100.0,14.282608695652174,6.456521739130435,2544.129854511685
0,1759175129.7805636,875.7,228,0.4967,0.277,0.2245,138.0,0.0,10.58,None,None,5.509,True,None,sfc_unique_p3_46,0,None,56,462.0,53,46,0,0,0,False,100.0,14.282608695652174,6.456521739130435,2544.129854511685
0,1759175129.8215947,875.7,229,0.5171,0.2914,0.2245,144.0,0.0,10.25,None,None,6.091,True,None,sfc_cache_p4_46,0,None,60,495.0,56,48,0,0,0,False,100.0,14.25,6.1875,2556.6627441572505
0,1759175129.8219185,875.7,229,0.5171,0.2914,0.2245,144.0,0.0,9.13,None,None,5.593,True,None,sfc_unique_p4_46,0,None,60,495.0,56,48,0,0,0,False,100.0,14.25,6.1875,2556.6627441572505
0,1759175130.0900934,876.0,229,0.5201,0.2973,0.2495,144.0,0.0,7.75,None,None,10.078,True,None,sfc_cache_p4_44,0,None,56,462.0,55,48,0,0,0,False,100.0,14.333333333333334,6.875,2555.8208613217766
0,1759175130.0903912,876.0,229,0.5201,0.2973,0.2495,144.0,0.0,9.95,None,None,5.561,True,None,sfc_unique_p4_44,0,None,56,462.0,55,48,0,0,0,False,100.0,14.333333333333334,6.875,2555.8208613217766
0,1759175140.1085148,886.0,229,0.5231,0.2974,0.2744,144.0,0.0,8.84,None,None,10.116,True,None,sfc_cache_p4_42,0,None,52,429.0,54,48,0,0,0,False,100.0,14.416666666666666,7.5625,2579.8945341278436
0,1759175140.1090348,886.0,229,0.5231,0.2974,0.2744,144.0,0.0,7.94,None,None,9.389,True,None,sfc_unique_p4_42,0,None,52,429.0,54,48,0,0,0,False,100.0,14.416666666666666,7.5625,2579.8945341278436
0,1759175143.634499,889.5,231,0.5466,0.3169,0.2994,162.0,0.0,8.12,None,None,9.832,True,None,sfc_cache_p1_47,0,None,52,429.0,55,50,0,0,0,False,100.0,14.46,7.92,2599.4173107005117
0,1759175143.6350229,889.5,231,0.5466,0.3169,0.2994,162.0,0.0,16.25,None,None,9.296,True,None,sfc_unique_p1_47,0,None,52,429.0,55,50,0,0,0,False,100.0,14.46,7.92,2599.4173107005117
0,1759175143.6828902,889.6,232,0.57,0.3443,0.3243,180.0,0.0,8.48,None,None,9.823,True,None,sfc_cache_p2_47,0,None,52,429.0,57,52,0,0,0,False,100.0,14.5,8.25,2609.060167843369
0,1759175143.6831946,889.6,232,0.57,0.3443,0.3243,180.0,0.0,13.87,None,None,5.509,True,None,sfc_unique_p2_47,0,None,52,429.0,57,52,0,0,0,False,100.0,14.5,8.25,2609.060167843369
0,1759175143.7232807,889.6,233,0.5904,0.3665,0.3243,198.0,0.0,6.55,None,None,5.5,True,None,sfc_cache_p3_47,0,None,56,462.0,60,54,0,0,0,False,100.0,14.462962962962964,7.944444444444445,2630.395167843369
0,1759175143.7235656,889.6,233,0.5904,0.3665,0.3243,198.0,0.0,12.33,None,None,5.34,True,None,sfc_unique_p3_47,0,None,56,462.0,60,54,0,0,0,False,100.0,14.462962962962964,7.944444444444445,2630.395167843369
0,1759175143.7612956,889.6,234,0.6138,0.3894,0.3493,216.0,0.0,10.75,None,None,5.673,True,None,sfc_cache_p4_47,0,None,56,462.0,61,56,0,0,0,False,100.0,14.5,8.25,2634.680882129083
0,1759175143.7615948,889.6,234,0.6138,0.3894,0.3493,216.0,0.0,13.9,None,None,5.405,True,None,sfc_unique_p4_47,0,None,56,462.0,61,56,0,0,0,False,100.0,14.5,8.25,2634.680882129083
0,1759175145.1382596,891.0,234,0.4884,0.3304,0.3243,180.0,0.0,9.09,None,None,10.203,True,None,sfc_cache_p1_45,0,None,36,297.0,44,44,0,0,0,False,100.0,14.681818181818182,9.75,2548.10559424795
0,1759175145.1387784,891.0,234,0.4884,0.3304,0.3243,180.0,0.0,6.84,None,None,9.58,True,None,sfc_unique_p1_45,0,None,36,297.0,44,44,0,0,0,False,100.0,14.681818181818182,9.75,2548.10559424795
0,1759175145.1883564,891.1,234,0.5118,0.3436,0.3493,186.0,0.0,9.83,None,None,9.682,True,None,sfc_cache_p3_44,0,None,36,297.0,46,46,0,0,0,False,100.0,14.717391304347826,10.043478260869565,2565.16603380839
0,1759175145.188834,891.1,234,0.5118,0.3436,0.3493,186.0,0.0,8.85,None,None,9.438,True,None,sfc_unique_p3_44,0,None,36,297.0,46,46,0,0,0,False,100.0,14.717391304347826,10.043478260869565,2565.16603380839
0,1759175145.2381873,891.1,234,0.5322,0.3551,0.3493,192.0,0.0,10.79,None,None,9.715,True,None,sfc_cache_p2_44,0,None,40,330.0,49,48,0,0,0,False,100.0,14.666666666666666,9.625,2577.2450463451487
0,1759175145.2386563,891.1,234,0.5322,0.3551,0.3493,192.0,0.0,7.73,None,None,9.559,True,None,sfc_unique_p2_44,0,None,40,330.0,49,48,0,0,0,False,100.0,14.666666666666666,9.625,2577.2450463451487
0,1759175145.2888231,891.2,234,0.5556,0.3635,0.3742,198.0,0.0,8.61,None,None,9.709,True,None,sfc_cache_p1_44,0,None,40,330.0,51,50,0,0,0,False,100.0,14.7,9.9,2598.9216443949863
0,1759175145.2893045,891.2,234,0.5556,0.3635,0.3742,198.0,0.0,6.22,None,None,9.539,True,None,sfc_unique_p1_44,0,None,40,330.0,51,50,0,0,0,False,100.0,14.7,9.9,2598.9216443949863
0,1759175145.3397567,891.2,234,0.5791,0.3775,0.3992,216.0,0.0,11.2,None,None,9.694,True,None,sfc_cache_p3_42,0,None,40,330.0,53,52,0,0,0,False,100.0,14.73076923076923,10.153846153846153,2604.6432819123984
0,1759175145.3402462,891.2,234,0.5791,0.3775,0.3992,216.0,0.0,18.33,None,None,9.57,True,None,sfc_unique_p3_42,0,None,40,330.0,53,52,0,0,0,False,100.0,14.73076923076923,10.153846153846153,2604.6432819123984
0,1759175145.3909483,891.3,234,0.5995,0.3862,0.3992,234.0,0.0,8.38,None,None,9.598,True,None,sfc_cache_p2_42,0,None,44,363.0,55,54,0,0,0,False,100.0,14.685185185185185,9.777777777777779,2604.6432819123984
0,1759175145.3914356,891.3,234,0.5995,0.3862,0.3992,234.0,0.0,15.18,None,None,9.527,True,None,sfc_unique_p2_42,0,None,44,363.0,55,54,0,0,0,False,100.0,14.685185185185185,9.777777777777779,2604.6432819123984
0,1759175145.4413445,891.3,234,0.6199,0.395,0.3992,252.0,0.0,7.84,None,None,9.576,True,None,sfc_cache_p1_42,0,None,48,396.0,57,56,0,0,0,False,100.0,14.642857142857142,9.428571428571429,2604.6432819123984
0,1759175145.4418206,891.3,234,0.6199,0.395,0.3992,252.0,0.0,13.5,None,None,9.525,True,None,sfc_unique_p1_42,0,None,48,396.0,57,56,0,0,0,False,100.0,14.642857142857142,9.428571428571429,2604.6432819123984
0,1759175160.6503499,906.5,236,0.5556,0.3418,0.3742,234.0,0.0,8.5,None,None,9.925,True,None,sfc_cache_p1_48,0,None,40,330.0,50,50,0,0,0,False,100.0,14.7,9.9,2579.5294048035917
0,1759175160.6509023,906.5,236,0.5556,0.3418,0.3742,234.0,0.0,7.43,None,None,9.414,True,None,sfc_unique_p1_48,0,None,40,330.0,50,50,0,0,0,False,100.0,14.7,9.9,2579.5294048035917
0,1759175160.8654532,906.8,237,0.5761,0.3527,0.3742,240.0,0.0,9.88,None,None,10.045,True,None,sfc_cache_p2_48,0,None,44,363.0,53,52,0,0,0,False,100.0,14.653846153846153,9.51923076923077,2597.9897824541104
0,1759175160.8660188,906.8,237,0.5761,0.3527,0.3742,240.0,0.0,7.42,None,None,9.439,True,None,sfc_unique_p2_48,0,None,44,363.0,53,52,0,0,0,False,100.0,14.653846153846153,9.51923076923077,2597.9897824541104
0,1759175160.9263885,906.8,238,0.5965,0.3753,0.3742,246.0,0.0,7.46,None,None,9.604,True,None,sfc_cache_p3_48,0,None,48,396.0,56,54,0,0,0,False,100.0,14.61111111111111,9.166666666666666,2597.9897824541104
0,1759175160.9269097,906.8,238,0.5965,0.3753,0.3742,246.0,0.0,8.59,None,None,9.388,True,None,sfc_unique_p3_48,0,None,48,396.0,56,54,0,0,0,False,100.0,14.61111111111111,9.166666666666666,2597.9897824541104
0,1759175160.9815447,906.9,239,0.6169,0.3884,0.3742,264.0,0.0,10.31,None,None,9.594,True,None,sfc_cache_p4_48,0,None,52,429.0,59,56,0,0,0,False,100.0,14.571428571428571,8.839285714285714,2607.3923517158346
0,1759175160.9820652,906.9,239,0.6169,0.3884,0.3742,264.0,0.0,17.71,None,None,9.414,True,None,sfc_unique_p4_48,0,None,52,429.0,59,56,0,0,0,False,100.0,14.571428571428571,8.839285714285714,2607.3923517158346
0,1759175170.1352644,916.0,239,0.5292,0.3557,0.3243,204.0,0.0,9.57,None,None,5.763,True,None,sfc_cache_p1_44,0,None,44,363.0,52,48,0,0,0,False,100.0,14.583333333333334,8.9375,2575.8972271221187
0,1759175170.1355684,916.0,239,0.5292,0.3557,0.3243,204.0,0.0,8.02,None,None,5.547,True,None,sfc_unique_p1_44,0,None,44,363.0,52,48,0,0,0,False,100.0,14.583333333333334,8.9375,2575.8972271221187
0,1759175186.6362786,932.5,241,0.5526,0.368,0.3493,210.0,0.0,8.63,None,None,5.954,True,None,sfc_cache_p1_49,0,None,44,363.0,53,50,0,0,0,False,100.0,14.62,9.24,2594.357604772637
0,1759175186.6365793,932.5,241,0.5526,0.368,0.3493,210.0,0.0,8.08,None,None,5.473,True,None,sfc_unique_p1_49,0,None,44,363.0,53,50,0,0,0,False,100.0,14.62,9.24,2594.357604772637
0,1759175186.674732,932.6,242,0.573,0.3783,0.3493,216.0,0.0,7.85,None,None,5.603,True,None,sfc_cache_p2_49,0,None,48,396.0,56,52,0,0,0,False,100.0,14.576923076923077,8.884615384615385,2598.33454332704
0,1759175186.6750493,932.6,242,0.573,0.3783,0.3493,216.0,0.0,7.57,None,None,5.453,True,None,sfc_unique_p2_49,0,None,48,396.0,56,52,0,0,0,False,100.0,14.576923076923077,8.884615384615385,2598.33454332704
0,1759175186.713773,932.6,243,0.5934,0.3893,0.3493,234.0,0.0,8.38,None,None,5.724,True,None,sfc_cache_p3_49,0,None,52,429.0,59,54,0,0,0,False,100.0,14.537037037037036,8.555555555555555,2598.33454332704
0,1759175186.7141128,932.6,243,0.5934,0.3893,0.3493,234.0,0.0,14.64,None,None,5.411,True,None,sfc_unique_p3_49,0,None,52,429.0,59,54,0,0,0,False,100.0,14.537037037037036,8.555555555555555,2598.33454332704
0,1759175186.7464783,932.6,244,0.6138,0.4002,0.3493,252.0,0.0,8.1,None,None,5.435,True,None,sfc_cache_p4_49,0,None,56,462.0,62,56,0,0,0,False,100.0,14.5,8.25,2598.33454332704
0,1759175186.7467747,932.6,244,0.6138,0.4002,0.3493,252.0,0.0,14.07,None,None,5.296,True,None,sfc_unique_p4_49,0,None,56,462.0,62,56,0,0,0,False,100.0,14.5,8.25,2598.33454332704
0,1759175190.162915,936.0,244,0.573,0.3679,0.3493,228.0,0.0,9.73,None,None,5.958,True,None,sfc_cache_p1_47,0,None,48,396.0,56,52,0,0,0,False,100.0,14.576923076923077,8.884615384615385,2555.434193623278
0,1759175190.1635225,936.0,244,0.573,0.3679,0.3493,228.0,0.0,6.88,None,None,6.538,True,None,sfc_unique_p1_47,0,None,48,396.0,56,52,0,0,0,False,100.0,14.576923076923077,8.884615384615385,2555.434193623278
0,1759175190.2174964,936.1,244,0.5965,0.3799,0.3742,246.0,0.0,10.01,None,None,9.778,True,None,sfc_cache_p3_45,0,None,48,396.0,58,54,0,0,0,False,100.0,14.61111111111111,9.166666666666666,2555.434193623278
0,1759175190.2179916,936.1,244,0.5965,0.3799,0.3742,246.0,0.0,17.42,None,None,9.584,True,None,sfc_unique_p3_45,0,None,48,396.0,58,54,0,0,0,False,100.0,14.61111111111111,9.166666666666666,2555.434193623278
0,1759175190.253008,936.1,244,0.6169,0.3947,0.3742,264.0,0.0,9.91,None,None,5.66,True,None,sfc_cache_p2_45,0,None,52,429.0,61,56,0,0,0,False,100.0,14.571428571428571,8.839285714285714,2577.3735219006344
0,1759175190.253278,936.1,244,0.6169,0.3947,0.3742,264.0,0.0,17.08,None,None,5.595,True,None,sfc_unique_p2_45,0,None,52,429.0,61,56,0,0,0,False,100.0,14.571428571428571,8.839285714285714,2577.3735219006344
0,1759175200.1672707,946.1,244,0.5322,0.3518,0.3493,240.0,0.0,11.89,None,None,6.059,True,None,sfc_cache_p1_46,0,None,40,330.0,51,48,0,0,0,False,100.0,14.666666666666666,9.625,2530.1660462776654
0,1759175200.1675746,946.1,244,0.5322,0.3518,0.3493,240.0,0.0,7.99,None,None,5.47,True,None,sfc_unique_p1_46,0,None,40,330.0,51,48,0,0,0,False,100.0,14.666666666666666,9.625,2530.1660462776654
0,1759175204.6559842,950.5,246,0.5556,0.3562,0.3742,246.0,0.0,8.75,None,None,5.937,True,None,sfc_cache_p1_50,0,None,40,330.0,52,50,0,0,0,False,100.0,14.7,9.9,2582.145616003714
0,1759175204.656308,950.5,246,0.5556,0.3562,0.3742,246.0,0.0,7.16,None,None,5.374,True,None,sfc_unique_p1_50,0,None,40,330.0,52,50,0,0,0,False,100.0,14.7,9.9,2582.145616003714
0,1759175204.690074,950.6,247,0.5761,0.366,0.3742,252.0,0.0,8.97,None,None,5.652,True,None,sfc_cache_p2_50,0,None,44,363.0,55,52,0,0,0,False,100.0,14.653846153846153,9.51923076923077,2583.5838608574522
0,1759175204.6903698,950.6,247,0.5761,0.366,0.3742,252.0,0.0,7.47,None,None,5.42,True,None,sfc_unique_p2_50,0,None,44,363.0,55,52,0,0,0,False,100.0,14.653846153846153,9.51923076923077,2583.5838608574522
0,1759175204.8133574,950.7,248,0.5965,0.3731,0.3742,258.0,0.0,8.97,None,None,5.503,True,None,sfc_cache_p3_50,0,None,48,396.0,58,54,0,0,0,False,100.0,14.61111111111111,9.166666666666666,2592.7844490017023
0,1759175204.813681,950.7,248,0.5965,0.3731,0.3742,258.0,0.0,6.43,None,None,5.796,True,None,sfc_unique_p3_50,0,None,48,396.0,58,54,0,0,0,False,100.0,14.61111111111111,9.166666666666666,2592.7844490017023
0,1759175204.84502,950.7,249,0.6169,0.3828,0.3742,264.0,0.0,7.56,None,None,5.552,True,None,sfc_cache_p4_50,0,None,52,429.0,61,56,0,0,0,False,100.0,14.571428571428571,8.839285714285714,2592.7844490017023
0,1759175204.8453107,950.7,249,0.6169,0.3828,0.3742,264.0,0.0,7.38,None,None,5.376,True,None,sfc_unique_p4_50,0,None,52,429.0,61,56,0,0,0,False,100.0,14.571428571428571,8.839285714285714,2592.7844490017023
