No.,timestamp,time_seconds,users,cpu_utilization,gpu_utilization,bandwidth_utilization,cache_utilization,network_cpu_utilization,network_gpu_utilization,network_cache_utilization,mobile_cpu_utilization,mobile_gpu_utilization,mobile_cache_utilization,latency,comp_latency,comm_latency,latency_diff,queue_time,decision_time_ms,success,fail_reason,sfc_id,recovery_time,sfc_recovered,cpu_saved,gpu_saved,cache_saved,shared_vnfs,running_sfcs,running_players,running_sessions,trascode_bw,crashing,acceptance_rate,cpu_per_flow,gpu_per_flow,cache_per_flow,jain_cpu,jain_gpu,jain_cache,jain_bw,server_energy_consumption,mobile_energy_consumption,total_energy_consumption,cpu_fairness,gpu_fairness,cache_fairness,bandwidth_fairness
0,1762653727.9100227,0,1,0.0134,0.0462,0.0201,0.0249,1.3683,4.619,2.4947,0.0,0.0,0.0,4.62,2.93,1.68,None,0.00021600723266601562,123.08,True,None,sfc_cache_p1_1,0,None,0,0,0,0,2,0,0,0,False,100.0,6.335,9.165,16.5,0.1131,0.1885,0.04,0.0792,2082.1634537997215,10.0,2092.1634537997215
0,1762653727.9105742,0.0,1,0.0134,0.0462,0.0201,0.0249,1.3683,4.619,2.4947,0.0,0.0,0.0,8.2,4.86,3.34,None,0.00021600723266601562,108.428,True,None,sfc_unique_p1_1,0,None,0,0,0,0,2,0,0,0,False,100.0,6.335,9.165,16.5,0.1131,0.1885,0.04,0.0792,2082.1634537997215,10.0,2092.1634537997215
0,1762653728.2331886,0.3,2,0.0263,0.0924,0.0384,0.0499,2.7366,9.238,4.9894,0.0,0.0,0.0,5.2,2.18,3.02,None,0.27220749855041504,151.5,True,None,sfc_cache_p2_1,0,None,0,0,0,1,4,0,0,0,False,100.0,6.335,9.165,16.5,0.2099,0.3258,0.0769,0.1098,2114.3411352731773,20.0,2134.3411352731773
0,1762653728.2339454,0.3,2,0.0263,0.0924,0.0384,0.0499,2.7366,9.238,4.9894,0.0,0.0,0.0,9.89,5.85,4.04,None,0.27220749855041504,160.099,True,None,sfc_unique_p2_1,0,None,0,0,0,1,4,0,0,0,False,100.0,6.335,9.165,16.5,0.2099,0.3258,0.0769,0.1098,2114.3411352731773,20.0,2134.3411352731773
0,1762653728.486837,0.6,3,0.054,0.1008,0.0531,0.0748,5.7249,10.0771,7.4841,0.0,0.0,0.0,7.62,5.41,2.21,None,0.5957729816436768,137.443,True,None,sfc_cache_p3_1,0,None,0,0,0,2,6,0,0,0,False,100.0,8.834999999999999,6.665,16.5,0.2804,0.3089,0.1013,0.1162,2139.8209371614303,30.0,2169.8209371614303
0,1762653728.487299,0.6,3,0.054,0.1008,0.0531,0.0748,5.7249,10.0771,7.4841,0.0,0.0,0.0,8.4,4.32,4.09,None,0.5957729816436768,104.657,True,None,sfc_unique_p3_1,0,None,0,0,0,2,6,0,0,0,False,100.0,8.834999999999999,6.665,16.5,0.2804,0.3089,0.1013,0.1162,2139.8209371614303,30.0,2169.8209371614303
0,1762653728.7772987,0.9,4,0.0737,0.1243,0.0735,0.0998,8.0651,12.4282,9.9788,0.0,0.0,0.0,8.56,5.5,3.06,None,0.8488380908966064,125.041,True,None,sfc_cache_p4_1,0,None,0,0,0,3,8,0,0,0,False,100.0,9.335,6.165,16.5,0.3485,0.3782,0.1309,0.1433,2183.123749161077,40.0,2223.123749161077
0,1762653728.7777286,0.9,4,0.0737,0.1243,0.0735,0.0998,8.0651,12.4282,9.9788,0.0,0.0,0.0,13.2,9.44,3.75,None,0.8488380908966064,149.198,True,None,sfc_unique_p4_1,0,None,0,0,0,3,8,0,0,0,False,100.0,9.335,6.165,16.5,0.3485,0.3782,0.1309,0.1433,2183.123749161077,40.0,2223.123749161077
0,1762653729.0207233,1.1,5,0.0841,0.1705,0.0919,0.1247,9.4335,17.0472,12.4735,0.0,0.0,0.0,9.89,5.53,4.35,None,1.139251947402954,121.933,True,None,sfc_cache_p5_1,0,None,0,0,0,3,10,0,0,0,False,100.0,8.735,6.765000000000001,16.5,0.3175,0.3947,0.1573,0.1483,2235.6177849140563,50.0,2285.6177849140563
0,1762653729.0211847,1.1,5,0.0841,0.1705,0.0919,0.1247,9.4335,17.0472,12.4735,0.0,0.0,0.0,9.61,6.15,3.46,None,1.139251947402954,109.314,True,None,sfc_unique_p5_1,0,None,0,0,0,3,10,0,0,0,False,100.0,8.735,6.765000000000001,16.5,0.3175,0.3947,0.1573,0.1483,2235.6177849140563,50.0,2285.6177849140563
0,1762653729.254675,1.3,6,0.0935,0.2167,0.1137,0.1497,10.8018,21.6662,14.9682,0.0,0.0,0.0,9.89,7.14,2.76,None,1.382680892944336,112.705,True,None,sfc_cache_p6_1,0,None,0,0,0,4,12,0,0,0,False,100.0,8.334999999999999,7.165,16.5,0.2972,0.536,0.1838,0.1527,2280.2216950476427,60.0,2340.2216950476427
0,1762653729.2551458,1.3,6,0.0935,0.2167,0.1137,0.1497,10.8018,21.6662,14.9682,0.0,0.0,0.0,7.66,4.63,3.04,None,1.382680892944336,109.904,True,None,sfc_unique_p6_1,0,None,0,0,0,4,12,0,0,0,False,100.0,8.334999999999999,7.165,16.5,0.2972,0.536,0.1838,0.1527,2280.2216950476427,60.0,2340.2216950476427
0,1762653748.062644,20.2,6,0.1142,0.2318,0.1385,0.1746,13.5017,23.1781,17.463,0.0,0.0,0.0,7.72,3.12,4.6,None,0.00018739700317382812,160.537,True,None,sfc_cache_p1_2,0,None,0,0,0,4,14,0,0,0,False,100.0,8.93,6.57,16.5,0.3176,0.544,0.1809,0.1824,2311.15197338377,70.0,2381.15197338377
0,1762653748.0631168,20.2,6,0.1142,0.2318,0.1385,0.1746,13.5017,23.1781,17.463,0.0,0.0,0.0,15.4,9.53,5.87,None,0.00018739700317382812,139.369,True,None,sfc_unique_p1_2,0,None,0,0,0,4,14,0,0,0,False,100.0,8.93,6.57,16.5,0.3176,0.544,0.1809,0.1824,2311.15197338377,70.0,2381.15197338377
0,1762653748.2829967,20.4,7,0.1233,0.2771,0.1573,0.1996,14.9056,27.7139,19.9577,0.0,0.0,0.0,5.45,2.72,2.73,None,0.39871954917907715,103.183,True,None,sfc_cache_p2_2,0,None,0,0,0,4,16,0,0,0,False,100.0,8.62625,6.87375,16.5,0.3207,0.5843,0.1805,0.1831,2348.4913945260087,80.0,2428.4913945260087
0,1762653748.2834563,20.4,7,0.1233,0.2771,0.1573,0.1996,14.9056,27.7139,19.9577,0.0,0.0,0.0,7.58,3.52,4.06,None,0.39871954917907715,104.653,True,None,sfc_unique_p2_2,0,None,0,0,0,4,16,0,0,0,False,100.0,8.62625,6.87375,16.5,0.3207,0.5843,0.1805,0.1831,2348.4913945260087,80.0,2428.4913945260087
0,1762653748.5409696,20.6,8,0.1368,0.3107,0.1757,0.2245,16.8139,31.073,22.4524,0.0,0.0,0.0,10.36,6.82,3.54,None,0.6190245151519775,135.257,True,None,sfc_cache_p3_2,0,None,0,0,0,4,18,0,0,0,False,100.0,8.649444444444445,6.850555555555555,16.5,0.369,0.6215,0.1578,0.1964,2397.323590908038,90.0,2487.323590908038
0,1762653748.5414207,20.6,8,0.1368,0.3107,0.1757,0.2245,16.8139,31.073,22.4524,0.0,0.0,0.0,15.99,9.45,6.54,None,0.6190245151519775,107.421,True,None,sfc_unique_p3_2,0,None,0,0,0,4,18,0,0,0,False,100.0,8.649444444444445,6.850555555555555,16.5,0.369,0.6215,0.1578,0.1964,2397.323590908038,90.0,2487.323590908038
0,1762653748.8687923,21.0,9,0.1452,0.3368,0.2013,0.2245,18.1455,33.6786,22.4524,0.0,0.0,0.0,8.95,4.44,4.51,None,0.8769569396972656,175.092,True,None,sfc_cache_p4_2,0,None,4,4.33,33.0,8,20,0,0,0,False,100.0,8.401,6.6825,14.85,0.3799,0.6813,0.1532,0.1989,2431.7771040778293,100.0,2531.7771040778293
0,1762653748.86952,21.0,9,0.1452,0.3368,0.2013,0.2245,18.1455,33.6786,22.4524,0.0,0.0,0.0,15.79,9.07,6.72,None,0.8769569396972656,131.808,True,None,sfc_unique_p4_2,0,None,4,4.33,33.0,8,20,0,0,0,False,100.0,8.401,6.6825,14.85,0.3799,0.6813,0.1532,0.1989,2431.7771040778293,100.0,2531.7771040778293
0,1762653749.206782,21.3,10,0.1539,0.3712,0.2258,0.2495,19.5494,37.1233,24.9471,0.0,0.0,0.0,7.0,3.46,3.54,None,1.2052240371704102,139.827,True,None,sfc_cache_p5_2,0,None,4,8.66,33.0,9,22,0,0,0,False,100.0,8.228181818181818,6.696363636363636,15.0,0.343,0.7563,0.1577,0.2042,2473.565123257483,110.0,2583.565123257483
0,1762653749.2075768,21.3,10,0.1539,0.3712,0.2258,0.2495,19.5494,37.1233,24.9471,0.0,0.0,0.0,13.88,7.89,5.99,None,1.2052240371704102,177.481,True,None,sfc_unique_p5_2,0,None,4,8.66,33.0,9,22,0,0,0,False,100.0,8.228181818181818,6.696363636363636,15.0,0.343,0.7563,0.1577,0.2042,2473.565123257483,110.0,2583.565123257483
0,1762653749.4651074,21.6,11,0.1616,0.4065,0.2445,0.2495,20.9534,40.6511,24.9471,0.0,0.0,0.0,6.63,3.32,3.32,None,1.5433354377746582,134.805,True,None,sfc_cache_p6_2,0,None,8,8.66,66.0,10,24,0,0,0,False,100.0,8.084166666666667,6.721666666666667,13.75,0.3427,0.7328,0.1534,0.1975,2498.3511099468496,120.0,2618.3511099468496
0,1762653749.4655945,21.6,11,0.1616,0.4065,0.2445,0.2495,20.9534,40.6511,24.9471,0.0,0.0,0.0,11.08,4.53,6.55,None,1.5433354377746582,108.578,True,None,sfc_unique_p6_2,0,None,8,8.66,66.0,10,24,0,0,0,False,100.0,8.084166666666667,6.721666666666667,13.75,0.3427,0.7328,0.1534,0.1975,2498.3511099468496,120.0,2618.3511099468496
0,1762653758.0132928,30.1,11,0.1813,0.4107,0.2603,0.2744,24.1209,41.072,27.4418,0.0,0.0,0.0,6.88,4.05,2.83,None,0.00016355514526367188,144.12,True,None,sfc_cache_p1_3,0,None,8,8.66,66.0,10,26,0,0,0,False,100.0,8.590384615384615,6.268846153846154,13.961538461538462,0.3192,0.7662,0.1493,0.21,2524.2972377196597,130.0,2654.2972377196597
0,1762653758.0140908,30.1,11,0.1813,0.4107,0.2603,0.2744,24.1209,41.072,27.4418,0.0,0.0,0.0,13.87,9.36,4.51,None,0.00016355514526367188,161.167,True,None,sfc_unique_p1_3,0,None,8,8.66,66.0,10,26,0,0,0,False,100.0,8.590384615384615,6.268846153846154,13.961538461538462,0.3192,0.7662,0.1493,0.21,2524.2972377196597,130.0,2654.2972377196597
0,1762653758.3451204,30.4,12,0.1875,0.4578,0.283,0.2994,25.4525,45.7766,29.9365,0.0,0.0,0.0,8.22,4.15,4.08,None,0.3291656970977783,147.391,True,None,sfc_cache_p2_3,0,None,8,8.66,66.0,11,28,0,0,0,False,100.0,8.417142857142858,6.487857142857143,14.142857142857142,0.3266,0.8027,0.1715,0.2144,2565.5663683804814,140.0,2705.5663683804814
0,1762653758.3464198,30.4,12,0.1875,0.4578,0.283,0.2994,25.4525,45.7766,29.9365,0.0,0.0,0.0,9.83,5.88,3.94,None,0.3291656970977783,162.154,True,None,sfc_unique_p2_3,0,None,8,8.66,66.0,11,28,0,0,0,False,100.0,8.417142857142858,6.487857142857143,14.142857142857142,0.3266,0.8027,0.1715,0.2144,2565.5663683804814,140.0,2705.5663683804814
0,1762653758.7461247,30.8,13,0.1973,0.4922,0.3055,0.3243,27.3241,49.2213,32.4312,0.0,0.0,0.0,8.12,4.58,3.53,None,0.661534309387207,146.335,True,None,sfc_cache_p3_3,0,None,8,8.66,66.0,11,30,0,0,0,False,100.0,8.433666666666666,6.511,14.3,0.3243,0.8713,0.1834,0.2197,2610.1357046920266,150.0,2760.1357046920266
0,1762653758.7469444,30.8,13,0.1973,0.4922,0.3055,0.3243,27.3241,49.2213,32.4312,0.0,0.0,0.0,13.86,8.88,4.98,None,0.661534309387207,156.901,True,None,sfc_unique_p3_3,0,None,8,8.66,66.0,11,30,0,0,0,False,100.0,8.433666666666666,6.511,14.3,0.3243,0.8713,0.1834,0.2197,2610.1357046920266,150.0,2760.1357046920266
0,1762653759.062416,31.2,14,0.2071,0.5258,0.3296,0.3493,29.2324,52.5804,34.9259,0.0,0.0,0.0,8.74,5.28,3.46,None,1.0619597434997559,142.712,True,None,sfc_cache_p4_3,0,None,8,8.66,66.0,11,32,0,0,0,False,100.0,8.45875,6.520625,14.4375,0.3176,0.8809,0.2037,0.2224,2643.4543739443166,160.0,2803.4543739443166
0,1762653759.0631936,31.2,14,0.2071,0.5258,0.3296,0.3493,29.2324,52.5804,34.9259,0.0,0.0,0.0,11.88,6.88,5.01,None,1.0619597434997559,146.482,True,None,sfc_unique_p4_3,0,None,8,8.66,66.0,11,32,0,0,0,False,100.0,8.45875,6.520625,14.4375,0.3176,0.8809,0.2037,0.2224,2643.4543739443166,160.0,2803.4543739443166
0,1762653759.383612,31.5,15,0.2137,0.5586,0.3541,0.3493,30.7443,55.8563,34.9259,0.0,0.0,0.0,7.03,4.27,2.76,None,1.3781750202178955,132.586,True,None,sfc_cache_p5_3,0,None,12,8.66,99.0,12,34,0,0,0,False,100.0,8.372941176470588,6.5194117647058825,13.588235294117647,0.3198,0.8612,0.1988,0.225,2653.3263036705125,170.0,2823.3263036705125
0,1762653759.3849096,31.5,15,0.2137,0.5586,0.3541,0.3493,30.7443,55.8563,34.9259,0.0,0.0,0.0,11.84,7.08,4.77,None,1.3781750202178955,161.377,True,None,sfc_unique_p5_3,0,None,12,8.66,99.0,12,34,0,0,0,False,100.0,8.372941176470588,6.5194117647058825,13.588235294117647,0.3198,0.8612,0.1988,0.225,2653.3263036705125,170.0,2823.3263036705125
0,1762653759.6951308,31.8,16,0.2159,0.6157,0.3801,0.3742,31.6439,61.5689,37.4206,0.0,0.0,0.0,11.27,7.05,4.22,None,1.700303316116333,146.178,True,None,sfc_cache_p6_3,0,None,12,8.66,99.0,14,36,0,0,0,False,100.0,8.139166666666666,6.786944444444445,13.75,0.3091,0.8939,0.1917,0.2284,2694.005036239462,180.0,2874.005036239462
0,1762653759.6959436,31.8,16,0.2159,0.6157,0.3801,0.3742,31.6439,61.5689,37.4206,0.0,0.0,0.0,13.15,8.54,4.61,None,1.700303316116333,140.419,True,None,sfc_unique_p6_3,0,None,12,8.66,99.0,14,36,0,0,0,False,100.0,8.139166666666666,6.786944444444445,13.75,0.3091,0.8939,0.1917,0.2284,2694.005036239462,180.0,2874.005036239462
0,1762653779.0236897,51.1,16,0.2314,0.63,0.4049,0.3992,34.3795,62.9977,39.9153,0.0,0.0,0.0,7.96,4.21,3.75,None,0.000274658203125,134.462,True,None,sfc_cache_p1_4,0,None,12,8.66,99.0,14,38,0,0,0,False,100.0,8.377368421052632,6.578947368421052,13.894736842105264,0.3084,0.8969,0.21,0.2304,2720.6769910452194,190.0,2910.6769910452194
0,1762653779.024491,51.1,16,0.2314,0.63,0.4049,0.3992,34.3795,62.9977,39.9153,0.0,0.0,0.0,9.31,4.75,4.56,None,0.000274658203125,160.15,True,None,sfc_unique_p1_4,0,None,12,8.66,99.0,14,38,0,0,0,False,100.0,8.377368421052632,6.578947368421052,13.894736842105264,0.3084,0.8969,0.21,0.2304,2720.6769910452194,190.0,2910.6769910452194
0,1762653779.3232937,51.4,17,0.2419,0.6527,0.4287,0.4241,36.7554,65.2656,42.41,0.0,0.0,0.0,9.32,6.35,2.96,None,0.3187255859375,126.162,True,None,sfc_cache_p2_4,0,None,12,8.66,99.0,14,40,0,0,0,False,100.0,8.5085,6.475,14.025,0.3104,0.911,0.2054,0.232,2762.264135134518,200.0,2962.264135134518
0,1762653779.3241253,51.4,17,0.2419,0.6527,0.4287,0.4241,36.7554,65.2656,42.41,0.0,0.0,0.0,13.3,8.94,4.36,None,0.3187255859375,146.402,True,None,sfc_unique_p2_4,0,None,12,8.66,99.0,14,40,0,0,0,False,100.0,8.5085,6.475,14.025,0.3104,0.911,0.2054,0.232,2762.264135134518,200.0,2962.264135134518
0,1762653779.7533522,51.8,18,0.248,0.6896,0.4556,0.449,38.5189,68.9623,44.9047,0.0,0.0,0.0,9.36,4.43,4.93,None,0.618319034576416,229.597,True,None,sfc_cache_p3_4,0,None,12,8.66,99.0,15,42,0,0,0,False,100.0,8.492142857142857,6.515952380952381,14.142857142857142,0.2999,0.9339,0.2031,0.2308,2804.92103990034,210.0,3014.92103990034
0,1762653779.7547057,51.8,18,0.248,0.6896,0.4556,0.449,38.5189,68.9623,44.9047,0.0,0.0,0.0,13.32,9.28,4.04,None,0.618319034576416,175.265,True,None,sfc_unique_p3_4,0,None,12,8.66,99.0,15,42,0,0,0,False,100.0,8.492142857142857,6.515952380952381,14.142857142857142,0.2999,0.9339,0.2031,0.2308,2804.92103990034,210.0,3014.92103990034
0,1762653780.0614705,52.2,19,0.2527,0.7308,0.4772,0.474,40.1032,73.0773,47.3995,0.0,0.0,0.0,7.62,3.91,3.71,None,1.0514261722564697,120.263,True,None,sfc_cache_p4_4,0,None,12,8.66,99.0,16,44,0,0,0,False,100.0,8.439545454545454,6.590909090909091,14.25,0.2978,0.9445,0.2059,0.2302,2840.8625919323717,220.0,3060.8625919323717
0,1762653780.062291,52.2,19,0.2527,0.7308,0.4772,0.474,40.1032,73.0773,47.3995,0.0,0.0,0.0,7.73,3.77,3.97,None,1.0514261722564697,160.271,True,None,sfc_unique_p4_4,0,None,12,8.66,99.0,16,44,0,0,0,False,100.0,8.439545454545454,6.590909090909091,14.25,0.2978,0.9445,0.2059,0.2302,2840.8625919323717,220.0,3060.8625919323717
0,1762653780.3910758,52.5,20,0.2658,0.7392,0.4947,0.4989,43.0915,73.9164,49.8942,0.0,0.0,0.0,10.39,6.79,3.59,None,1.3564624786376953,142.313,True,None,sfc_cache_p5_4,0,None,12,8.66,99.0,17,46,0,0,0,False,100.0,8.674130434782608,6.376739130434783,14.347826086956522,0.293,0.9478,0.2199,0.2297,2874.1470286377025,230.0,3104.1470286377025
0,1762653780.3918967,52.5,20,0.2658,0.7392,0.4947,0.4989,43.0915,73.9164,49.8942,0.0,0.0,0.0,8.9,4.29,4.61,None,1.3564624786376953,157.313,True,None,sfc_unique_p5_4,0,None,12,8.66,99.0,17,46,0,0,0,False,100.0,8.674130434782608,6.376739130434783,14.347826086956522,0.293,0.9478,0.2199,0.2297,2874.1470286377025,230.0,3104.1470286377025
0,1762653780.69139,52.8,21,0.2718,0.7719,0.5173,0.4989,44.6034,77.1923,49.8942,0.0,0.0,0.0,6.99,3.68,3.31,None,1.6860201358795166,140.002,True,None,sfc_cache_p6_4,0,None,16,8.66,132.0,19,48,0,0,0,False,100.0,8.604375,6.381875,13.75,0.2779,0.9679,0.2153,0.2309,2894.0317520944122,240.0,3134.0317520944122
0,1762653780.6922207,52.8,21,0.2718,0.7719,0.5173,0.4989,44.6034,77.1923,49.8942,0.0,0.0,0.0,11.67,7.81,3.86,None,1.6860201358795166,135.35,True,None,sfc_unique_p6_4,0,None,16,8.66,132.0,19,48,0,0,0,False,100.0,8.604375,6.381875,13.75,0.2779,0.9679,0.2153,0.2309,2894.0317520944122,240.0,3134.0317520944122
0,1762653796.929461,69.0,21,0.2768,0.8089,0.5434,0.5239,46.367,80.889,52.3889,0.0,0.0,0.0,9.33,4.76,4.57,None,0.0001633167266845703,87.035,True,None,sfc_cache_p1_5,0,None,16,8.66,132.0,19,50,0,0,0,False,100.0,8.5868,6.42,13.86,0.2696,0.9724,0.213,0.2306,2903.2149280733624,250.0,3153.2149280733624
0,1762653796.9299445,69.0,21,0.2768,0.8089,0.5434,0.5239,46.367,80.889,52.3889,0.0,0.0,0.0,10.51,5.96,4.55,None,0.0001633167266845703,98.008,True,None,sfc_unique_p1_5,0,None,16,8.66,132.0,19,50,0,0,0,False,100.0,8.5868,6.42,13.86,0.2696,0.9724,0.213,0.2306,2903.2149280733624,250.0,3153.2149280733624
0,1762653797.1268275,69.2,22,0.2825,0.8425,0.5667,0.5488,48.2753,84.2481,54.8836,0.0,0.0,0.0,9.84,5.93,3.91,None,0.20819664001464844,86.098,True,None,sfc_cache_p2_5,0,None,16,8.66,132.0,19,52,0,0,0,False,100.0,8.596346153846154,6.429423076923077,13.961538461538462,0.2597,0.9891,0.2108,0.2302,2924.796735843058,260.0,3184.796735843058
0,1762653797.1273432,69.2,22,0.2825,0.8425,0.5667,0.5488,48.2753,84.2481,54.8836,0.0,0.0,0.0,11.04,6.07,4.97,None,0.20819664001464844,93.112,True,None,sfc_unique_p2_5,0,None,16,8.66,132.0,19,52,0,0,0,False,100.0,8.596346153846154,6.429423076923077,13.961538461538462,0.2597,0.9891,0.2108,0.2302,2924.796735843058,260.0,3184.796735843058
0,1762653797.4662871,69.6,23,0.2825,0.8425,0.5667,0.5488,48.2753,84.2481,54.8836,0.0,0.0,0.0,29.9,0,29.9,None,0.4055912494659424,60.7,False,None,sfc_cache_p3_5,0,None,16,8.66,132.0,19,52,0,0,0,False,98.11320754716981,8.596346153846154,6.429423076923077,13.961538461538462,0.2597,0.9891,0.2108,0.2302,2924.796735843058,260.0,3184.796735843058
0,1762653797.4677148,69.6,23,0.2825,0.8425,0.5667,0.5488,48.2753,84.2481,54.8836,0.0,0.0,0.0,10.72,6.48,4.25,None,0.4055912494659424,242.886,False,None,sfc_unique_p3_5,0,None,16,8.66,132.0,19,52,0,0,0,False,96.29629629629629,8.596346153846154,6.429423076923077,13.961538461538462,0.2597,0.9891,0.2108,0.2302,2924.796735843058,260.0,3184.796735843058
0,1762653797.750582,69.8,24,0.2825,0.8425,0.5667,0.5488,48.2753,84.2481,54.8836,0.0,0.0,0.0,8.83,5.41,3.42,None,0.74666428565979,107.885,False,None,sfc_cache_p4_5,0,None,16,8.66,132.0,19,52,0,0,0,False,94.54545454545455,8.596346153846154,6.429423076923077,13.961538461538462,0.2597,0.9891,0.2108,0.2302,2924.796735843058,260.0,3184.796735843058
0,1762653797.7514246,69.8,24,0.2825,0.8425,0.5667,0.5488,48.2753,84.2481,54.8836,0.0,0.0,0.0,31.35,0,31.35,None,0.74666428565979,141.001,False,None,sfc_unique_p4_5,0,None,16,8.66,132.0,19,52,0,0,0,False,92.85714285714286,8.596346153846154,6.429423076923077,13.961538461538462,0.2597,0.9891,0.2108,0.2302,2924.796735843058,260.0,3184.796735843058
0,1762653798.0123854,70.1,25,0.2825,0.8425,0.5667,0.5488,48.2753,84.2481,54.8836,0.0,0.0,0.0,30.42,0,30.42,None,1.0299689769744873,49.581,False,None,sfc_cache_p5_5,0,None,16,8.66,132.0,19,52,0,0,0,False,91.22807017543859,8.596346153846154,6.429423076923077,13.961538461538462,0.2597,0.9891,0.2108,0.2302,2924.796735843058,260.0,3184.796735843058
0,1762653798.0132432,70.1,25,0.2825,0.8425,0.5667,0.5488,48.2753,84.2481,54.8836,0.0,0.0,0.0,12.97,5.41,7.56,None,1.0299689769744873,176.959,False,None,sfc_unique_p5_5,0,None,16,8.66,132.0,19,52,0,0,0,False,89.65517241379311,8.596346153846154,6.429423076923077,13.961538461538462,0.2597,0.9891,0.2108,0.2302,2924.796735843058,260.0,3184.796735843058
0,1762653798.1736047,70.3,26,0.2825,0.8425,0.5667,0.5488,48.2753,84.2481,54.8836,0.0,0.0,0.0,29.9,0,29.9,None,1.291729211807251,33.678,False,None,sfc_cache_p6_5,0,None,16,8.66,132.0,19,52,0,0,0,False,88.13559322033898,8.596346153846154,6.429423076923077,13.961538461538462,0.2597,0.9891,0.2108,0.2302,2924.796735843058,260.0,3184.796735843058
0,1762653798.174126,70.3,26,0.2825,0.8425,0.5667,0.5488,48.2753,84.2481,54.8836,0.0,0.0,0.0,9.97,5.3,4.67,None,1.291729211807251,99.344,False,None,sfc_unique_p6_5,0,None,16,8.66,132.0,19,52,0,0,0,False,86.66666666666667,8.596346153846154,6.429423076923077,13.961538461538462,0.2597,0.9891,0.2108,0.2302,2924.796735843058,260.0,3184.796735843058
0,1762653800.0299895,72.1,26,0.282,0.7719,0.5497,0.5488,48.3833,77.1923,54.8836,0.0,0.0,0.0,11.58,6.16,5.42,None,2.7179718017578125e-05,113.937,True,None,sfc_cache_p6_2,0,None,12,8.66,99.0,19,50,0,0,0,False,86.88524590163934,8.9602,6.1266,14.52,0.261,0.943,0.2108,0.2323,2892.6638887605627,260.0,3152.6638887605627
0,1762653800.0312994,72.1,26,0.282,0.7719,0.5497,0.5488,48.3833,77.1923,54.8836,0.0,0.0,0.0,14.1,7.5,6.6,None,2.7179718017578125e-05,123.967,True,None,sfc_unique_p6_2,0,None,12,8.66,99.0,19,50,0,0,0,False,87.09677419354838,8.9602,6.1266,14.52,0.261,0.943,0.2108,0.2323,2892.6638887605627,260.0,3152.6638887605627
0,1762653800.2256336,72.3,26,0.2949,0.7938,0.5672,0.5738,50.7949,79.3771,57.3783,0.0,0.0,0.0,11.5,5.52,5.98,None,0.2594947814941406,88.119,True,None,sfc_cache_p5_1,0,None,12,8.66,99.0,20,52,0,0,0,False,87.3015873015873,9.045,6.0576923076923075,14.596153846153847,0.2612,0.9754,0.2134,0.2314,2920.105663253675,260.0,3180.105663253675
0,1762653800.226166,72.3,26,0.2949,0.7938,0.5672,0.5738,50.7949,79.3771,57.3783,0.0,0.0,0.0,13.87,7.4,6.46,None,0.2594947814941406,87.047,True,None,sfc_unique_p5_1,0,None,12,8.66,99.0,20,52,0,0,0,False,87.5,9.045,6.0576923076923075,14.596153846153847,0.2612,0.9754,0.2134,0.2314,2920.105663253675,260.0,3180.105663253675
0,1762653805.0090287,77.1,26,0.2902,0.7593,0.5427,0.5488,49.3909,75.9324,54.8836,0.0,0.0,0.0,30.9,0,30.9,None,3.075599670410156e-05,50.498,False,None,sfc_cache_p5_2,0,None,12,4.33,99.0,19,50,0,0,0,False,86.15384615384616,9.146799999999999,6.026599999999999,14.52,0.2698,0.9564,0.2151,0.2307,2904.7522781340135,250.0,3154.7522781340135
0,1762653805.009532,77.1,26,0.2902,0.7593,0.5427,0.5488,49.3909,75.9324,54.8836,0.0,0.0,0.0,9.27,4.18,5.08,None,3.075599670410156e-05,109.797,False,None,sfc_unique_p5_2,0,None,12,4.33,99.0,19,50,0,0,0,False,84.84848484848484,9.146799999999999,6.026599999999999,14.52,0.2698,0.9564,0.2151,0.2307,2904.7522781340135,250.0,3154.7522781340135
0,1762653810.091296,82.2,26,0.2804,0.7324,0.5158,0.5488,48.095,73.2436,54.8836,0.0,0.0,0.0,7.11,2.5,4.61,None,2.6226043701171875e-05,133.856,True,None,sfc_cache_p4_2,0,None,8,0.0,66.0,14,48,0,0,0,False,85.07462686567165,9.277916666666666,6.055416666666667,15.125,0.2674,0.8932,0.232,0.233,2878.4841726564964,250.0,3128.4841726564964
0,1762653810.0921125,82.2,26,0.2804,0.7324,0.5158,0.5488,48.095,73.2436,54.8836,0.0,0.0,0.0,16.78,10.41,6.37,None,2.6226043701171875e-05,153.96,True,None,sfc_unique_p4_2,0,None,8,0.0,66.0,14,48,0,0,0,False,85.29411764705883,9.277916666666666,6.055416666666667,15.125,0.2674,0.8932,0.232,0.233,2878.4841726564964,250.0,3128.4841726564964
0,1762653810.3744056,82.5,26,0.2905,0.7744,0.5417,0.5738,49.6436,77.4418,57.3783,0.0,0.0,0.0,10.0,4.25,5.75,None,0.3124268054962158,145.83,True,None,sfc_cache_p4_1,0,None,8,0.0,66.0,15,50,0,0,0,False,85.5072463768116,9.1936,6.1464,15.18,0.2695,0.9437,0.2343,0.2319,2905.936227814073,250.0,3155.936227814073
0,1762653810.3749526,82.5,26,0.2905,0.7744,0.5417,0.5738,49.6436,77.4418,57.3783,0.0,0.0,0.0,11.97,4.61,7.37,None,0.3124268054962158,113.86,True,None,sfc_unique_p4_1,0,None,8,0.0,66.0,15,50,0,0,0,False,85.71428571428571,9.1936,6.1464,15.18,0.2695,0.9437,0.2343,0.2319,2905.936227814073,250.0,3155.936227814073
0,1762653814.9845295,87.1,26,0.2854,0.7257,0.5242,0.5488,48.3833,72.5708,54.8836,0.0,0.0,0.0,12.38,7.03,5.35,None,1.7881393432617188e-05,84.147,True,None,sfc_cache_p6_2,0,None,8,0.0,66.0,13,48,0,0,0,False,85.91549295774648,9.333541666666667,5.999791666666667,15.125,0.2678,0.9474,0.2325,0.2307,2889.8236513037846,250.0,3139.8236513037846
0,1762653814.98502,87.1,26,0.2854,0.7257,0.5242,0.5488,48.3833,72.5708,54.8836,0.0,0.0,0.0,9.95,5.42,4.53,None,1.7881393432617188e-05,100.565,True,None,sfc_unique_p6_2,0,None,8,0.0,66.0,13,48,0,0,0,False,86.11111111111111,9.333541666666667,5.999791666666667,15.125,0.2678,0.9474,0.2325,0.2307,2889.8236513037846,250.0,3139.8236513037846
0,1762653815.275488,87.4,26,0.2955,0.7492,0.548,0.5488,50.2916,74.9219,54.8836,0.0,0.0,0.0,7.42,3.28,4.13,None,0.19963693618774414,108.654,True,None,sfc_cache_p2_1,0,None,12,0.0,99.0,16,50,0,0,0,False,86.3013698630137,9.313600000000001,5.9464,14.52,0.2717,0.9489,0.2325,0.2275,2907.956680246673,250.0,3157.956680246673
0,1762653815.2759697,87.4,26,0.2955,0.7492,0.548,0.5488,50.2916,74.9219,54.8836,0.0,0.0,0.0,12.73,4.45,8.27,None,0.19963693618774414,158.166,True,None,sfc_unique_p2_1,0,None,12,0.0,99.0,16,50,0,0,0,False,86.48648648648648,9.313600000000001,5.9464,14.52,0.2717,0.9489,0.2325,0.2275,2907.956680246673,250.0,3157.956680246673
0,1762653818.9645839,91.1,26,0.2972,0.8063,0.5688,0.5738,51.1912,80.6345,57.3783,0.0,0.0,0.0,8.5,5.13,3.37,None,0.00015592575073242188,85.75,True,None,sfc_cache_p1_6,0,None,12,0.0,99.0,16,52,0,0,0,False,86.66666666666667,9.115576923076922,6.153653846153846,14.596153846153847,0.2625,0.9478,0.2299,0.2267,2914.0661856018473,260.0,3174.0661856018473
0,1762653818.9654152,91.1,26,0.2972,0.8063,0.5688,0.5738,51.1912,80.6345,57.3783,0.0,0.0,0.0,7.82,3.61,4.21,None,0.00015592575073242188,108.593,True,None,sfc_unique_p1_6,0,None,12,0.0,99.0,16,52,0,0,0,False,86.8421052631579,9.115576923076922,6.153653846153846,14.596153846153847,0.2625,0.9478,0.2299,0.2267,2914.0661856018473,260.0,3174.0661856018473
0,1762653819.3503199,91.4,27,0.2972,0.8063,0.5688,0.5738,51.1912,80.6345,57.3783,0.0,0.0,0.0,11.12,6.76,4.35,None,0.2180337905883789,223.941,False,None,sfc_cache_p2_6,0,None,12,0.0,99.0,16,52,0,0,0,False,85.71428571428571,9.115576923076922,6.153653846153846,14.596153846153847,0.2625,0.9478,0.2299,0.2267,2914.0661856018473,260.0,3174.0661856018473
0,1762653819.350827,91.4,27,0.2972,0.8063,0.5688,0.5738,51.1912,80.6345,57.3783,0.0,0.0,0.0,33.09,0,33.09,None,0.2180337905883789,127.845,False,None,sfc_unique_p2_6,0,None,12,0.0,99.0,16,52,0,0,0,False,84.61538461538461,9.115576923076922,6.153653846153846,14.596153846153847,0.2625,0.9478,0.2299,0.2267,2914.0661856018473,260.0,3174.0661856018473
0,1762653819.5473404,91.6,28,0.3064,0.8332,0.5915,0.5987,53.3868,83.3233,59.873,0.0,0.0,0.0,9.93,6.17,3.76,None,0.6031861305236816,78.422,True,None,sfc_cache_p3_6,0,None,12,0.0,99.0,17,54,0,0,0,False,84.81012658227847,9.154444444444444,6.123333333333334,14.666666666666666,0.2595,0.972,0.2276,0.2284,2944.450580432369,270.0,3214.450580432369
0,1762653819.547862,91.6,28,0.3064,0.8332,0.5915,0.5987,53.3868,83.3233,59.873,0.0,0.0,0.0,12.69,7.23,5.46,None,0.6031861305236816,92.931,True,None,sfc_unique_p3_6,0,None,12,0.0,99.0,17,54,0,0,0,False,85.0,9.154444444444444,6.123333333333334,14.666666666666666,0.2595,0.972,0.2276,0.2284,2944.450580432369,270.0,3214.450580432369
0,1762653819.7141044,91.8,29,0.3064,0.8332,0.5915,0.5987,53.3868,83.3233,59.873,0.0,0.0,0.0,30.08,0,30.08,None,0.800203800201416,41.739,False,None,sfc_cache_p4_6,0,None,12,0.0,99.0,17,54,0,0,0,False,83.9506172839506,9.154444444444444,6.123333333333334,14.666666666666666,0.2595,0.972,0.2276,0.2284,2944.450580432369,270.0,3214.450580432369
0,1762653819.714615,91.8,29,0.3064,0.8332,0.5915,0.5987,53.3868,83.3233,59.873,0.0,0.0,0.0,31.53,0,31.53,None,0.800203800201416,92.72,False,None,sfc_unique_p4_6,0,None,12,0.0,99.0,17,54,0,0,0,False,82.92682926829268,9.154444444444444,6.123333333333334,14.666666666666666,0.2595,0.972,0.2276,0.2284,2944.450580432369,270.0,3214.450580432369
0,1762653819.85545,91.9,30,0.3064,0.8332,0.5915,0.5987,53.3868,83.3233,59.873,0.0,0.0,0.0,30.04,0,30.04,None,0.9669289588928223,40.415,False,None,sfc_cache_p5_6,0,None,12,0.0,99.0,17,54,0,0,0,False,81.92771084337349,9.154444444444444,6.123333333333334,14.666666666666666,0.2595,0.972,0.2276,0.2284,2944.450580432369,270.0,3214.450580432369
0,1762653819.8559492,91.9,30,0.3064,0.8332,0.5915,0.5987,53.3868,83.3233,59.873,0.0,0.0,0.0,16.07,9.9,6.17,None,0.9669289588928223,71.174,False,None,sfc_unique_p5_6,0,None,12,0.0,99.0,17,54,0,0,0,False,80.95238095238095,9.154444444444444,6.123333333333334,14.666666666666666,0.2595,0.972,0.2276,0.2284,2944.450580432369,270.0,3214.450580432369
0,1762653820.0538514,92.1,30,0.2985,0.8106,0.5724,0.5738,51.0108,81.0553,57.3783,0.0,0.0,0.0,30.9,0,30.9,None,3.075599670410156e-05,53.817,False,None,sfc_cache_p4_2,0,None,12,0.0,99.0,16,52,0,0,0,False,80.0,9.083461538461538,6.185769230769231,14.596153846153847,0.2577,0.9597,0.2134,0.2259,2926.0285422798765,260.0,3186.0285422798765
0,1762653820.0543437,92.1,30,0.2985,0.8106,0.5724,0.5738,51.0108,81.0553,57.3783,0.0,0.0,0.0,15.55,8.91,6.64,None,3.075599670410156e-05,111.029,False,None,sfc_unique_p4_2,0,None,12,0.0,99.0,16,52,0,0,0,False,79.06976744186046,9.083461538461538,6.185769230769231,14.596153846153847,0.2577,0.9597,0.2134,0.2259,2926.0285422798765,260.0,3186.0285422798765
0,1762653820.2995317,92.4,31,0.2985,0.8106,0.5724,0.5738,51.0108,81.0553,57.3783,0.0,0.0,0.0,30.35,0,30.35,None,1.306631326675415,126.989,False,None,sfc_cache_p6_6,0,None,12,0.0,99.0,16,52,0,0,0,False,78.16091954022988,9.083461538461538,6.185769230769231,14.596153846153847,0.2577,0.9597,0.2134,0.2259,2926.0285422798765,260.0,3186.0285422798765
0,1762653820.3004181,92.4,31,0.2985,0.8106,0.5724,0.5738,51.0108,81.0553,57.3783,0.0,0.0,0.0,32.08,0,32.08,None,1.306631326675415,86.763,False,None,sfc_unique_p6_6,0,None,12,0.0,99.0,16,52,0,0,0,False,77.27272727272727,9.083461538461538,6.185769230769231,14.596153846153847,0.2577,0.9597,0.2134,0.2259,2926.0285422798765,260.0,3186.0285422798765
0,1762653825.1573162,97.2,31,0.3056,0.787,0.568,0.5738,52.0184,78.7043,57.3783,0.0,0.0,0.0,7.85,3.11,4.74,None,3.1948089599609375e-05,134.72,True,None,sfc_cache_p6_1,0,None,12,0.0,99.0,18,52,0,0,0,False,77.52808988764045,9.262884615384616,6.006346153846153,14.596153846153847,0.262,0.9593,0.2299,0.2252,2930.1788800549,260.0,3190.1788800549
0,1762653825.1581616,97.2,31,0.3056,0.787,0.568,0.5738,52.0184,78.7043,57.3783,0.0,0.0,0.0,13.22,6.65,6.58,None,3.1948089599609375e-05,135.004,True,None,sfc_unique_p6_1,0,None,12,0.0,99.0,18,52,0,0,0,False,77.77777777777779,9.262884615384616,6.006346153846153,14.596153846153847,0.262,0.9593,0.2299,0.2252,2930.1788800549,260.0,3190.1788800549
0,1762653835.0399826,107.1,31,0.3,0.7652,0.5504,0.5738,50.0389,76.5195,57.3783,0.0,0.0,0.0,31.27,0,31.27,None,3.218650817871094e-05,47.862,False,None,sfc_cache_p5_1,0,None,8,0.0,66.0,16,50,0,0,0,False,76.92307692307693,9.2668,6.073200000000001,15.18,0.2705,0.9468,0.2346,0.2268,2913.921025233665,250.0,3163.921025233665
0,1762653835.040466,107.1,31,0.3,0.7652,0.5504,0.5738,50.0389,76.5195,57.3783,0.0,0.0,0.0,11.22,4.77,6.45,None,3.218650817871094e-05,98.706,False,None,sfc_unique_p5_1,0,None,8,0.0,66.0,16,50,0,0,0,False,76.08695652173914,9.2668,6.073200000000001,15.18,0.2705,0.9468,0.2346,0.2268,2913.921025233665,250.0,3163.921025233665
0,1762653840.9772098,113.1,31,0.3109,0.7761,0.5731,0.5987,52.9191,77.6106,59.873,0.0,0.0,0.0,9.27,5.64,3.63,None,0.00019407272338867188,79.261,True,None,sfc_cache_p1_7,0,None,8,0.0,66.0,16,52,0,0,0,False,76.34408602150538,9.42326923076923,5.922884615384616,15.23076923076923,0.2707,0.9401,0.2321,0.2297,2935.7452784452425,260.0,3195.7452784452425
0,1762653840.977722,113.1,31,0.3109,0.7761,0.5731,0.5987,52.9191,77.6106,59.873,0.0,0.0,0.0,9.42,4.51,4.91,None,0.00019407272338867188,107.213,True,None,sfc_unique_p1_7,0,None,8,0.0,66.0,16,52,0,0,0,False,76.59574468085107,9.42326923076923,5.922884615384616,15.23076923076923,0.2707,0.9401,0.2321,0.2297,2935.7452784452425,260.0,3195.7452784452425
0,1762653841.1845598,113.3,32,0.3109,0.7761,0.5731,0.5987,52.9191,77.6106,59.873,0.0,0.0,0.0,29.96,0,29.96,None,0.2042222023010254,51.329,False,None,sfc_cache_p2_7,0,None,8,0.0,66.0,16,52,0,0,0,False,75.78947368421053,9.42326923076923,5.922884615384616,15.23076923076923,0.2707,0.9401,0.2321,0.2297,2935.7452784452425,260.0,3195.7452784452425
0,1762653841.1857128,113.3,32,0.3109,0.7761,0.5731,0.5987,52.9191,77.6106,59.873,0.0,0.0,0.0,8.94,5.16,3.78,None,0.2042222023010254,122.788,False,None,sfc_unique_p2_7,0,None,8,0.0,66.0,16,52,0,0,0,False,75.0,9.42326923076923,5.922884615384616,15.23076923076923,0.2707,0.9401,0.2321,0.2297,2935.7452784452425,260.0,3195.7452784452425
0,1762653841.5288239,113.6,33,0.3109,0.7761,0.5731,0.5987,52.9191,77.6106,59.873,0.0,0.0,0.0,30.09,0,30.09,None,0.41272735595703125,71.151,False,None,sfc_cache_p3_7,0,None,8,0.0,66.0,16,52,0,0,0,False,74.22680412371135,9.42326923076923,5.922884615384616,15.23076923076923,0.2707,0.9401,0.2321,0.2297,2935.7452784452425,260.0,3195.7452784452425
0,1762653841.5296535,113.6,33,0.3109,0.7761,0.5731,0.5987,52.9191,77.6106,59.873,0.0,0.0,0.0,10.34,6.32,4.03,None,0.41272735595703125,134.155,False,None,sfc_unique_p3_7,0,None,8,0.0,66.0,16,52,0,0,0,False,73.46938775510205,9.42326923076923,5.922884615384616,15.23076923076923,0.2707,0.9401,0.2321,0.2297,2935.7452784452425,260.0,3195.7452784452425
0,1762653841.7089875,113.8,34,0.3109,0.7761,0.5731,0.5987,52.9191,77.6106,59.873,0.0,0.0,0.0,30.08,0,30.08,None,0.7563908100128174,38.373,False,None,sfc_cache_p4_7,0,None,8,0.0,66.0,16,52,0,0,0,False,72.72727272727273,9.42326923076923,5.922884615384616,15.23076923076923,0.2707,0.9401,0.2321,0.2297,2935.7452784452425,260.0,3195.7452784452425
0,1762653841.709483,113.8,34,0.3109,0.7761,0.5731,0.5987,52.9191,77.6106,59.873,0.0,0.0,0.0,9.87,6.27,3.6,None,0.7563908100128174,113.789,False,None,sfc_unique_p4_7,0,None,8,0.0,66.0,16,52,0,0,0,False,72.0,9.42326923076923,5.922884615384616,15.23076923076923,0.2707,0.9401,0.2321,0.2297,2935.7452784452425,260.0,3195.7452784452425
0,1762653841.8753402,114.0,35,0.3109,0.7761,0.5731,0.5987,52.9191,77.6106,59.873,0.0,0.0,0.0,30.05,0,30.05,None,0.935950517654419,36.122,False,None,sfc_cache_p5_7,0,None,8,0.0,66.0,16,52,0,0,0,False,71.28712871287128,9.42326923076923,5.922884615384616,15.23076923076923,0.2707,0.9401,0.2321,0.2297,2935.7452784452425,260.0,3195.7452784452425
0,1762653841.8758614,114.0,35,0.3109,0.7761,0.5731,0.5987,52.9191,77.6106,59.873,0.0,0.0,0.0,11.65,6.62,5.03,None,0.935950517654419,101.784,False,None,sfc_unique_p5_7,0,None,8,0.0,66.0,16,52,0,0,0,False,70.58823529411765,9.42326923076923,5.922884615384616,15.23076923076923,0.2707,0.9401,0.2321,0.2297,2935.7452784452425,260.0,3195.7452784452425
0,1762653842.0855637,114.2,36,0.3109,0.7761,0.5731,0.5987,52.9191,77.6106,59.873,0.0,0.0,0.0,30.05,0,30.05,None,1.1023058891296387,52.364,False,None,sfc_cache_p6_7,0,None,8,0.0,66.0,16,52,0,0,0,False,69.90291262135922,9.42326923076923,5.922884615384616,15.23076923076923,0.2707,0.9401,0.2321,0.2297,2935.7452784452425,260.0,3195.7452784452425
0,1762653842.0860949,114.2,36,0.3109,0.7761,0.5731,0.5987,52.9191,77.6106,59.873,0.0,0.0,0.0,9.09,4.52,4.57,None,1.1023058891296387,119.415,False,None,sfc_unique_p6_7,0,None,8,0.0,66.0,16,52,0,0,0,False,69.23076923076923,9.42326923076923,5.922884615384616,15.23076923076923,0.2707,0.9401,0.2321,0.2297,2935.7452784452425,260.0,3195.7452784452425
0,1762653845.0402,117.1,36,0.2658,0.6317,0.4822,0.474,42.369,63.169,47.3995,0.0,0.0,0.0,9.73,5.54,4.19,None,3.337860107421875e-05,84.761,True,None,sfc_cache_p3_2,0,None,8,0.0,66.0,11,42,0,0,0,False,69.52380952380952,9.34095238095238,5.968571428571429,14.928571428571429,0.2945,0.9438,0.2244,0.2334,2819.198515101959,210.0,3029.198515101959
0,1762653845.0407162,117.1,36,0.2658,0.6317,0.4822,0.474,42.369,63.169,47.3995,0.0,0.0,0.0,22.22,14.81,7.42,None,3.337860107421875e-05,65.49,True,None,sfc_unique_p3_2,0,None,8,0.0,66.0,11,42,0,0,0,False,69.81132075471697,9.34095238095238,5.968571428571429,14.928571428571429,0.2945,0.9438,0.2244,0.2334,2819.198515101959,210.0,3029.198515101959
0,1762653861.0495903,133.1,36,0.2809,0.6359,0.4956,0.4989,45.5365,63.5899,49.8942,0.0,0.0,0.0,8.6,5.68,2.92,None,0.000156402587890625,80.345,True,None,sfc_cache_p1_8,0,None,8,0.0,66.0,11,44,0,0,0,False,70.09345794392523,9.582954545454545,5.735227272727273,15.0,0.2895,0.9426,0.2217,0.2347,2838.2594251777987,220.0,3058.2594251777987
0,1762653861.0504322,133.1,36,0.2809,0.6359,0.4956,0.4989,45.5365,63.5899,49.8942,0.0,0.0,0.0,13.71,8.68,5.03,None,0.000156402587890625,103.779,True,None,sfc_unique_p1_8,0,None,8,0.0,66.0,11,44,0,0,0,False,70.37037037037037,9.582954545454545,5.735227272727273,15.0,0.2895,0.9426,0.2217,0.2347,2838.2594251777987,220.0,3058.2594251777987
0,1762653861.2567694,133.3,37,0.2889,0.6703,0.5219,0.5239,47.4081,67.0346,52.3889,0.0,0.0,0.0,9.11,5.46,3.66,None,0.25651097297668457,93.077,True,None,sfc_cache_p2_8,0,None,8,0.0,66.0,12,46,0,0,0,False,70.64220183486239,9.54304347826087,5.783043478260869,15.065217391304348,0.2946,0.9691,0.2241,0.2336,2879.233024873755,230.0,3109.233024873755
0,1762653861.2574108,133.3,37,0.2889,0.6703,0.5219,0.5239,47.4081,67.0346,52.3889,0.0,0.0,0.0,13.7,8.67,5.02,None,0.25651097297668457,88.129,True,None,sfc_unique_p2_8,0,None,8,0.0,66.0,12,46,0,0,0,False,70.9090909090909,9.54304347826087,5.783043478260869,15.065217391304348,0.2946,0.9691,0.2241,0.2336,2879.233024873755,230.0,3109.233024873755
0,1762653861.5384874,133.6,38,0.2948,0.7073,0.5442,0.5488,49.1717,70.7313,54.8836,0.0,0.0,0.0,9.15,4.74,4.41,None,0.46331286430358887,108.539,True,None,sfc_cache_p3_8,0,None,8,0.0,66.0,12,48,0,0,0,False,71.17117117117117,9.485625,5.847708333333333,15.125,0.2904,0.9638,0.2373,0.2333,2892.9629180791408,240.0,3132.9629180791408
0,1762653861.5393078,133.6,38,0.2948,0.7073,0.5442,0.5488,49.1717,70.7313,54.8836,0.0,0.0,0.0,11.18,5.72,5.46,None,0.46331286430358887,150.729,True,None,sfc_unique_p3_8,0,None,8,0.0,66.0,12,48,0,0,0,False,71.42857142857143,9.485625,5.847708333333333,15.125,0.2904,0.9638,0.2373,0.2333,2892.9629180791408,240.0,3132.9629180791408
0,1762653861.7792265,133.9,39,0.2978,0.7401,0.569,0.5488,50.6836,74.0072,54.8836,0.0,0.0,0.0,10.0,6.35,3.66,None,0.7453374862670898,116.385,True,None,sfc_cache_p4_8,0,None,12,0.0,99.0,14,50,0,0,0,False,71.68141592920354,9.3862,5.8738,14.52,0.2795,0.9584,0.2325,0.2321,2894.7076170421496,250.0,3144.7076170421496
0,1762653861.779735,133.9,39,0.2978,0.7401,0.569,0.5488,50.6836,74.0072,54.8836,0.0,0.0,0.0,12.51,7.45,5.05,None,0.7453374862670898,94.67,True,None,sfc_unique_p4_8,0,None,12,0.0,99.0,14,50,0,0,0,False,71.9298245614035,9.3862,5.8738,14.52,0.2795,0.9584,0.2325,0.2321,2894.7076170421496,250.0,3144.7076170421496
0,1762653862.009099,134.1,40,0.3078,0.7443,0.593,0.5488,53.4192,74.428,54.8836,0.0,0.0,0.0,12.09,6.6,5.49,None,0.985440731048584,95.482,True,None,sfc_cache_p5_8,0,None,16,0.0,132.0,15,52,0,0,0,False,72.17391304347827,9.512307692307692,5.680000000000001,13.961538461538462,0.2796,0.9567,0.2278,0.2333,2913.6880204034155,260.0,3173.6880204034155
0,1762653862.009613,134.1,40,0.3078,0.7443,0.593,0.5488,53.4192,74.428,54.8836,0.0,0.0,0.0,13.41,8.37,5.04,None,0.985440731048584,104.56,True,None,sfc_unique_p5_8,0,None,16,0.0,132.0,15,52,0,0,0,False,72.41379310344827,9.512307692307692,5.680000000000001,13.961538461538462,0.2796,0.9567,0.2278,0.2333,2913.6880204034155,260.0,3173.6880204034155
0,1762653862.2251215,134.3,41,0.3131,0.7712,0.614,0.5488,55.1827,77.1167,54.8836,0.0,0.0,0.0,8.61,4.87,3.74,None,1.2153112888336182,84.93,True,None,sfc_cache_p6_8,0,None,20,0.0,165.0,18,54,0,0,0,False,72.64957264957265,9.462407407407408,5.667222222222222,13.444444444444445,0.2714,0.9612,0.2234,0.2321,2928.0352545776914,270.0,3198.0352545776914
0,1762653862.2264113,134.3,41,0.3131,0.7712,0.614,0.5488,55.1827,77.1167,54.8836,0.0,0.0,0.0,14.26,8.69,5.57,None,1.2153112888336182,103.95,True,None,sfc_unique_p6_8,0,None,20,0.0,165.0,18,54,0,0,0,False,72.88135593220339,9.462407407407408,5.667222222222222,13.444444444444445,0.2714,0.9612,0.2234,0.2321,2928.0352545776914,270.0,3198.0352545776914
0,1762653874.166314,146.3,41,0.3212,0.7905,0.634,0.5738,57.7034,79.047,57.3783,0.0,0.0,0.0,6.64,4.27,2.37,None,0.0001690387725830078,102.21,True,None,sfc_cache_p1_9,0,None,20,0.0,165.0,18,56,0,0,0,False,73.10924369747899,9.54125,5.601607142857143,13.553571428571429,0.2665,0.9686,0.2211,0.2334,2951.0855563885566,280.0,3231.0855563885566
0,1762653874.1671393,146.3,41,0.3212,0.7905,0.634,0.5738,57.7034,79.047,57.3783,0.0,0.0,0.0,10.11,5.9,4.2,None,0.0001690387725830078,139.245,True,None,sfc_unique_p1_9,0,None,20,0.0,165.0,18,56,0,0,0,False,73.33333333333333,9.54125,5.601607142857143,13.553571428571429,0.2665,0.9686,0.2211,0.2334,2951.0855563885566,280.0,3231.0855563885566
0,1762653874.5101328,146.6,42,0.3259,0.8232,0.6561,0.5987,59.6473,82.3229,59.873,0.0,0.0,0.0,9.59,5.58,4.0,None,0.3574788570404053,144.626,True,None,sfc_cache_p2_9,0,None,20,0.0,165.0,18,58,0,0,0,False,73.55371900826447,9.52258620689655,5.632586206896551,13.655172413793103,0.265,0.9766,0.219,0.234,2987.1237857648143,290.0,3277.1237857648143
0,1762653874.5115318,146.6,42,0.3259,0.8232,0.6561,0.5987,59.6473,82.3229,59.873,0.0,0.0,0.0,8.92,5.11,3.81,None,0.3574788570404053,162.147,True,None,sfc_unique_p2_9,0,None,20,0.0,165.0,18,58,0,0,0,False,73.77049180327869,9.52258620689655,5.632586206896551,13.655172413793103,0.265,0.9766,0.219,0.234,2987.1237857648143,290.0,3277.1237857648143
0,1762653874.7641783,146.9,43,0.3259,0.8232,0.6561,0.5987,59.6473,82.3229,59.873,0.0,0.0,0.0,29.61,0,29.61,None,0.7023069858551025,54.643,False,None,sfc_cache_p3_9,0,None,20,0.0,165.0,18,58,0,0,0,False,73.17073170731707,9.52258620689655,5.632586206896551,13.655172413793103,0.265,0.9766,0.219,0.234,2987.1237857648143,290.0,3277.1237857648143
0,1762653874.7650337,146.9,43,0.3259,0.8232,0.6561,0.5987,59.6473,82.3229,59.873,0.0,0.0,0.0,30.85,0,30.85,None,0.7023069858551025,145.556,False,None,sfc_unique_p3_9,0,None,20,0.0,165.0,18,58,0,0,0,False,72.58064516129032,9.52258620689655,5.632586206896551,13.655172413793103,0.265,0.9766,0.219,0.234,2987.1237857648143,290.0,3277.1237857648143
0,1762653874.9564564,147.0,44,0.3259,0.8232,0.6561,0.5987,59.6473,82.3229,59.873,0.0,0.0,0.0,29.41,0,29.41,None,0.9553313255310059,55.79,False,None,sfc_cache_p4_9,0,None,20,0.0,165.0,18,58,0,0,0,False,72.0,9.52258620689655,5.632586206896551,13.655172413793103,0.265,0.9766,0.219,0.234,2987.1237857648143,290.0,3277.1237857648143
0,1762653874.9573133,147.0,44,0.3259,0.8232,0.6561,0.5987,59.6473,82.3229,59.873,0.0,0.0,0.0,30.43,0,30.43,None,0.9553313255310059,87.917,False,None,sfc_unique_p4_9,0,None,20,0.0,165.0,18,58,0,0,0,False,71.42857142857143,9.52258620689655,5.632586206896551,13.655172413793103,0.265,0.9766,0.219,0.234,2987.1237857648143,290.0,3277.1237857648143
0,1762653875.1419954,147.2,45,0.3259,0.8232,0.6561,0.5987,59.6473,82.3229,59.873,0.0,0.0,0.0,29.83,0,29.83,None,1.1506118774414062,47.281,False,None,sfc_cache_p5_9,0,None,20,0.0,165.0,18,58,0,0,0,False,70.86614173228347,9.52258620689655,5.632586206896551,13.655172413793103,0.265,0.9766,0.219,0.234,2987.1237857648143,290.0,3277.1237857648143
0,1762653875.14257,147.2,45,0.3259,0.8232,0.6561,0.5987,59.6473,82.3229,59.873,0.0,0.0,0.0,31.28,0,31.28,None,1.1506118774414062,47.539,False,None,sfc_unique_p5_9,0,None,20,0.0,165.0,18,58,0,0,0,False,70.3125,9.52258620689655,5.632586206896551,13.655172413793103,0.265,0.9766,0.219,0.234,2987.1237857648143,290.0,3277.1237857648143
0,1762653875.2642705,147.4,46,0.3259,0.8232,0.6561,0.5987,59.6473,82.3229,59.873,0.0,0.0,0.0,29.83,0,29.83,None,1.3325231075286865,40.078,False,None,sfc_cache_p6_9,0,None,20,0.0,165.0,18,58,0,0,0,False,69.76744186046511,9.52258620689655,5.632586206896551,13.655172413793103,0.265,0.9766,0.219,0.234,2987.1237857648143,290.0,3277.1237857648143
0,1762653875.264808,147.4,46,0.3259,0.8232,0.6561,0.5987,59.6473,82.3229,59.873,0.0,0.0,0.0,31.28,0,31.28,None,1.3325231075286865,43.912,False,None,sfc_unique_p6_9,0,None,20,0.0,165.0,18,58,0,0,0,False,69.23076923076923,9.52258620689655,5.632586206896551,13.655172413793103,0.265,0.9766,0.219,0.234,2987.1237857648143,290.0,3277.1237857648143
0,1762653880.236796,152.3,46,0.3022,0.7922,0.6115,0.5488,54.2831,79.2158,54.8836,0.0,0.0,0.0,9.63,4.9,4.73,None,3.218650817871094e-05,107.847,False,None,sfc_cache_p2_4,0,None,20,0.0,165.0,16,54,0,0,0,False,68.70229007633588,9.308148148148147,5.821481481481482,13.444444444444445,0.2724,0.9745,0.2191,0.234,2953.717495716834,280.0,3233.717495716834
0,1762653880.2376394,152.3,46,0.3022,0.7922,0.6115,0.5488,54.2831,79.2158,54.8836,0.0,0.0,0.0,33.03,0,33.03,None,3.218650817871094e-05,123.647,False,None,sfc_unique_p2_4,0,None,20,0.0,165.0,16,54,0,0,0,False,68.18181818181817,9.308148148148147,5.821481481481482,13.444444444444445,0.2724,0.9745,0.2191,0.234,2953.717495716834,280.0,3233.717495716834
0,1762653880.4667668,152.6,46,0.3056,0.7922,0.6115,0.5488,54.2831,79.2158,54.8836,0.0,0.0,0.0,30.57,0,30.57,None,0.2686302661895752,57.243,False,None,sfc_cache_p6_2,0,None,20,0.0,165.0,16,54,0,0,0,False,67.66917293233082,9.308148148148147,5.821481481481482,13.444444444444445,0.2794,0.9745,0.2234,0.234,2953.717495716834,270.0,3223.717495716834
0,1762653880.4676187,152.6,46,0.3056,0.7922,0.6115,0.5488,54.2831,79.2158,54.8836,0.0,0.0,0.0,13.42,5.91,7.5,None,0.2686302661895752,138.258,False,None,sfc_unique_p6_2,0,None,20,0.0,165.0,16,54,0,0,0,False,67.16417910447761,9.308148148148147,5.821481481481482,13.444444444444445,0.2794,0.9745,0.2234,0.234,2953.717495716834,270.0,3223.717495716834
0,1762653885.1897826,157.3,46,0.2478,0.7216,0.5289,0.474,44.3475,72.1601,47.3995,0.0,0.0,0.0,8.72,4.66,4.06,None,3.075599670410156e-05,87.406,True,None,sfc_cache_p6_4,0,None,16,0.0,132.0,12,46,0,0,0,False,67.4074074074074,8.92695652173913,6.225217391304348,13.630434782608695,0.261,0.9652,0.1971,0.2314,2872.687426430769,270.0,3142.687426430769
0,1762653885.1904187,157.3,46,0.2478,0.7216,0.5289,0.474,44.3475,72.1601,47.3995,0.0,0.0,0.0,14.14,8.28,5.86,None,3.075599670410156e-05,103.517,True,None,sfc_unique_p6_4,0,None,16,0.0,132.0,12,46,0,0,0,False,67.64705882352942,8.92695652173913,6.225217391304348,13.630434782608695,0.261,0.9652,0.1971,0.2314,2872.687426430769,270.0,3142.687426430769
0,1762653885.5830922,157.7,46,0.2655,0.73,0.5526,0.4989,47.3357,72.9992,49.8942,0.0,0.0,0.0,9.97,5.53,4.44,None,0.2136552333831787,205.107,True,None,sfc_cache_p5_4,0,None,16,0.0,132.0,12,48,0,0,0,False,67.88321167883211,9.131458333333333,6.035208333333333,13.75,0.267,0.9661,0.1981,0.2309,2891.87145534982,270.0,3161.87145534982
0,1762653885.5845814,157.7,46,0.2655,0.73,0.5526,0.4989,47.3357,72.9992,49.8942,0.0,0.0,0.0,11.66,4.4,7.26,None,0.2136552333831787,161.19,True,None,sfc_unique_p5_4,0,None,16,0.0,132.0,12,48,0,0,0,False,68.11594202898551,9.131458333333333,6.035208333333333,13.75,0.267,0.9661,0.1981,0.2309,2891.87145534982,270.0,3161.87145534982
0,1762653885.9092436,158.0,46,0.276,0.7644,0.5771,0.5239,49.2073,76.4439,52.3889,0.0,0.0,0.0,7.88,4.09,3.79,None,0.6091022491455078,143.626,True,None,sfc_cache_p4_4,0,None,16,0.0,132.0,13,50,0,0,0,False,68.34532374100719,9.1128,6.067200000000001,13.86,0.2714,0.9664,0.2046,0.2302,2908.8560552569547,270.0,3178.8560552569547
0,1762653885.910105,158.0,46,0.276,0.7644,0.5771,0.5239,49.2073,76.4439,52.3889,0.0,0.0,0.0,10.09,3.92,6.18,None,0.6091022491455078,152.949,True,None,sfc_unique_p4_4,0,None,16,0.0,132.0,13,50,0,0,0,False,68.57142857142857,9.1128,6.067200000000001,13.86,0.2714,0.9664,0.2046,0.2302,2908.8560552569547,270.0,3178.8560552569547
0,1762653886.1977675,158.3,46,0.2861,0.7905,0.6014,0.5239,51.0065,79.0495,52.3889,0.0,0.0,0.0,8.57,3.58,4.99,None,0.935147762298584,119.887,True,None,sfc_cache_p1_4,0,None,20,0.0,165.0,16,52,0,0,0,False,68.79432624113475,9.082692307692309,6.032692307692307,13.326923076923077,0.2731,0.9867,0.2046,0.2305,2927.7690188989773,270.0,3197.7690188989773
0,1762653886.198636,158.3,46,0.2861,0.7905,0.6014,0.5239,51.0065,79.0495,52.3889,0.0,0.0,0.0,14.21,8.25,5.96,None,0.935147762298584,140.306,True,None,sfc_unique_p1_4,0,None,20,0.0,165.0,16,52,0,0,0,False,69.01408450704226,9.082692307692309,6.032692307692307,13.326923076923077,0.2731,0.9867,0.2046,0.2305,2927.7690188989773,270.0,3197.7690188989773
0,1762653886.5560691,158.6,46,0.3002,0.8098,0.6185,0.5488,53.5272,80.9797,54.8836,0.0,0.0,0.0,11.58,7.77,3.82,None,1.2245557308197021,143.756,True,None,sfc_cache_p1_2,0,None,20,0.0,165.0,16,54,0,0,0,False,69.23076923076923,9.178518518518517,5.9511111111111115,13.444444444444445,0.2748,0.9855,0.2067,0.2321,2946.2293965494955,270.0,3216.2293965494955
0,1762653886.5569148,158.6,46,0.3002,0.8098,0.6185,0.5488,53.5272,80.9797,54.8836,0.0,0.0,0.0,11.11,5.87,5.24,None,1.2245557308197021,182.918,True,None,sfc_unique_p1_2,0,None,20,0.0,165.0,16,54,0,0,0,False,69.44444444444444,9.178518518518517,5.9511111111111115,13.444444444444445,0.2748,0.9855,0.2067,0.2321,2946.2293965494955,270.0,3216.2293965494955
0,1762653890.2477834,162.3,46,0.2763,0.5637,0.4746,0.4241,44.4209,56.3653,42.41,0.0,0.0,0.0,9.16,5.83,3.33,None,3.886222839355469e-05,111.219,True,None,sfc_cache_p3_4,0,None,16,0.0,132.0,12,42,0,0,0,False,69.6551724137931,9.793333333333333,5.325714285714286,13.357142857142858,0.2994,0.7934,0.1797,0.2208,2777.2055546964416,210.0,2987.2055546964416
0,1762653890.2486436,162.3,46,0.2763,0.5637,0.4746,0.4241,44.4209,56.3653,42.41,0.0,0.0,0.0,15.13,8.55,6.57,None,3.886222839355469e-05,134.13,True,None,sfc_unique_p3_4,0,None,16,0.0,132.0,12,42,0,0,0,False,69.86301369863014,9.793333333333333,5.325714285714286,13.357142857142858,0.2994,0.7934,0.1797,0.2208,2777.2055546964416,210.0,2987.2055546964416
0,1762653895.391033,167.5,46,0.2798,0.5653,0.4767,0.449,44.7806,56.5341,44.9047,0.0,0.0,0.0,7.97,4.34,3.64,None,3.5762786865234375e-05,136.142,True,None,sfc_cache_p4_8,0,None,12,0.0,99.0,10,42,0,0,0,False,70.06802721088435,9.872619047619047,5.341666666666667,14.142857142857142,0.3059,0.81,0.1871,0.226,2772.6552289743795,210.0,2982.6552289743795
0,1762653895.391864,167.5,46,0.2798,0.5653,0.4767,0.449,44.7806,56.5341,44.9047,0.0,0.0,0.0,13.91,8.33,5.58,None,3.5762786865234375e-05,242.014,True,None,sfc_unique_p4_8,0,None,12,0.0,99.0,10,42,0,0,0,False,70.27027027027027,9.872619047619047,5.341666666666667,14.142857142857142,0.3059,0.81,0.1871,0.226,2772.6552289743795,210.0,2982.6552289743795
0,1762653900.1494205,172.2,46,0.2403,0.4746,0.3773,0.3742,35.71,47.4599,37.4206,0.0,0.0,0.0,7.67,4.3,3.38,None,0.00016951560974121094,139.112,True,None,sfc_cache_p1_10,0,None,8,0.0,66.0,6,34,0,0,0,False,70.46979865771812,9.72529411764706,5.539411764705882,14.558823529411764,0.3481,0.8173,0.1866,0.2306,2657.477411149695,170.0,2827.477411149695
0,1762653900.150644,172.2,46,0.2403,0.4746,0.3773,0.3742,35.71,47.4599,37.4206,0.0,0.0,0.0,13.7,9.5,4.2,None,0.00016951560974121094,163.82,True,None,sfc_unique_p1_10,0,None,8,0.0,66.0,6,34,0,0,0,False,70.66666666666667,9.72529411764706,5.539411764705882,14.558823529411764,0.3481,0.8173,0.1866,0.2306,2657.477411149695,170.0,2827.477411149695
0,1762653900.4912336,172.6,47,0.25,0.5074,0.3941,0.3992,37.6539,50.7358,39.9153,0.0,0.0,0.0,6.48,3.6,2.89,None,0.33030128479003906,141.816,True,None,sfc_cache_p2_10,0,None,8,0.0,66.0,6,36,0,0,0,False,70.86092715231787,9.685,5.592777777777778,14.666666666666666,0.3433,0.8385,0.2051,0.2329,2701.0649460453697,180.0,2881.0649460453697
0,1762653900.4920595,172.6,47,0.25,0.5074,0.3941,0.3992,37.6539,50.7358,39.9153,0.0,0.0,0.0,12.49,8.52,3.97,None,0.33030128479003906,170.889,True,None,sfc_unique_p2_10,0,None,8,0.0,66.0,6,36,0,0,0,False,71.05263157894737,9.685,5.592777777777778,14.666666666666666,0.3433,0.8385,0.2051,0.2329,2701.0649460453697,180.0,2881.0649460453697
0,1762653900.8280003,172.9,48,0.2571,0.5334,0.4125,0.4241,39.4175,53.3414,42.41,0.0,0.0,0.0,8.42,4.64,3.77,None,0.6716811656951904,151.296,True,None,sfc_cache_p3_10,0,None,12.33,0.0,66.0,8,38,0,0,0,False,71.24183006535948,9.605,5.570526315789474,14.763157894736842,0.334,0.8764,0.2081,0.2348,2730.8488488414214,190.0,2920.8488488414214
0,1762653900.8288057,172.9,48,0.2571,0.5334,0.4125,0.4241,39.4175,53.3414,42.41,0.0,0.0,0.0,14.88,11.06,3.82,None,0.6716811656951904,155.729,True,None,sfc_unique_p3_10,0,None,12.33,0.0,66.0,8,38,0,0,0,False,71.42857142857143,9.605,5.570526315789474,14.763157894736842,0.334,0.8764,0.2081,0.2348,2730.8488488414214,190.0,2920.8488488414214
0,1762653901.1724107,173.3,49,0.2628,0.5746,0.4386,0.449,41.0018,57.4564,44.9047,0.0,0.0,0.0,6.71,3.89,2.83,None,1.0115671157836914,136.119,True,None,sfc_cache_p4_10,0,None,12.33,0.0,66.0,8,40,0,0,0,False,71.61290322580646,9.4915,5.70025,14.85,0.3267,0.8831,0.2055,0.2343,2764.835366049123,200.0,2964.835366049123
0,1762653901.1736972,173.3,49,0.2628,0.5746,0.4386,0.449,41.0018,57.4564,44.9047,0.0,0.0,0.0,10.07,5.21,4.86,None,1.0115671157836914,172.924,True,None,sfc_unique_p4_10,0,None,12.33,0.0,66.0,8,40,0,0,0,False,71.7948717948718,9.4915,5.70025,14.85,0.3267,0.8831,0.2055,0.2343,2764.835366049123,200.0,2964.835366049123
0,1762653901.678529,173.8,50,0.2692,0.6015,0.4652,0.474,42.7297,60.1451,47.3995,0.0,0.0,0.0,8.62,5.05,3.57,None,1.3537211418151855,182.144,True,None,sfc_cache_p5_10,0,None,12.33,4.33,66.0,10,42,0,0,0,False,71.97452229299363,9.42047619047619,5.682857142857143,14.928571428571429,0.324,0.8956,0.2083,0.2333,2796.982717852249,210.0,3006.982717852249
0,1762653901.679396,173.8,50,0.2692,0.6015,0.4652,0.474,42.7297,60.1451,47.3995,0.0,0.0,0.0,9.17,5.02,4.15,None,1.3537211418151855,285.502,True,None,sfc_unique_p5_10,0,None,12.33,4.33,66.0,10,42,0,0,0,False,72.15189873417721,9.42047619047619,5.682857142857143,14.928571428571429,0.324,0.8956,0.2083,0.2333,2796.982717852249,210.0,3006.982717852249
0,1762653901.902714,174.0,51,0.284,0.6015,0.4856,0.474,45.6456,60.1451,47.3995,0.0,0.0,0.0,11.66,7.88,3.78,None,1.8589565753936768,90.62,True,None,sfc_cache_p6_10,0,None,16.33,4.33,99.0,12,44,0,0,0,False,72.32704402515722,9.605909090909092,5.424545454545455,14.25,0.3173,0.8956,0.2038,0.2316,2817.2319114755273,220.0,3037.2319114755273
0,1762653901.9032147,174.0,51,0.284,0.6015,0.4856,0.474,45.6456,60.1451,47.3995,0.0,0.0,0.0,13.28,8.36,4.92,None,1.8589565753936768,108.992,True,None,sfc_unique_p6_10,0,None,16.33,4.33,99.0,12,44,0,0,0,False,72.5,9.605909090909092,5.424545454545455,14.25,0.3173,0.8956,0.2038,0.2316,2817.2319114755273,220.0,3037.2319114755273
0,1762653917.0950208,189.2,51,0.2674,0.541,0.4435,0.4241,41.5407,54.0999,42.41,0.0,0.0,0.0,7.43,3.64,3.79,None,0.00016498565673828125,104.007,True,None,sfc_cache_p1_11,0,None,16.33,4.33,99.0,12,40,0,0,0,False,72.67080745341616,9.616249999999999,5.36725,14.025,0.3242,0.797,0.2109,0.2261,2729.0835512994536,200.0,2929.0835512994536
0,1762653917.0955005,189.2,51,0.2674,0.541,0.4435,0.4241,41.5407,54.0999,42.41,0.0,0.0,0.0,9.24,4.51,4.72,None,0.00016498565673828125,115.751,True,None,sfc_unique_p1_11,0,None,16.33,4.33,99.0,12,40,0,0,0,False,72.8395061728395,9.616249999999999,5.36725,14.025,0.3242,0.797,0.2109,0.2261,2729.0835512994536,200.0,2929.0835512994536
0,1762653917.331178,189.4,52,0.2763,0.5738,0.4673,0.449,43.4846,57.3758,44.9047,0.0,0.0,0.0,8.42,4.33,4.09,None,0.24890398979187012,104.858,True,None,sfc_cache_p2_11,0,None,16.33,4.33,99.0,12,42,0,0,0,False,73.00613496932516,9.586904761904762,5.421190476190477,14.142857142857142,0.3229,0.8141,0.2281,0.226,2773.66195988546,210.0,2983.66195988546
0,1762653917.3317153,189.4,52,0.2763,0.5738,0.4673,0.449,43.4846,57.3758,44.9047,0.0,0.0,0.0,14.2,9.27,4.93,None,0.24890398979187012,107.774,True,None,sfc_unique_p2_11,0,None,16.33,4.33,99.0,12,42,0,0,0,False,73.17073170731707,9.586904761904762,5.421190476190477,14.142857142857142,0.3229,0.8141,0.2281,0.226,2773.66195988546,210.0,2983.66195988546
0,1762653917.5499938,189.6,53,0.2904,0.5864,0.4877,0.474,46.2925,58.6357,47.3995,0.0,0.0,0.0,12.36,8.23,4.14,None,0.48508429527282715,87.841,True,None,sfc_cache_p3_11,0,None,16.33,4.33,99.0,13,44,0,0,0,False,73.33333333333333,9.742045454545455,5.288409090909091,14.25,0.3024,0.8666,0.2228,0.2303,2791.7252322746763,220.0,3011.7252322746763
0,1762653917.5505133,189.6,53,0.2904,0.5864,0.4877,0.474,46.2925,58.6357,47.3995,0.0,0.0,0.0,13.55,9.01,4.54,None,0.48508429527282715,104.268,True,None,sfc_unique_p3_11,0,None,16.33,4.33,99.0,13,44,0,0,0,False,73.49397590361446,9.742045454545455,5.288409090909091,14.25,0.3024,0.8666,0.2228,0.2303,2791.7252322746763,220.0,3011.7252322746763
0,1762653917.840126,189.9,54,0.2924,0.6435,0.5179,0.4989,47.1921,64.3484,49.8942,0.0,0.0,0.0,11.65,6.86,4.8,None,0.7038619518280029,87.907,True,None,sfc_cache_p4_11,0,None,16.33,4.33,99.0,13,46,0,0,0,False,73.65269461077844,9.499565217391305,5.551304347826087,14.347826086956522,0.2912,0.924,0.2193,0.2316,2820.618377610902,230.0,3050.618377610902
0,1762653917.8409407,189.9,54,0.2924,0.6435,0.5179,0.4989,47.1921,64.3484,49.8942,0.0,0.0,0.0,14.27,9.18,5.09,None,0.7038619518280029,125.721,True,None,sfc_unique_p4_11,0,None,16.33,4.33,99.0,13,46,0,0,0,False,73.80952380952381,9.499565217391305,5.551304347826087,14.347826086956522,0.2912,0.924,0.2193,0.2316,2820.618377610902,230.0,3050.618377610902
0,1762653918.0686889,190.2,55,0.2942,0.6805,0.5377,0.5239,48.4881,68.0451,52.3889,0.0,0.0,0.0,7.64,4.07,3.57,None,0.9944338798522949,101.999,True,None,sfc_cache_p5_11,0,None,20.66,4.33,99.0,15,48,0,0,0,False,73.96449704142012,9.35375,5.625624999999999,14.4375,0.2798,0.9256,0.2346,0.2327,2835.0291901786154,240.0,3075.0291901786154
0,1762653918.0691905,190.2,55,0.2942,0.6805,0.5377,0.5239,48.4881,68.0451,52.3889,0.0,0.0,0.0,13.48,9.9,3.59,None,0.9944338798522949,102.446,True,None,sfc_unique_p5_11,0,None,20.66,4.33,99.0,15,48,0,0,0,False,74.11764705882354,9.35375,5.625624999999999,14.4375,0.2798,0.9256,0.2346,0.2327,2835.0291901786154,240.0,3075.0291901786154
0,1762653918.299325,190.4,56,0.2998,0.7182,0.56,0.5488,50.216,71.8249,54.8836,0.0,0.0,0.0,7.31,3.09,4.22,None,1.2224867343902588,95.05,True,None,sfc_cache_p6_11,0,None,20.66,4.33,99.0,17,50,0,0,0,False,74.26900584795322,9.2996,5.7006,14.52,0.2761,0.9336,0.232,0.2317,2865.6811790348297,250.0,3115.6811790348297
0,1762653918.2998395,190.4,56,0.2998,0.7182,0.56,0.5488,50.216,71.8249,54.8836,0.0,0.0,0.0,13.58,8.45,5.13,None,1.2224867343902588,107.363,True,None,sfc_unique_p6_11,0,None,20.66,4.33,99.0,17,50,0,0,0,False,74.4186046511628,9.2996,5.7006,14.52,0.2761,0.9336,0.232,0.2317,2865.6811790348297,250.0,3115.6811790348297
0,1762653921.0586896,193.1,56,0.2676,0.6317,0.4895,0.474,44.8151,63.1741,47.3995,0.0,0.0,0.0,8.41,5.25,3.16,None,2.5033950805664062e-05,92.759,True,None,sfc_cache_p5_10,0,None,16.33,0.0,99.0,13,44,0,0,0,False,74.56647398843931,9.431136363636364,5.697727272727272,14.25,0.2792,0.9311,0.1948,0.2288,2798.7309013500326,250.0,3048.7309013500326
0,1762653921.0592017,193.1,56,0.2676,0.6317,0.4895,0.474,44.8151,63.1741,47.3995,0.0,0.0,0.0,11.77,7.63,4.14,None,2.5033950805664062e-05,106.718,True,None,sfc_unique_p5_10,0,None,16.33,0.0,99.0,13,44,0,0,0,False,74.71264367816092,9.431136363636364,5.697727272727272,14.25,0.2792,0.9311,0.1948,0.2288,2798.7309013500326,250.0,3048.7309013500326
0,1762653921.2857528,193.4,56,0.2843,0.6443,0.5044,0.4989,47.623,64.434,49.8942,0.0,0.0,0.0,10.35,7.01,3.33,None,0.21638894081115723,90.987,True,None,sfc_cache_p2_10,0,None,16.33,0.0,99.0,15,46,0,0,0,False,74.85714285714286,9.586304347826088,5.558695652173912,14.347826086956522,0.2855,0.934,0.1974,0.2292,2829.173486089237,250.0,3079.173486089237
0,1762653921.2864573,193.4,56,0.2843,0.6443,0.5044,0.4989,47.623,64.434,49.8942,0.0,0.0,0.0,7.49,3.41,4.08,None,0.21638894081115723,119.405,True,None,sfc_unique_p2_10,0,None,16.33,0.0,99.0,15,46,0,0,0,False,75.0,9.586304347826088,5.558695652173912,14.347826086956522,0.2855,0.934,0.1974,0.2292,2829.173486089237,250.0,3079.173486089237
0,1762653921.6002626,193.7,56,0.2973,0.667,0.5329,0.5239,49.9989,66.7019,52.3889,0.0,0.0,0.0,7.54,3.81,3.73,None,0.4444265365600586,120.034,True,None,sfc_cache_p1_10,0,None,16.33,0.0,99.0,15,48,0,0,0,False,75.14124293785311,9.645208333333334,5.514583333333333,14.4375,0.2848,0.9433,0.2165,0.2313,2859.386969868602,250.0,3109.386969868602
0,1762653921.6007643,193.7,56,0.2973,0.667,0.5329,0.5239,49.9989,66.7019,52.3889,0.0,0.0,0.0,15.28,9.72,5.56,None,0.4444265365600586,94.72,True,None,sfc_unique_p1_10,0,None,16.33,0.0,99.0,15,48,0,0,0,False,75.28089887640449,9.645208333333334,5.514583333333333,14.4375,0.2848,0.9433,0.2165,0.2313,2859.386969868602,250.0,3109.386969868602
0,1762653921.7924855,193.9,56,0.3071,0.7115,0.5533,0.5488,51.4385,71.1546,54.8836,0.0,0.0,0.0,11.64,6.6,5.04,None,0.7593162059783936,63.369,True,None,sfc_cache_p4_8,0,None,16.33,0.0,99.0,16,50,0,0,0,False,75.41899441340783,9.526,5.6474,14.52,0.286,0.96,0.2275,0.2305,2904.877284061452,250.0,3154.877284061452
0,1762653921.7938595,193.9,56,0.3071,0.7115,0.5533,0.5488,51.4385,71.1546,54.8836,0.0,0.0,0.0,8.3,3.53,4.77,None,0.7593162059783936,107.435,True,None,sfc_unique_p4_8,0,None,16.33,0.0,99.0,16,50,0,0,0,False,75.55555555555556,9.526,5.6474,14.52,0.286,0.96,0.2275,0.2305,2904.877284061452,250.0,3154.877284061452
0,1762653926.0289297,198.1,56,0.3012,0.6855,0.5349,0.5488,49.6393,68.549,54.8836,0.0,0.0,0.0,30.71,0,30.71,None,4.100799560546875e-05,45.445,False,None,sfc_cache_p3_10,0,None,12.33,0.0,66.0,14,48,0,0,0,False,75.13812154696133,9.575833333333334,5.667291666666666,15.125,0.2847,0.877,0.2323,0.2285,2871.9866992712155,240.0,3111.9866992712155
0,1762653926.0294724,198.1,56,0.3012,0.6855,0.5349,0.5488,49.6393,68.549,54.8836,0.0,0.0,0.0,8.08,4.48,3.59,None,4.100799560546875e-05,104.276,False,None,sfc_unique_p3_10,0,None,12.33,0.0,66.0,14,48,0,0,0,False,74.72527472527473,9.575833333333334,5.667291666666666,15.125,0.2847,0.877,0.2323,0.2285,2871.9866992712155,240.0,3111.9866992712155
0,1762653931.1344345,203.2,56,0.2879,0.6259,0.4845,0.4989,45.4987,62.5869,49.8942,0.0,0.0,0.0,9.5,5.3,4.2,None,3.981590270996094e-05,153.662,True,None,sfc_cache_p1_9,0,None,12.33,0.0,66.0,14,44,0,0,0,False,74.86338797814209,9.575000000000001,5.644772727272727,15.0,0.3081,0.8533,0.2384,0.2259,2817.7591648338216,220.0,3037.7591648338216
0,1762653931.135251,203.2,56,0.2879,0.6259,0.4845,0.4989,45.4987,62.5869,49.8942,0.0,0.0,0.0,7.48,3.4,4.08,None,3.981590270996094e-05,104.075,True,None,sfc_unique_p1_9,0,None,12.33,0.0,66.0,14,44,0,0,0,False,75.0,9.575000000000001,5.644772727272727,15.0,0.3081,0.8533,0.2384,0.2259,2817.7591648338216,220.0,3037.7591648338216
0,1762653936.1523902,208.2,56,0.273,0.5502,0.4418,0.449,42.0439,55.0247,44.9047,0.0,0.0,0.0,7.73,4.85,2.88,None,4.1484832763671875e-05,157.14,True,None,sfc_cache_p6_10,0,None,12.33,0.0,66.0,13,40,0,0,0,False,75.13513513513513,9.73275,5.4590000000000005,14.85,0.3418,0.8498,0.2484,0.2296,2761.8796863073985,200.0,2961.8796863073985
0,1762653936.152898,208.2,56,0.273,0.5502,0.4418,0.449,42.0439,55.0247,44.9047,0.0,0.0,0.0,12.53,7.63,4.89,None,4.1484832763671875e-05,114.977,True,None,sfc_unique_p6_10,0,None,12.33,0.0,66.0,13,40,0,0,0,False,75.26881720430107,9.73275,5.4590000000000005,14.85,0.3418,0.8498,0.2484,0.2296,2761.8796863073985,200.0,2961.8796863073985
0,1762653938.11885,210.2,56,0.2874,0.5586,0.4683,0.474,45.0322,55.8638,47.3995,0.0,0.0,0.0,11.78,6.47,5.31,None,0.0001533031463623047,95.498,True,None,sfc_cache_p1_12,0,None,12.33,0.0,66.0,13,42,0,0,0,False,75.40106951871658,9.928095238095239,5.278333333333333,14.928571428571429,0.3093,0.8494,0.2419,0.2299,2770.3568291645415,210.0,2980.3568291645415
0,1762653938.1193671,210.2,56,0.2874,0.5586,0.4683,0.474,45.0322,55.8638,47.3995,0.0,0.0,0.0,11.63,7.36,4.27,None,0.0001533031463623047,105.078,True,None,sfc_unique_p1_12,0,None,12.33,0.0,66.0,13,42,0,0,0,False,75.53191489361703,9.928095238095239,5.278333333333333,14.928571428571429,0.3093,0.8494,0.2419,0.2299,2770.3568291645415,210.0,2980.3568291645415
0,1762653938.3518178,210.4,57,0.2922,0.6006,0.4882,0.4989,46.5808,60.062,49.8942,0.0,0.0,0.0,6.01,3.32,2.69,None,0.23165678977966309,93.028,True,None,sfc_cache_p2_12,0,None,12.33,0.0,66.0,13,44,0,0,0,False,75.66137566137566,9.802727272727273,5.4170454545454545,15.0,0.3034,0.8581,0.2439,0.2302,2808.456801305077,220.0,3028.456801305077
0,1762653938.3522956,210.4,57,0.2922,0.6006,0.4882,0.4989,46.5808,60.062,49.8942,0.0,0.0,0.0,9.14,4.98,4.16,None,0.23165678977966309,118.18,True,None,sfc_unique_p2_12,0,None,12.33,0.0,66.0,13,44,0,0,0,False,75.78947368421053,9.802727272727273,5.4170454545454545,15.0,0.3034,0.8581,0.2439,0.2302,2808.456801305077,220.0,3028.456801305077
0,1762653938.666327,210.8,58,0.302,0.6233,0.5073,0.5239,48.9568,62.3299,52.3889,0.0,0.0,0.0,7.27,3.72,3.55,None,0.464555025100708,105.628,True,None,sfc_cache_p3_12,0,None,12.33,0.0,66.0,14,46,0,0,0,False,75.91623036649214,9.854782608695652,5.377173913043478,15.065217391304348,0.2982,0.8594,0.2404,0.2308,2830.311927087303,230.0,3060.311927087303
0,1762653938.6671522,210.8,58,0.302,0.6233,0.5073,0.5239,48.9568,62.3299,52.3889,0.0,0.0,0.0,12.85,8.46,4.39,None,0.464555025100708,174.427,True,None,sfc_unique_p3_12,0,None,12.33,0.0,66.0,14,46,0,0,0,False,76.04166666666666,9.854782608695652,5.377173913043478,15.065217391304348,0.2982,0.8594,0.2404,0.2308,2830.311927087303,230.0,3060.311927087303
0,1762653939.048948,211.1,59,0.3041,0.6644,0.535,0.5239,50.1091,66.4449,52.3889,0.0,0.0,0.0,11.78,7.58,4.19,None,0.7797048091888428,121.462,True,None,sfc_cache_p4_12,0,None,16.33,0.0,99.0,15,48,0,0,0,False,76.16580310880829,9.666458333333333,5.493333333333333,14.4375,0.2904,0.8563,0.2354,0.2301,2838.5034362289207,240.0,3078.5034362289207
0,1762653939.0503302,211.1,59,0.3041,0.6644,0.535,0.5239,50.1091,66.4449,52.3889,0.0,0.0,0.0,8.91,5.06,3.85,None,0.7797048091888428,143.207,True,None,sfc_unique_p4_12,0,None,16.33,0.0,99.0,15,48,0,0,0,False,76.28865979381443,9.666458333333333,5.493333333333333,14.4375,0.2904,0.8563,0.2354,0.2301,2838.5034362289207,240.0,3078.5034362289207
0,1762653939.2838194,211.4,60,0.3153,0.6796,0.5552,0.5488,52.809,67.9569,54.8836,0.0,0.0,0.0,7.58,4.8,2.77,None,1.1631624698638916,116.202,True,None,sfc_cache_p5_12,0,None,16.33,0.0,99.0,16,50,0,0,0,False,76.41025641025641,9.7798,5.3936,14.52,0.2918,0.8574,0.232,0.2319,2858.505291720287,250.0,3108.505291720287
0,1762653939.2843397,211.4,60,0.3153,0.6796,0.5552,0.5488,52.809,67.9569,54.8836,0.0,0.0,0.0,14.01,9.51,4.5,None,1.1631624698638916,86.421,True,None,sfc_unique_p5_12,0,None,16.33,0.0,99.0,16,50,0,0,0,False,76.53061224489795,9.7798,5.3936,14.52,0.2918,0.8574,0.232,0.2319,2858.505291720287,250.0,3108.505291720287
0,1762653939.5390651,211.6,61,0.3194,0.7165,0.5773,0.5488,54.1406,71.6536,54.8836,0.0,0.0,0.0,6.98,2.84,4.14,None,1.396540880203247,136.13,True,None,sfc_cache_p6_12,0,None,20.33,0.0,132.0,17,52,0,0,0,False,76.6497461928934,9.64076923076923,5.4682692307692315,13.961538461538462,0.2819,0.8796,0.2273,0.2309,2890.1954325653574,260.0,3150.1954325653574
0,1762653939.5395904,211.6,61,0.3194,0.7165,0.5773,0.5488,54.1406,71.6536,54.8836,0.0,0.0,0.0,9.87,6.18,3.69,None,1.396540880203247,80.572,True,None,sfc_unique_p6_12,0,None,20.33,0.0,132.0,17,52,0,0,0,False,76.76767676767676,9.64076923076923,5.4682692307692315,13.961538461538462,0.2819,0.8796,0.2273,0.2309,2890.1954325653574,260.0,3150.1954325653574
0,1762653946.1796572,218.3,61,0.3088,0.7535,0.5868,0.5488,52.5573,75.3477,54.8836,0.0,0.0,0.0,10.35,5.27,5.08,None,4.4345855712890625e-05,137.712,True,None,sfc_cache_p5_10,0,None,20.33,0.0,132.0,16,52,0,0,0,False,76.88442211055276,9.358846153846155,5.750192307692307,13.961538461538462,0.2812,0.8619,0.2273,0.2301,2890.881974644463,260.0,3150.881974644463
0,1762653946.1805007,218.3,61,0.3088,0.7535,0.5868,0.5488,52.5573,75.3477,54.8836,0.0,0.0,0.0,9.76,5.56,4.2,None,4.4345855712890625e-05,141.319,True,None,sfc_unique_p5_10,0,None,20.33,0.0,132.0,16,52,0,0,0,False,77.0,9.358846153846155,5.750192307692307,13.961538461538462,0.2812,0.8619,0.2273,0.2301,2890.881974644463,260.0,3150.881974644463
0,1762653952.2886238,224.4,61,0.3206,0.7644,0.618,0.5738,55.4376,76.4389,57.3783,0.0,0.0,0.0,8.52,4.62,3.9,None,0.00016689300537109375,130.537,True,None,sfc_cache_p1_13,0,None,20.33,0.0,132.0,16,54,0,0,0,False,77.11442786069652,9.506111111111112,5.6174074074074065,14.055555555555555,0.2777,0.862,0.2252,0.2295,2904.4279585404975,270.0,3174.4279585404975
0,1762653952.289463,224.4,61,0.3206,0.7644,0.618,0.5738,55.4376,76.4389,57.3783,0.0,0.0,0.0,14.38,9.5,4.88,None,0.00016689300537109375,135.13,True,None,sfc_unique_p1_13,0,None,20.33,0.0,132.0,16,54,0,0,0,False,77.22772277227723,9.506111111111112,5.6174074074074065,14.055555555555555,0.2777,0.862,0.2252,0.2295,2904.4279585404975,270.0,3174.4279585404975
0,1762653952.5958915,224.7,62,0.3206,0.7644,0.618,0.5738,55.4376,76.4389,57.3783,0.0,0.0,0.0,30.56,0,30.56,None,0.3862786293029785,100.971,False,None,sfc_cache_p2_13,0,None,20.33,0.0,132.0,16,54,0,0,0,False,76.84729064039408,9.506111111111112,5.6174074074074065,14.055555555555555,0.2777,0.862,0.2252,0.2295,2904.4279585404975,270.0,3174.4279585404975
0,1762653952.5967479,224.7,62,0.3206,0.7644,0.618,0.5738,55.4376,76.4389,57.3783,0.0,0.0,0.0,11.87,7.76,4.1,None,0.3862786293029785,160.858,False,None,sfc_unique_p2_13,0,None,20.33,0.0,132.0,16,54,0,0,0,False,76.47058823529412,9.506111111111112,5.6174074074074065,14.055555555555555,0.2777,0.862,0.2252,0.2295,2904.4279585404975,270.0,3174.4279585404975
0,1762653952.8332534,224.9,63,0.3206,0.7644,0.618,0.5738,55.4376,76.4389,57.3783,0.0,0.0,0.0,10.49,5.75,4.74,None,0.6935470104217529,127.633,False,None,sfc_cache_p3_13,0,None,20.33,0.0,132.0,16,54,0,0,0,False,76.09756097560975,9.506111111111112,5.6174074074074065,14.055555555555555,0.2777,0.862,0.2252,0.2295,2904.4279585404975,270.0,3174.4279585404975
0,1762653952.8346713,224.9,63,0.3206,0.7644,0.618,0.5738,55.4376,76.4389,57.3783,0.0,0.0,0.0,None,None,None,None,0.6935470104217529,58.91,False,None,sfc_unique_p3_13,0,None,20.33,0.0,132.0,16,54,0,0,0,False,75.72815533980582,9.506111111111112,5.6174074074074065,14.055555555555555,0.2777,0.862,0.2252,0.2295,2904.4279585404975,270.0,3174.4279585404975
0,1762653953.0579813,225.1,64,0.3206,0.7644,0.618,0.5738,55.4376,76.4389,57.3783,0.0,0.0,0.0,30.05,0,30.05,None,0.9319531917572021,85.13,False,None,sfc_cache_p4_13,0,None,20.33,0.0,132.0,16,54,0,0,0,False,75.36231884057972,9.506111111111112,5.6174074074074065,14.055555555555555,0.2777,0.862,0.2252,0.2295,2904.4279585404975,270.0,3174.4279585404975
0,1762653953.0585122,225.1,64,0.3206,0.7644,0.618,0.5738,55.4376,76.4389,57.3783,0.0,0.0,0.0,10.8,6.65,4.14,None,0.9319531917572021,100.3,False,None,sfc_unique_p4_13,0,None,20.33,0.0,132.0,16,54,0,0,0,False,75.0,9.506111111111112,5.6174074074074065,14.055555555555555,0.2777,0.862,0.2252,0.2295,2904.4279585404975,270.0,3174.4279585404975
0,1762653953.277701,225.4,65,0.3206,0.7644,0.618,0.5738,55.4376,76.4389,57.3783,0.0,0.0,0.0,30.02,0,30.02,None,1.1549839973449707,38.464,False,None,sfc_cache_p5_13,0,None,20.33,0.0,132.0,16,54,0,0,0,False,74.64114832535886,9.506111111111112,5.6174074074074065,14.055555555555555,0.2777,0.862,0.2252,0.2295,2904.4279585404975,270.0,3174.4279585404975
0,1762653953.2782063,225.4,65,0.3206,0.7644,0.618,0.5738,55.4376,76.4389,57.3783,0.0,0.0,0.0,10.24,5.4,4.85,None,1.1549839973449707,93.214,False,None,sfc_unique_p5_13,0,None,20.33,0.0,132.0,16,54,0,0,0,False,74.28571428571429,9.506111111111112,5.6174074074074065,14.055555555555555,0.2777,0.862,0.2252,0.2295,2904.4279585404975,270.0,3174.4279585404975
0,1762653953.4428954,225.5,66,0.3206,0.7644,0.618,0.5738,55.4376,76.4389,57.3783,0.0,0.0,0.0,30.56,0,30.56,None,1.374638319015503,35.667,False,None,sfc_cache_p6_13,0,None,20.33,0.0,132.0,16,54,0,0,0,False,73.93364928909952,9.506111111111112,5.6174074074074065,14.055555555555555,0.2777,0.862,0.2252,0.2295,2904.4279585404975,270.0,3174.4279585404975
0,1762653953.4434066,225.5,66,0.3206,0.7644,0.618,0.5738,55.4376,76.4389,57.3783,0.0,0.0,0.0,13.99,9.46,4.54,None,1.374638319015503,96.215,False,None,sfc_unique_p6_13,0,None,20.33,0.0,132.0,16,54,0,0,0,False,73.58490566037736,9.506111111111112,5.6174074074074065,14.055555555555555,0.2777,0.862,0.2252,0.2295,2904.4279585404975,270.0,3174.4279585404975
0,1762653956.1955853,228.3,66,0.3219,0.7543,0.6212,0.5738,55.8696,75.4309,57.3783,0.0,0.0,0.0,11.67,5.84,5.84,None,4.315376281738281e-05,117.833,True,None,sfc_cache_p4_8,0,None,20.33,0.0,132.0,16,54,0,0,0,False,73.70892018779342,9.580185185185186,5.543333333333333,14.055555555555555,0.2777,0.8498,0.2252,0.23,2896.7313945411165,270.0,3166.7313945411165
0,1762653956.196482,228.3,66,0.3219,0.7543,0.6212,0.5738,55.8696,75.4309,57.3783,0.0,0.0,0.0,9.75,3.88,5.87,None,4.315376281738281e-05,168.346,True,None,sfc_unique_p4_8,0,None,20.33,0.0,132.0,16,54,0,0,0,False,73.83177570093457,9.580185185185186,5.543333333333333,14.055555555555555,0.2777,0.8498,0.2252,0.23,2896.7313945411165,270.0,3166.7313945411165
0,1762653966.083777,238.2,66,0.3024,0.7551,0.6037,0.5488,52.4861,75.5141,54.8836,0.0,0.0,0.0,7.6,4.12,3.48,None,2.574920654296875e-05,80.199,True,None,sfc_cache_p2_9,0,None,20.33,0.0,132.0,15,52,0,0,0,False,73.95348837209302,9.346153846153847,5.762884615384616,13.961538461538462,0.2737,0.8416,0.2234,0.2286,2870.2734159000397,270.0,3140.2734159000397
0,1762653966.0842953,238.2,66,0.3024,0.7551,0.6037,0.5488,52.4861,75.5141,54.8836,0.0,0.0,0.0,9.78,4.28,5.49,None,2.574920654296875e-05,101.291,True,None,sfc_unique_p2_9,0,None,20.33,0.0,132.0,15,52,0,0,0,False,74.07407407407408,9.346153846153847,5.762884615384616,13.961538461538462,0.2737,0.8416,0.2234,0.2286,2870.2734159000397,270.0,3140.2734159000397
0,1762653966.3816566,238.5,66,0.3072,0.7551,0.6037,0.5488,52.4861,75.5141,54.8836,0.0,0.0,0.0,10.42,6.22,4.2,None,0.20154571533203125,88.458,False,None,sfc_cache_p4_8,0,None,20.33,0.0,132.0,15,52,0,0,0,False,73.73271889400922,9.346153846153847,5.762884615384616,13.961538461538462,0.2809,0.8416,0.2278,0.2286,2870.2734159000397,260.0,3130.2734159000397
0,1762653966.3823402,238.5,66,0.3072,0.7551,0.6037,0.5488,52.4861,75.5141,54.8836,0.0,0.0,0.0,None,None,None,None,0.20154571533203125,119.39,False,None,sfc_unique_p4_8,0,None,20.33,0.0,132.0,15,52,0,0,0,False,73.39449541284404,9.346153846153847,5.762884615384616,13.961538461538462,0.2809,0.8416,0.2278,0.2286,2870.2734159000397,260.0,3130.2734159000397
0,1762653975.2574127,247.3,66,0.3088,0.7484,0.5999,0.5488,52.7733,74.8438,54.8836,0.0,0.0,0.0,7.61,5.21,2.4,None,0.0001728534698486328,125.959,True,None,sfc_cache_p1_14,0,None,20.33,0.0,132.0,15,52,0,0,0,False,73.51598173515981,9.397307692307693,5.711730769230769,13.961538461538462,0.2816,0.8446,0.2278,0.2266,2867.0707444869454,260.0,3127.0707444869454
0,1762653975.258729,247.3,66,0.3088,0.7484,0.5999,0.5488,52.7733,74.8438,54.8836,0.0,0.0,0.0,10.02,6.28,3.74,None,0.0001728534698486328,176.749,True,None,sfc_unique_p1_14,0,None,20.33,0.0,132.0,15,52,0,0,0,False,73.63636363636363,9.397307692307693,5.711730769230769,13.961538461538462,0.2816,0.8446,0.2278,0.2266,2867.0707444869454,260.0,3127.0707444869454
0,1762653975.4394908,247.5,67,0.3088,0.7484,0.5999,0.5488,52.7733,74.8438,54.8836,0.0,0.0,0.0,None,None,None,None,0.3402743339538574,55.551,False,None,sfc_cache_p2_14,0,None,20.33,0.0,132.0,15,52,0,0,0,False,73.30316742081448,9.397307692307693,5.711730769230769,13.961538461538462,0.2816,0.8446,0.2278,0.2266,2867.0707444869454,260.0,3127.0707444869454
0,1762653975.4403718,247.5,67,0.3088,0.7484,0.5999,0.5488,52.7733,74.8438,54.8836,0.0,0.0,0.0,None,None,None,None,0.3402743339538574,73.329,False,None,sfc_unique_p2_14,0,None,20.33,0.0,132.0,15,52,0,0,0,False,72.97297297297297,9.397307692307693,5.711730769230769,13.961538461538462,0.2816,0.8446,0.2278,0.2266,2867.0707444869454,260.0,3127.0707444869454
0,1762653975.7096422,247.8,68,0.3088,0.7484,0.5999,0.5488,52.7733,74.8438,54.8836,0.0,0.0,0.0,10.03,5.67,4.36,None,0.5213887691497803,151.385,False,None,sfc_cache_p3_14,0,None,20.33,0.0,132.0,15,52,0,0,0,False,72.6457399103139,9.397307692307693,5.711730769230769,13.961538461538462,0.2816,0.8446,0.2278,0.2266,2867.0707444869454,260.0,3127.0707444869454
0,1762653975.710548,247.8,68,0.3088,0.7484,0.5999,0.5488,52.7733,74.8438,54.8836,0.0,0.0,0.0,None,None,None,None,0.5213887691497803,74.664,False,None,sfc_unique_p3_14,0,None,20.33,0.0,132.0,15,52,0,0,0,False,72.32142857142857,9.397307692307693,5.711730769230769,13.961538461538462,0.2816,0.8446,0.2278,0.2266,2867.0707444869454,260.0,3127.0707444869454
0,1762653976.0760005,248.2,69,0.3088,0.7484,0.5999,0.5488,52.7733,74.8438,54.8836,0.0,0.0,0.0,9.64,6.27,3.37,None,0.7915747165679932,250.715,False,None,sfc_cache_p4_14,0,None,20.33,0.0,132.0,15,52,0,0,0,False,72.0,9.397307692307693,5.711730769230769,13.961538461538462,0.2816,0.8446,0.2278,0.2266,2867.0707444869454,260.0,3127.0707444869454
0,1762653976.0768578,248.2,69,0.3088,0.7484,0.5999,0.5488,52.7733,74.8438,54.8836,0.0,0.0,0.0,None,None,None,None,0.7915747165679932,71.567,False,None,sfc_unique_p4_14,0,None,20.33,0.0,132.0,15,52,0,0,0,False,71.68141592920354,9.397307692307693,5.711730769230769,13.961538461538462,0.2816,0.8446,0.2278,0.2266,2867.0707444869454,260.0,3127.0707444869454
0,1762653976.30289,248.4,69,0.3049,0.7148,0.5807,0.5239,50.865,71.4847,52.3889,0.0,0.0,0.0,9.35,5.69,3.66,None,4.839897155761719e-05,81.795,True,None,sfc_cache_p5_10,0,None,20.33,0.0,132.0,15,50,0,0,0,False,71.80616740088107,9.4198,5.6736,13.86,0.2889,0.8492,0.2306,0.2294,2867.2736338605637,250.0,3117.2736338605637
0,1762653976.3040953,248.4,69,0.3049,0.7148,0.5807,0.5239,50.865,71.4847,52.3889,0.0,0.0,0.0,13.28,7.04,6.23,None,4.839897155761719e-05,117.682,True,None,sfc_unique_p5_10,0,None,20.33,0.0,132.0,15,50,0,0,0,False,71.9298245614035,9.4198,5.6736,13.86,0.2889,0.8492,0.2306,0.2294,2867.2736338605637,250.0,3117.2736338605637
0,1762653976.671507,248.8,70,0.3049,0.7148,0.5807,0.5239,50.865,71.4847,52.3889,0.0,0.0,0.0,7.06,3.3,3.76,None,1.3859868049621582,180.67,False,None,sfc_cache_p5_14,0,None,20.33,0.0,132.0,15,50,0,0,0,False,71.61572052401746,9.4198,5.6736,13.86,0.2889,0.8492,0.2306,0.2294,2867.2736338605637,250.0,3117.2736338605637
0,1762653976.6720335,248.8,70,0.3049,0.7148,0.5807,0.5239,50.865,71.4847,52.3889,0.0,0.0,0.0,31.09,0,31.09,None,1.3859868049621582,135.936,False,None,sfc_unique_p5_14,0,None,20.33,0.0,132.0,15,50,0,0,0,False,71.30434782608695,9.4198,5.6736,13.86,0.2889,0.8492,0.2306,0.2294,2867.2736338605637,250.0,3117.2736338605637
0,1762653976.888249,249.0,71,0.3049,0.7148,0.5807,0.5239,50.865,71.4847,52.3889,0.0,0.0,0.0,11.24,7.49,3.76,None,1.7526357173919678,89.036,False,None,sfc_cache_p6_14,0,None,20.33,0.0,132.0,15,50,0,0,0,False,70.995670995671,9.4198,5.6736,13.86,0.2889,0.8492,0.2306,0.2294,2867.2736338605637,250.0,3117.2736338605637
0,1762653976.8887415,249.0,71,0.3049,0.7148,0.5807,0.5239,50.865,71.4847,52.3889,0.0,0.0,0.0,32.53,0,32.53,None,1.7526357173919678,99.663,False,None,sfc_unique_p6_14,0,None,20.33,0.0,132.0,15,50,0,0,0,False,70.6896551724138,9.4198,5.6736,13.86,0.2889,0.8492,0.2306,0.2294,2867.2736338605637,250.0,3117.2736338605637
0,1762653991.617434,263.7,71,0.2609,0.5855,0.4692,0.449,40.5352,58.545,44.9047,0.0,0.0,0.0,9.79,4.7,5.09,None,4.458427429199219e-05,177.43,True,None,sfc_cache_p3_12,0,None,12.33,0.0,66.0,9,40,0,0,0,False,70.81545064377683,9.3835,5.80825,14.85,0.3154,0.8156,0.2428,0.2302,2764.977615998007,210.0,2974.977615998007
0,1762653991.618291,263.7,71,0.2609,0.5855,0.4692,0.449,40.5352,58.545,44.9047,0.0,0.0,0.0,10.56,4.08,6.47,None,4.458427429199219e-05,210.695,True,None,sfc_unique_p3_12,0,None,12.33,0.0,66.0,9,40,0,0,0,False,70.94017094017094,9.3835,5.80825,14.85,0.3154,0.8156,0.2428,0.2302,2764.977615998007,210.0,2974.977615998007
0,1762653991.9512324,264.0,71,0.2813,0.5897,0.4917,0.474,43.7028,58.9658,47.3995,0.0,0.0,0.0,9.22,5.33,3.89,None,0.5262773036956787,153.031,True,None,sfc_cache_p2_10,0,None,12.33,0.0,66.0,9,42,0,0,0,False,71.06382978723404,9.635,5.571428571428571,14.928571428571429,0.3188,0.8172,0.2437,0.23,2789.37349589276,210.0,2999.37349589276
0,1762653991.9520624,264.0,71,0.2813,0.5897,0.4917,0.474,43.7028,58.9658,47.3995,0.0,0.0,0.0,11.76,6.4,5.36,None,0.5262773036956787,150.667,True,None,sfc_unique_p2_10,0,None,12.33,0.0,66.0,9,42,0,0,0,False,71.1864406779661,9.635,5.571428571428571,14.928571428571429,0.3188,0.8172,0.2437,0.23,2789.37349589276,210.0,2999.37349589276
0,1762653994.274158,266.4,71,0.2886,0.6232,0.5155,0.4989,45.611,62.3249,49.8942,0.0,0.0,0.0,9.41,5.58,3.83,None,0.00011730194091796875,128.458,True,None,sfc_cache_p1_15,0,None,12.33,0.0,66.0,9,44,0,0,0,False,71.30801687763713,9.598636363636363,5.621136363636364,15.0,0.3133,0.809,0.2456,0.2303,2805.392260789835,220.0,3025.392260789835
0,1762653994.2752109,266.4,71,0.2886,0.6232,0.5155,0.4989,45.611,62.3249,49.8942,0.0,0.0,0.0,12.01,7.07,4.94,None,0.00011730194091796875,166.575,True,None,sfc_unique_p1_15,0,None,12.33,0.0,66.0,9,44,0,0,0,False,71.42857142857143,9.598636363636363,5.621136363636364,15.0,0.3133,0.809,0.2456,0.2303,2805.392260789835,220.0,3025.392260789835
0,1762653994.621535,266.7,72,0.2904,0.672,0.5471,0.5239,46.8703,67.1984,52.3889,0.0,0.0,0.0,10.42,6.07,4.35,None,0.3303084373474121,126.979,True,None,sfc_cache_p2_15,0,None,12.33,0.0,66.0,10,46,0,0,0,False,71.54811715481172,9.434782608695652,5.797173913043479,15.065217391304348,0.3072,0.82,0.2404,0.2281,2830.4497426474413,230.0,3060.4497426474413
0,1762653994.622425,266.7,72,0.2904,0.672,0.5471,0.5239,46.8703,67.1984,52.3889,0.0,0.0,0.0,10.42,6.11,4.3,None,0.3303084373474121,185.983,True,None,sfc_unique_p2_15,0,None,12.33,0.0,66.0,10,46,0,0,0,False,71.66666666666667,9.434782608695652,5.797173913043479,15.065217391304348,0.3072,0.82,0.2404,0.2281,2830.4497426474413,230.0,3060.4497426474413
0,1762653995.0066948,267.1,73,0.2895,0.7249,0.5749,0.5239,47.5183,72.4902,52.3889,0.0,0.0,0.0,8.9,4.45,4.45,None,0.6775028705596924,248.256,True,None,sfc_cache_p3_15,0,None,16.33,0.0,99.0,11,48,0,0,0,False,71.78423236514523,9.166666666666666,5.993125,14.4375,0.2987,0.8485,0.2354,0.2258,2871.334398273506,240.0,3111.334398273506
0,1762653995.0072107,267.1,73,0.2895,0.7249,0.5749,0.5239,47.5183,72.4902,52.3889,0.0,0.0,0.0,10.28,5.13,5.14,None,0.6775028705596924,105.363,True,None,sfc_unique_p3_15,0,None,16.33,0.0,99.0,11,48,0,0,0,False,71.900826446281,9.166666666666666,5.993125,14.4375,0.2987,0.8485,0.2354,0.2258,2871.334398273506,240.0,3111.334398273506
0,1762653995.316265,267.4,74,0.2959,0.7551,0.6021,0.5488,49.5702,75.5141,54.8836,0.0,0.0,0.0,13.37,9.07,4.3,None,1.0619113445281982,102.732,True,None,sfc_cache_p4_15,0,None,16.33,0.0,99.0,12,50,0,0,0,False,72.0164609053498,9.18,5.9934,14.52,0.2934,0.8633,0.232,0.2254,2911.6834434002653,250.0,3161.6834434002653
0,1762653995.3176646,267.4,74,0.2959,0.7551,0.6021,0.5488,49.5702,75.5141,54.8836,0.0,0.0,0.0,9.65,5.26,4.39,None,1.0619113445281982,174.959,True,None,sfc_unique_p4_15,0,None,16.33,0.0,99.0,12,50,0,0,0,False,72.1311475409836,9.18,5.9934,14.52,0.2934,0.8633,0.232,0.2254,2911.6834434002653,250.0,3161.6834434002653
0,1762653995.630188,267.7,75,0.2959,0.7551,0.6021,0.5488,49.5702,75.5141,54.8836,0.0,0.0,0.0,11.17,6.56,4.62,None,1.3731224536895752,121.833,False,None,sfc_cache_p5_15,0,None,16.33,0.0,99.0,12,50,0,0,0,False,71.83673469387755,9.18,5.9934,14.52,0.2934,0.8633,0.232,0.2254,2911.6834434002653,250.0,3161.6834434002653
0,1762653995.631082,267.7,75,0.2959,0.7551,0.6021,0.5488,49.5702,75.5141,54.8836,0.0,0.0,0.0,31.9,0,31.9,None,1.3731224536895752,140.819,False,None,sfc_unique_p5_15,0,None,16.33,0.0,99.0,12,50,0,0,0,False,71.54471544715447,9.18,5.9934,14.52,0.2934,0.8633,0.232,0.2254,2911.6834434002653,250.0,3161.6834434002653
0,1762653995.9336512,268.0,76,0.3037,0.7677,0.6256,0.5488,51.4785,76.774,54.8836,0.0,0.0,0.0,7.94,3.79,4.15,None,1.686042070388794,138.906,True,None,sfc_cache_p6_15,0,None,24.66,0.0,132.0,15,52,0,0,0,False,71.65991902834008,9.16673076923077,5.859038461538462,13.961538461538462,0.2813,0.8651,0.2273,0.2245,2917.9720148288366,260.0,3177.9720148288366
0,1762653995.9345586,268.0,76,0.3037,0.7677,0.6256,0.5488,51.4785,76.774,54.8836,0.0,0.0,0.0,14.76,10.37,4.39,None,1.686042070388794,122.315,True,None,sfc_unique_p6_15,0,None,24.66,0.0,132.0,15,52,0,0,0,False,71.7741935483871,9.16673076923077,5.859038461538462,13.961538461538462,0.2813,0.8651,0.2273,0.2245,2917.9720148288366,260.0,3177.9720148288366
0,1762653996.5942829,268.7,76,0.2738,0.6711,0.5685,0.474,46.043,67.1127,47.3995,0.0,0.0,0.0,10.47,5.27,5.19,None,4.0531158447265625e-05,238.992,True,None,sfc_cache_p5_11,0,None,20.33,0.0,132.0,11,46,0,0,0,False,71.8875502008032,9.268260869565216,5.789782608695652,13.630434782608695,0.282,0.8533,0.1709,0.2229,2857.25016949016,260.0,3117.25016949016
0,1762653996.6031547,268.7,76,0.2738,0.6711,0.5685,0.474,46.043,67.1127,47.3995,0.0,0.0,0.0,13.38,6.41,6.97,None,4.0531158447265625e-05,218.619,True,None,sfc_unique_p5_11,0,None,20.33,0.0,132.0,11,46,0,0,0,False,72.0,9.268260869565216,5.789782608695652,13.630434782608695,0.282,0.8533,0.1709,0.2229,2857.25016949016,260.0,3117.25016949016
0,1762653996.8499296,268.9,76,0.2773,0.7266,0.5995,0.4989,47.015,72.6565,49.8942,0.0,0.0,0.0,9.79,4.6,5.19,None,0.5038559436798096,105.808,True,None,sfc_cache_p3_11,0,None,20.33,0.0,132.0,11,48,0,0,0,False,72.11155378486056,9.069583333333332,6.006875,13.75,0.2854,0.9206,0.1896,0.2238,2891.713001835475,260.0,3151.713001835475
0,1762653996.85043,268.9,76,0.2773,0.7266,0.5995,0.4989,47.015,72.6565,49.8942,0.0,0.0,0.0,12.34,5.28,7.07,None,0.5038559436798096,111.626,True,None,sfc_unique_p3_11,0,None,20.33,0.0,132.0,11,48,0,0,0,False,72.22222222222221,9.069583333333332,6.006875,13.75,0.2854,0.9206,0.1896,0.2238,2891.713001835475,260.0,3151.713001835475
0,1762653997.0940516,269.2,76,0.2788,0.7946,0.6288,0.5239,47.447,79.4602,52.3889,0.0,0.0,0.0,8.89,4.42,4.48,None,0.7507743835449219,101.104,True,None,sfc_cache_p2_11,0,None,20.33,0.0,132.0,11,50,0,0,0,False,72.33201581027669,8.7868,6.3065999999999995,13.86,0.2864,0.9485,0.1921,0.2248,2908.976520205834,260.0,3168.976520205834
0,1762653997.094583,269.2,76,0.2788,0.7946,0.6288,0.5239,47.447,79.4602,52.3889,0.0,0.0,0.0,12.88,5.98,6.9,None,0.7507743835449219,115.361,True,None,sfc_unique_p2_11,0,None,20.33,0.0,132.0,11,50,0,0,0,False,72.44094488188976,8.7868,6.3065999999999995,13.86,0.2864,0.9485,0.1921,0.2248,2908.976520205834,260.0,3168.976520205834
0,1762653997.2648413,269.4,76,0.2844,0.7946,0.6288,0.5239,47.447,79.4602,52.3889,0.0,0.0,0.0,31.02,0,31.02,None,0.996295690536499,85.631,False,None,sfc_cache_p1_11,0,None,20.33,0.0,132.0,11,50,0,0,0,False,72.15686274509804,8.7868,6.3065999999999995,13.86,0.2941,0.9485,0.1961,0.2248,2908.976520205834,250.0,3158.976520205834
0,1762653997.265355,269.4,76,0.2844,0.7946,0.6288,0.5239,47.447,79.4602,52.3889,0.0,0.0,0.0,15.83,9.5,6.33,None,0.996295690536499,50.941,False,None,sfc_unique_p1_11,0,None,20.33,0.0,132.0,11,50,0,0,0,False,71.875,8.7868,6.3065999999999995,13.86,0.2941,0.9485,0.1961,0.2248,2908.976520205834,250.0,3158.976520205834
0,1762654001.3593159,273.4,76,0.2709,0.7862,0.6023,0.4989,44.4587,78.6211,49.8942,0.0,0.0,0.0,31.43,0,31.43,None,4.792213439941406e-05,81.154,False,None,sfc_cache_p1_12,0,None,20.33,0.0,132.0,10,48,0,0,0,False,71.59533073929961,8.576458333333333,6.5,13.75,0.3009,0.9476,0.1976,0.2236,2886.5910150927257,240.0,3126.5910150927257
0,1762654001.3599896,273.4,76,0.2709,0.7862,0.6023,0.4989,44.4587,78.6211,49.8942,0.0,0.0,0.0,16.94,8.93,8.01,None,4.792213439941406e-05,81.435,False,None,sfc_unique_p1_12,0,None,20.33,0.0,132.0,10,48,0,0,0,False,71.31782945736434,8.576458333333333,6.5,13.75,0.3009,0.9476,0.1976,0.2236,2886.5910150927257,240.0,3126.5910150927257
0,1762654006.3304777,278.4,76,0.2608,0.6804,0.5514,0.4989,43.1628,68.0375,49.8942,0.0,0.0,0.0,8.51,3.39,5.12,None,2.8133392333984375e-05,83.045,True,None,sfc_cache_p6_12,0,None,12.33,0.0,66.0,8,44,0,0,0,False,71.42857142857143,9.083409090909091,6.136363636363637,15.0,0.307,0.9119,0.198,0.2232,2837.6911332436466,240.0,3077.6911332436466
0,1762654006.3313234,278.4,76,0.2608,0.6804,0.5514,0.4989,43.1628,68.0375,49.8942,0.0,0.0,0.0,15.14,8.01,7.13,None,2.8133392333984375e-05,116.705,True,None,sfc_unique_p6_12,0,None,12.33,0.0,66.0,8,44,0,0,0,False,71.53846153846153,9.083409090909091,6.136363636363637,15.0,0.307,0.9119,0.198,0.2232,2837.6911332436466,240.0,3077.6911332436466
0,1762654006.6327817,278.7,76,0.2763,0.6988,0.5701,0.5239,45.719,69.8846,52.3889,0.0,0.0,0.0,10.06,5.92,4.14,None,0.22170042991638184,130.652,True,None,sfc_cache_p2_12,0,None,12.33,0.0,66.0,8,46,0,0,0,False,71.64750957854406,9.203043478260868,6.02891304347826,15.065217391304348,0.2995,0.9111,0.2181,0.2254,2855.96031281297,240.0,3095.96031281297
0,1762654006.6333148,278.7,76,0.2763,0.6988,0.5701,0.5239,45.719,69.8846,52.3889,0.0,0.0,0.0,15.2,7.41,7.8,None,0.22170042991638184,140.123,True,None,sfc_unique_p2_12,0,None,12.33,0.0,66.0,8,46,0,0,0,False,71.7557251908397,9.203043478260868,6.02891304347826,15.065217391304348,0.2995,0.9111,0.2181,0.2254,2855.96031281297,240.0,3095.96031281297
0,1762654006.8319068,278.9,76,0.292,0.7072,0.5888,0.5488,48.7073,70.7237,54.8836,0.0,0.0,0.0,9.59,4.7,4.89,None,0.524235725402832,77.564,True,None,sfc_cache_p4_11,0,None,12.33,0.0,66.0,8,48,0,0,0,False,71.86311787072243,9.396041666666667,5.847083333333334,15.125,0.2993,0.9337,0.2197,0.2258,2883.728546778754,240.0,3123.728546778754
0,1762654006.8324022,278.9,76,0.292,0.7072,0.5888,0.5488,48.7073,70.7237,54.8836,0.0,0.0,0.0,13.81,7.33,6.47,None,0.524235725402832,101.808,True,None,sfc_unique_p4_11,0,None,12.33,0.0,66.0,8,48,0,0,0,False,71.96969696969697,9.396041666666667,5.847083333333334,15.125,0.2993,0.9337,0.2197,0.2258,2883.728546778754,240.0,3123.728546778754
0,1762654021.4071689,293.5,76,0.2378,0.4762,0.4118,0.3742,35.1721,47.6237,37.4206,0.0,0.0,0.0,11.58,7.08,4.49,None,4.935264587402344e-05,150.129,True,None,sfc_cache_p4_12,0,None,12.33,0.0,66.0,7,34,0,0,0,False,72.0754716981132,9.578823529411764,5.558529411764706,14.558823529411764,0.3406,0.9111,0.2176,0.2226,2653.3193608035667,170.0,2823.3193608035667
0,1762654021.4078374,293.5,76,0.2378,0.4762,0.4118,0.3742,35.1721,47.6237,37.4206,0.0,0.0,0.0,16.03,8.88,7.15,None,4.935264587402344e-05,107.447,True,None,sfc_unique_p4_12,0,None,12.33,0.0,66.0,7,34,0,0,0,False,72.18045112781954,9.578823529411764,5.558529411764706,14.558823529411764,0.3406,0.9111,0.2176,0.2226,2653.3193608035667,170.0,2823.3193608035667
0,1762654023.2414608,295.3,76,0.245,0.514,0.4297,0.3992,36.9001,51.4036,39.9153,0.0,0.0,0.0,7.5,4.55,2.96,None,0.00019550323486328125,148.217,True,None,sfc_cache_p1_16,0,None,12.33,0.0,66.0,7,36,0,0,0,False,72.28464419475655,9.491111111111111,5.666388888888889,14.666666666666666,0.3372,0.9177,0.2111,0.2246,2689.9732069574134,180.0,2869.9732069574134
0,1762654023.2420108,295.3,76,0.245,0.514,0.4297,0.3992,36.9001,51.4036,39.9153,0.0,0.0,0.0,7.99,5.32,2.67,None,0.00019550323486328125,99.44,True,None,sfc_unique_p1_16,0,None,12.33,0.0,66.0,7,36,0,0,0,False,72.38805970149254,9.491111111111111,5.666388888888889,14.666666666666666,0.3372,0.9177,0.2111,0.2246,2689.9732069574134,180.0,2869.9732069574134
0,1762654023.530726,295.6,77,0.2602,0.5224,0.4526,0.4241,39.8883,52.2427,42.41,0.0,0.0,0.0,7.9,3.75,4.15,None,0.27590179443359375,145.351,True,None,sfc_cache_p2_16,0,None,12.33,0.0,66.0,8,38,0,0,0,False,72.4907063197026,9.719736842105263,5.45578947368421,14.763157894736842,0.3441,0.9245,0.2139,0.2233,2718.7080170997624,190.0,2908.7080170997624
0,1762654023.532097,295.6,77,0.2602,0.5224,0.4526,0.4241,39.8883,52.2427,42.41,0.0,0.0,0.0,11.1,7.37,3.73,None,0.27590179443359375,107.035,True,None,sfc_unique_p2_16,0,None,12.33,0.0,66.0,8,38,0,0,0,False,72.5925925925926,9.719736842105263,5.45578947368421,14.763157894736842,0.3441,0.9245,0.2139,0.2233,2718.7080170997624,190.0,2908.7080170997624
0,1762654023.7949219,295.9,78,0.2628,0.5745,0.4762,0.449,41.005,57.4488,44.9047,0.0,0.0,0.0,5.96,3.05,2.91,None,0.5663018226623535,122.53,True,None,sfc_cache_p3_16,0,None,12.33,0.0,66.0,9,40,0,0,0,False,72.69372693726937,9.49225,5.6995,14.85,0.3368,0.9476,0.2312,0.2232,2777.3645718126545,200.0,2977.3645718126545
0,1762654023.7954319,295.9,78,0.2628,0.5745,0.4762,0.449,41.005,57.4488,44.9047,0.0,0.0,0.0,6.82,3.38,3.44,None,0.5663018226623535,107.955,True,None,sfc_unique_p3_16,0,None,12.33,0.0,66.0,9,40,0,0,0,False,72.79411764705883,9.49225,5.6995,14.85,0.3368,0.9476,0.2312,0.2232,2777.3645718126545,200.0,2977.3645718126545
0,1762654024.1546662,296.2,79,0.2736,0.6005,0.4997,0.474,43.2362,60.0544,47.3995,0.0,0.0,0.0,6.01,3.48,2.53,None,0.8292865753173828,154.413,True,None,sfc_cache_p4_16,0,None,12.33,0.0,66.0,11,42,0,0,0,False,72.89377289377289,9.532142857142858,5.674285714285714,14.928571428571429,0.3235,0.9531,0.2277,0.2243,2815.9324484332997,210.0,3025.9324484332997
0,1762654024.1552188,296.2,79,0.2736,0.6005,0.4997,0.474,43.2362,60.0544,47.3995,0.0,0.0,0.0,11.15,6.23,4.92,None,0.8292865753173828,169.143,True,None,sfc_unique_p4_16,0,None,12.33,0.0,66.0,11,42,0,0,0,False,72.99270072992701,9.532142857142858,5.674285714285714,14.928571428571429,0.3235,0.9531,0.2277,0.2243,2815.9324484332997,210.0,3025.9324484332997
0,1762654024.4255269,296.5,80,0.2787,0.6467,0.5213,0.4989,44.6045,64.6734,49.8942,0.0,0.0,0.0,8.33,5.93,2.41,None,1.1890733242034912,78.686,True,None,sfc_cache_p5_16,0,None,12.33,0.0,66.0,11,44,0,0,0,False,73.0909090909091,9.386818181818182,5.832954545454545,15.0,0.3159,0.9495,0.224,0.2241,2854.520753501486,220.0,3074.520753501486
0,1762654024.426054,296.5,80,0.2787,0.6467,0.5213,0.4989,44.6045,64.6734,49.8942,0.0,0.0,0.0,9.87,6.18,3.69,None,1.1890733242034912,110.187,True,None,sfc_unique_p5_16,0,None,12.33,0.0,66.0,11,44,0,0,0,False,73.18840579710145,9.386818181818182,5.832954545454545,15.0,0.3159,0.9495,0.224,0.2241,2854.520753501486,220.0,3074.520753501486
0,1762654024.6607895,296.8,81,0.2889,0.6728,0.5447,0.5239,46.8357,67.279,52.3889,0.0,0.0,0.0,8.28,6.03,2.25,None,1.4598701000213623,94.23,True,None,sfc_cache_p6_16,0,None,12.33,0.0,66.0,12,46,0,0,0,False,73.28519855595668,9.427826086956522,5.804130434782609,15.065217391304348,0.3044,0.946,0.2217,0.2225,2869.84771527211,230.0,3099.84771527211
0,1762654024.661536,296.8,81,0.2889,0.6728,0.5447,0.5239,46.8357,67.279,52.3889,0.0,0.0,0.0,8.88,5.43,3.45,None,1.4598701000213623,106.328,True,None,sfc_unique_p6_16,0,None,12.33,0.0,66.0,12,46,0,0,0,False,73.38129496402878,9.427826086956522,5.804130434782609,15.065217391304348,0.3044,0.946,0.2217,0.2225,2869.84771527211,230.0,3099.84771527211
0,1762654026.5129158,298.6,81,0.2484,0.5115,0.4128,0.3742,36.5761,51.1516,37.4206,0.0,0.0,0.0,6.19,2.32,3.87,None,4.982948303222656e-05,148.181,True,None,sfc_cache_p5_12,0,None,16.33,0.0,99.0,13,36,0,0,0,False,73.47670250896059,9.407777777777778,5.6386111111111115,13.75,0.335,0.8574,0.2085,0.2177,2685.222088059812,180.0,2865.222088059812
0,1762654026.5139654,298.6,81,0.2484,0.5115,0.4128,0.3742,36.5761,51.1516,37.4206,0.0,0.0,0.0,20.16,13.42,6.74,None,4.982948303222656e-05,206.019,True,None,sfc_unique_p5_12,0,None,16.33,0.0,99.0,13,36,0,0,0,False,73.57142857142858,9.407777777777778,5.6386111111111115,13.75,0.335,0.8574,0.2085,0.2177,2685.222088059812,180.0,2865.222088059812
0,1762654031.3970199,303.5,81,0.2319,0.5644,0.4055,0.3742,34.3082,56.4434,37.4206,0.0,0.0,0.0,7.88,4.85,3.04,None,5.0067901611328125e-05,116.158,True,None,sfc_cache_p1_13,0,None,16.33,0.0,99.0,13,36,0,0,0,False,73.66548042704626,8.824444444444445,6.2219444444444445,13.75,0.3437,0.8251,0.2054,0.2188,2688.7335595669797,180.0,2868.7335595669797
0,1762654031.3976932,303.5,81,0.2319,0.5644,0.4055,0.3742,34.3082,56.4434,37.4206,0.0,0.0,0.0,10.89,5.56,5.33,None,5.0067901611328125e-05,120.517,True,None,sfc_unique_p1_13,0,None,16.33,0.0,99.0,13,36,0,0,0,False,73.75886524822694,8.824444444444445,6.2219444444444445,13.75,0.3437,0.8251,0.2054,0.2188,2688.7335595669797,180.0,2868.7335595669797
0,1762654036.2992208,308.4,81,0.2437,0.5905,0.4216,0.3992,36.5394,59.049,39.9153,0.0,0.0,0.0,8.09,3.98,4.11,None,0.0001647472381591797,160.841,True,None,sfc_cache_p1_17,0,None,16.33,0.0,99.0,13,38,0,0,0,False,73.85159010600707,8.903684210526315,6.166578947368421,13.894736842105264,0.3378,0.8363,0.2018,0.219,2723.9060506674286,190.0,2913.9060506674286
0,1762654036.3000002,308.4,81,0.2437,0.5905,0.4216,0.3992,36.5394,59.049,39.9153,0.0,0.0,0.0,11.74,6.92,4.82,None,0.0001647472381591797,112.51,True,None,sfc_unique_p1_17,0,None,16.33,0.0,99.0,13,38,0,0,0,False,73.94366197183099,8.903684210526315,6.166578947368421,13.894736842105264,0.3378,0.8363,0.2018,0.219,2723.9060506674286,190.0,2913.9060506674286
0,1762654036.6585834,308.7,82,0.2523,0.6266,0.4438,0.4241,38.3386,62.6625,42.41,0.0,0.0,0.0,6.75,2.84,3.92,None,0.3081991672515869,101.941,True,None,sfc_cache_p2_17,0,None,16.33,0.0,99.0,14,40,0,0,0,False,74.03508771929825,8.875,6.216749999999999,14.025,0.3245,0.8526,0.2195,0.2225,2764.804833177272,200.0,2964.804833177272
0,1762654036.6596048,308.7,82,0.2523,0.6266,0.4438,0.4241,38.3386,62.6625,42.41,0.0,0.0,0.0,16.0,10.95,5.05,None,0.3081991672515869,231.027,True,None,sfc_unique_p2_17,0,None,16.33,0.0,99.0,14,40,0,0,0,False,74.12587412587412,8.875,6.216749999999999,14.025,0.3245,0.8526,0.2195,0.2225,2764.804833177272,200.0,2964.804833177272
0,1762654036.9893885,309.1,83,0.2604,0.6485,0.462,0.449,40.2825,64.8473,44.9047,0.0,0.0,0.0,9.26,5.57,3.69,None,0.6680581569671631,131.177,True,None,sfc_cache_p3_17,0,None,20.66,0.0,99.0,15,42,0,0,0,False,74.21602787456446,8.880952380952381,6.127142857142856,14.142857142857142,0.3119,0.9354,0.2149,0.2232,2792.26399562736,210.0,3002.26399562736
0,1762654036.9902325,309.1,83,0.2604,0.6485,0.462,0.449,40.2825,64.8473,44.9047,0.0,0.0,0.0,15.89,10.42,5.47,None,0.6680581569671631,161.877,True,None,sfc_unique_p3_17,0,None,20.66,0.0,99.0,15,42,0,0,0,False,74.30555555555556,8.880952380952381,6.127142857142856,14.142857142857142,0.3119,0.9354,0.2149,0.2232,2792.26399562736,210.0,3002.26399562736
0,1762654037.3066988,309.4,84,0.272,0.672,0.4886,0.474,42.6228,67.1984,47.3995,0.0,0.0,0.0,9.37,5.43,3.94,None,0.99849534034729,133.498,True,None,sfc_cache_p4_17,0,None,20.66,0.0,99.0,15,44,0,0,0,False,74.39446366782006,8.969772727272728,6.060681818181819,14.25,0.3035,0.9415,0.2174,0.2228,2818.192230452631,220.0,3038.192230452631
0,1762654037.3081083,309.4,84,0.272,0.672,0.4886,0.474,42.6228,67.1984,47.3995,0.0,0.0,0.0,14.99,9.35,5.64,None,0.99849534034729,147.264,True,None,sfc_unique_p4_17,0,None,20.66,0.0,99.0,15,44,0,0,0,False,74.48275862068967,8.969772727272728,6.060681818181819,14.25,0.3035,0.9415,0.2174,0.2228,2818.192230452631,220.0,3038.192230452631
0,1762654037.6321497,309.7,85,0.2785,0.7031,0.5137,0.474,44.2071,70.3054,47.3995,0.0,0.0,0.0,8.34,4.46,3.88,None,1.3217406272888184,132.041,True,None,sfc_cache_p5_17,0,None,24.66,0.0,132.0,18,46,0,0,0,False,74.5704467353952,8.898695652173913,6.065217391304348,13.630434782608695,0.2947,0.9448,0.2128,0.2219,2834.5000875954884,230.0,3064.5000875954884
0,1762654037.6326587,309.7,85,0.2785,0.7031,0.5137,0.474,44.2071,70.3054,47.3995,0.0,0.0,0.0,11.85,6.57,5.27,None,1.3217406272888184,153.128,True,None,sfc_unique_p5_17,0,None,24.66,0.0,132.0,18,46,0,0,0,False,74.65753424657534,8.898695652173913,6.065217391304348,13.630434782608695,0.2947,0.9448,0.2128,0.2219,2834.5000875954884,230.0,3064.5000875954884
0,1762654037.863048,310.0,86,0.2891,0.7073,0.5379,0.474,46.475,70.7262,47.3995,0.0,0.0,0.0,10.44,6.18,4.26,None,1.6405622959136963,100.935,True,None,sfc_cache_p6_17,0,None,32.99,0.0,165.0,22,48,0,0,0,False,74.74402730375427,8.965416666666666,5.847291666666667,13.0625,0.2796,0.9474,0.2084,0.2234,2843.554373309774,240.0,3083.554373309774
0,1762654037.8635633,310.0,86,0.2891,0.7073,0.5379,0.474,46.475,70.7262,47.3995,0.0,0.0,0.0,16.4,10.02,6.38,None,1.6405622959136963,96.286,True,None,sfc_unique_p6_17,0,None,32.99,0.0,165.0,22,48,0,0,0,False,74.82993197278913,8.965416666666666,5.847291666666667,13.0625,0.2796,0.9474,0.2084,0.2234,2843.554373309774,240.0,3083.554373309774
0,1762654042.5374937,314.6,86,0.2928,0.6989,0.542,0.4989,47.2666,69.8871,49.8942,0.0,0.0,0.0,10.21,5.43,4.78,None,5.364418029785156e-05,80.701,True,None,sfc_cache_p3_12,0,None,28.99,0.0,132.0,20,48,0,0,0,False,74.91525423728814,9.118125000000001,5.777916666666666,13.75,0.2772,0.9471,0.2101,0.225,2844.8744470846436,240.0,3084.8744470846436
0,1762654042.5388787,314.6,86,0.2928,0.6989,0.542,0.4989,47.2666,69.8871,49.8942,0.0,0.0,0.0,13.23,5.52,7.71,None,5.364418029785156e-05,118.892,True,None,sfc_unique_p3_12,0,None,28.99,0.0,132.0,20,48,0,0,0,False,75.0,9.118125000000001,5.777916666666666,13.75,0.2772,0.9471,0.2101,0.225,2844.8744470846436,240.0,3084.8744470846436
0,1762654052.6320183,324.7,86,0.2861,0.7241,0.5513,0.4989,46.1867,72.407,49.8942,0.0,0.0,0.0,10.33,6.36,3.97,None,5.054473876953125e-05,117.301,True,None,sfc_cache_p6_12,0,None,28.99,0.0,132.0,20,48,0,0,0,False,75.08417508417509,8.909791666666667,5.986249999999999,13.75,0.2731,0.9021,0.2101,0.227,2851.875698524536,240.0,3091.875698524536
0,1762654052.632888,324.7,86,0.2861,0.7241,0.5513,0.4989,46.1867,72.407,49.8942,0.0,0.0,0.0,15.05,7.06,8.0,None,5.054473876953125e-05,155.313,True,None,sfc_unique_p6_12,0,None,28.99,0.0,132.0,20,48,0,0,0,False,75.16778523489933,8.909791666666667,5.986249999999999,13.75,0.2731,0.9021,0.2101,0.227,2851.875698524536,240.0,3091.875698524536
0,1762654056.3475215,328.4,86,0.2923,0.7652,0.5834,0.5239,47.771,76.522,52.3889,0.0,0.0,0.0,7.35,4.11,3.24,None,0.00014853477478027344,186.565,True,None,sfc_cache_p1_18,0,None,28.99,0.0,132.0,20,50,0,0,0,False,75.25083612040135,8.8468,6.0734,13.86,0.2714,0.9598,0.2126,0.2258,2877.726872813722,250.0,3127.726872813722
0,1762654056.3483787,328.4,86,0.2923,0.7652,0.5834,0.5239,47.771,76.522,52.3889,0.0,0.0,0.0,9.97,6.28,3.69,None,0.00014853477478027344,109.59,True,None,sfc_unique_p1_18,0,None,28.99,0.0,132.0,20,50,0,0,0,False,75.33333333333333,8.8468,6.0734,13.86,0.2714,0.9598,0.2126,0.2258,2877.726872813722,250.0,3127.726872813722
0,1762654056.588819,328.7,87,0.2984,0.7913,0.6102,0.5239,49.5702,79.1276,52.3889,0.0,0.0,0.0,6.78,4.67,2.1,None,0.33074498176574707,78.525,True,None,sfc_cache_p2_18,0,None,32.99,0.0,165.0,22,52,0,0,0,False,75.41528239202658,8.826923076923077,6.038653846153846,13.326923076923077,0.2669,0.9714,0.2084,0.2261,2897.4494952159143,260.0,3157.4494952159143
0,1762654056.589524,328.7,87,0.2984,0.7913,0.6102,0.5239,49.5702,79.1276,52.3889,0.0,0.0,0.0,11.12,7.0,4.11,None,0.33074498176574707,124.213,True,None,sfc_unique_p2_18,0,None,32.99,0.0,165.0,22,52,0,0,0,False,75.49668874172185,8.826923076923077,6.038653846153846,13.326923076923077,0.2669,0.9714,0.2084,0.2261,2897.4494952159143,260.0,3157.4494952159143
0,1762654056.7845273,328.9,88,0.2984,0.7913,0.6102,0.5239,49.5702,79.1276,52.3889,0.0,0.0,0.0,6.66,2.88,3.78,None,0.5718095302581787,102.273,False,None,sfc_cache_p3_18,0,None,32.99,0.0,165.0,22,52,0,0,0,False,75.24752475247524,8.826923076923077,6.038653846153846,13.326923076923077,0.2669,0.9714,0.2084,0.2261,2897.4494952159143,260.0,3157.4494952159143
0,1762654056.7850614,328.9,88,0.2984,0.7913,0.6102,0.5239,49.5702,79.1276,52.3889,0.0,0.0,0.0,31.09,0,31.09,None,0.5718095302581787,45.601,False,None,sfc_unique_p3_18,0,None,32.99,0.0,165.0,22,52,0,0,0,False,75.0,8.826923076923077,6.038653846153846,13.326923076923077,0.2669,0.9714,0.2084,0.2261,2897.4494952159143,260.0,3157.4494952159143
0,1762654057.0382338,329.1,89,0.2984,0.7913,0.6102,0.5239,49.5702,79.1276,52.3889,0.0,0.0,0.0,30.65,0,30.65,None,0.7671535015106201,75.83,False,None,sfc_cache_p4_18,0,None,32.99,0.0,165.0,22,52,0,0,0,False,74.75409836065575,8.826923076923077,6.038653846153846,13.326923076923077,0.2669,0.9714,0.2084,0.2261,2897.4494952159143,260.0,3157.4494952159143
0,1762654057.038803,329.1,89,0.2984,0.7913,0.6102,0.5239,49.5702,79.1276,52.3889,0.0,0.0,0.0,32.1,0,32.1,None,0.7671535015106201,86.212,False,None,sfc_unique_p4_18,0,None,32.99,0.0,165.0,22,52,0,0,0,False,74.50980392156863,8.826923076923077,6.038653846153846,13.326923076923077,0.2669,0.9714,0.2084,0.2261,2897.4494952159143,260.0,3157.4494952159143
0,1762654057.2544525,329.3,90,0.2984,0.7913,0.6102,0.5239,49.5702,79.1276,52.3889,0.0,0.0,0.0,9.6,6.02,3.58,None,1.0208940505981445,84.325,False,None,sfc_cache_p5_18,0,None,32.99,0.0,165.0,22,52,0,0,0,False,74.2671009771987,8.826923076923077,6.038653846153846,13.326923076923077,0.2669,0.9714,0.2084,0.2261,2897.4494952159143,260.0,3157.4494952159143
0,1762654057.2549877,329.3,90,0.2984,0.7913,0.6102,0.5239,49.5702,79.1276,52.3889,0.0,0.0,0.0,31.09,0,31.09,None,1.0208940505981445,99.798,False,None,sfc_unique_p5_18,0,None,32.99,0.0,165.0,22,52,0,0,0,False,74.02597402597402,8.826923076923077,6.038653846153846,13.326923076923077,0.2669,0.9714,0.2084,0.2261,2897.4494952159143,260.0,3157.4494952159143
0,1762654057.432165,329.5,91,0.2984,0.7913,0.6102,0.5239,49.5702,79.1276,52.3889,0.0,0.0,0.0,8.22,3.99,4.23,None,1.237037181854248,95.896,False,None,sfc_cache_p6_18,0,None,32.99,0.0,165.0,22,52,0,0,0,False,73.7864077669903,8.826923076923077,6.038653846153846,13.326923076923077,0.2669,0.9714,0.2084,0.2261,2897.4494952159143,260.0,3157.4494952159143
0,1762654057.4329402,329.5,91,0.2984,0.7913,0.6102,0.5239,49.5702,79.1276,52.3889,0.0,0.0,0.0,None,None,None,None,1.237037181854248,42.229,False,None,sfc_unique_p6_18,0,None,32.99,0.0,165.0,22,52,0,0,0,False,73.54838709677419,8.826923076923077,6.038653846153846,13.326923076923077,0.2669,0.9714,0.2084,0.2261,2897.4494952159143,260.0,3157.4494952159143
0,1762654057.623579,329.7,91,0.2926,0.8182,0.6238,0.5239,48.4179,81.8163,52.3889,0.0,0.0,0.0,10.9,5.72,5.17,None,5.626678466796875e-05,78.172,True,None,sfc_cache_p2_12,0,None,32.99,0.0,165.0,23,52,0,0,0,False,73.63344051446946,8.62173076923077,6.243846153846154,13.326923076923077,0.2741,0.9661,0.1921,0.2259,2896.458528558301,260.0,3156.458528558301
0,1762654057.6241066,329.7,91,0.2926,0.8182,0.6238,0.5239,48.4179,81.8163,52.3889,0.0,0.0,0.0,11.7,5.18,6.52,None,5.626678466796875e-05,76.52,True,None,sfc_unique_p2_12,0,None,32.99,0.0,165.0,23,52,0,0,0,False,73.71794871794873,8.62173076923077,6.243846153846154,13.326923076923077,0.2741,0.9661,0.1921,0.2259,2896.458528558301,260.0,3156.458528558301
0,1762654062.8809938,335.0,91,0.2669,0.7375,0.5389,0.449,41.8301,73.7526,44.9047,0.0,0.0,0.0,8.21,4.43,3.78,None,6.246566772460938e-05,132.591,True,None,sfc_cache_p2_15,0,None,32.99,0.0,165.0,22,46,0,0,0,False,73.80191693290735,8.420217391304348,6.362608695652174,12.91304347826087,0.2856,0.9564,0.1987,0.2284,2838.8499999496394,230.0,3068.8499999496394
0,1762654062.88248,335.0,91,0.2669,0.7375,0.5389,0.449,41.8301,73.7526,44.9047,0.0,0.0,0.0,12.8,5.95,6.85,None,6.246566772460938e-05,172.664,True,None,sfc_unique_p2_15,0,None,32.99,0.0,165.0,22,46,0,0,0,False,73.88535031847134,8.420217391304348,6.362608695652174,12.91304347826087,0.2856,0.9564,0.1987,0.2284,2838.8499999496394,230.0,3068.8499999496394
0,1762654078.4186885,350.5,91,0.2768,0.6409,0.5119,0.4241,42.6217,64.0938,42.41,0.0,0.0,0.0,8.39,3.98,4.41,None,0.00016736984252929688,155.503,True,None,sfc_cache_p1_19,0,None,32.99,0.0,165.0,22,44,0,0,0,False,73.96825396825398,8.969545454545456,5.780681818181818,12.75,0.2834,0.8249,0.2018,0.2284,2771.319289432574,220.0,2991.319289432574
0,1762654078.419553,350.5,91,0.2768,0.6409,0.5119,0.4241,42.6217,64.0938,42.41,0.0,0.0,0.0,15.61,10.11,5.5,None,0.00016736984252929688,181.677,True,None,sfc_unique_p1_19,0,None,32.99,0.0,165.0,22,44,0,0,0,False,74.0506329113924,8.969545454545456,5.780681818181818,12.75,0.2834,0.8249,0.2018,0.2284,2771.319289432574,220.0,2991.319289432574
0,1762654078.6551325,350.7,92,0.2807,0.6829,0.5368,0.449,44.1704,68.292,44.9047,0.0,0.0,0.0,10.34,6.22,4.12,None,0.3761301040649414,95.776,True,None,sfc_cache_p2_19,0,None,32.99,0.0,165.0,22,46,0,0,0,False,74.13249211356468,8.891304347826088,5.891521739130434,12.91304347826087,0.2787,0.9095,0.1974,0.2295,2813.4800061104147,230.0,3043.4800061104147
0,1762654078.6565068,350.7,92,0.2807,0.6829,0.5368,0.449,44.1704,68.292,44.9047,0.0,0.0,0.0,11.03,5.87,5.16,None,0.3761301040649414,110.174,True,None,sfc_unique_p2_19,0,None,32.99,0.0,165.0,22,46,0,0,0,False,74.21383647798741,8.891304347826088,5.891521739130434,12.91304347826087,0.2787,0.9095,0.1974,0.2295,2813.4800061104147,230.0,3043.4800061104147
0,1762654078.8981402,351.0,93,0.2879,0.7064,0.5565,0.449,46.0787,70.6431,44.9047,0.0,0.0,0.0,7.83,5.06,2.77,None,0.6130843162536621,99.923,True,None,sfc_cache_p3_19,0,None,36.99,0.0,198.0,24,48,0,0,0,False,74.29467084639498,8.888958333333333,5.840416666666666,12.375,0.2745,0.9068,0.1933,0.2296,2831.445158781825,240.0,3071.445158781825
0,1762654078.8986692,351.0,93,0.2879,0.7064,0.5565,0.449,46.0787,70.6431,44.9047,0.0,0.0,0.0,10.14,5.17,4.97,None,0.6130843162536621,109.929,True,None,sfc_unique_p3_19,0,None,36.99,0.0,198.0,24,48,0,0,0,False,74.375,8.888958333333333,5.840416666666666,12.375,0.2745,0.9068,0.1933,0.2296,2831.445158781825,240.0,3071.445158781825
0,1762654079.2005877,351.3,94,0.2894,0.7552,0.5856,0.449,46.9059,75.5166,44.9047,0.0,0.0,0.0,8.23,3.75,4.48,None,0.8548774719238281,118.051,True,None,sfc_cache_p4_19,0,None,40.99,0.0,231.0,26,50,0,0,0,False,74.45482866043614,8.6866,5.9936,11.88,0.2698,0.9329,0.1894,0.2294,2857.2110649882943,250.0,3107.2110649882943
0,1762654079.2011125,351.3,94,0.2894,0.7552,0.5856,0.449,46.9059,75.5166,44.9047,0.0,0.0,0.0,11.24,6.2,5.04,None,0.8548774719238281,154.178,True,None,sfc_unique_p4_19,0,None,40.99,0.0,231.0,26,50,0,0,0,False,74.53416149068323,8.6866,5.9936,11.88,0.2698,0.9329,0.1894,0.2294,2857.2110649882943,250.0,3107.2110649882943
0,1762654079.4175289,351.5,95,0.2894,0.7552,0.5856,0.449,46.9059,75.5166,44.9047,0.0,0.0,0.0,9.34,4.26,5.08,None,1.1573114395141602,93.566,False,None,sfc_cache_p5_19,0,None,40.99,0.0,231.0,26,50,0,0,0,False,74.30340557275542,8.6866,5.9936,11.88,0.2698,0.9329,0.1894,0.2294,2857.2110649882943,250.0,3107.2110649882943
0,1762654079.4180408,351.5,95,0.2894,0.7552,0.5856,0.449,46.9059,75.5166,44.9047,0.0,0.0,0.0,33.09,0,33.09,None,1.1573114395141602,88.306,False,None,sfc_unique_p5_19,0,None,40.99,0.0,231.0,26,50,0,0,0,False,74.07407407407408,8.6866,5.9936,11.88,0.2698,0.9329,0.1894,0.2294,2857.2110649882943,250.0,3107.2110649882943
0,1762654079.7233758,351.8,96,0.2894,0.7552,0.5856,0.449,46.9059,75.5166,44.9047,0.0,0.0,0.0,30.04,0,30.04,None,1.3742423057556152,136.025,False,None,sfc_cache_p6_19,0,None,40.99,0.0,231.0,26,50,0,0,0,False,73.84615384615385,8.6866,5.9936,11.88,0.2698,0.9329,0.1894,0.2294,2857.2110649882943,250.0,3107.2110649882943
0,1762654079.7239084,351.8,96,0.2894,0.7552,0.5856,0.449,46.9059,75.5166,44.9047,0.0,0.0,0.0,14.09,8.64,5.46,None,1.3742423057556152,126.055,False,None,sfc_unique_p6_19,0,None,40.99,0.0,231.0,26,50,0,0,0,False,73.61963190184049,8.6866,5.9936,11.88,0.2698,0.9329,0.1894,0.2294,2857.2110649882943,250.0,3107.2110649882943
0,1762654087.7838519,359.9,96,0.2917,0.6913,0.5617,0.4241,46.2936,69.1337,42.41,0.0,0.0,0.0,31.51,0,31.51,None,5.841255187988281e-05,110.402,False,None,sfc_cache_p1_13,0,None,40.99,0.0,231.0,26,48,0,0,0,False,73.39449541284404,8.930416666666668,5.715625,11.6875,0.2737,0.9297,0.1933,0.227,2847.446322688341,240.0,3087.446322688341
0,1762654087.7853367,359.9,96,0.2917,0.6913,0.5617,0.4241,46.2936,69.1337,42.41,0.0,0.0,0.0,13.96,7.98,5.98,None,5.841255187988281e-05,164.583,False,None,sfc_unique_p1_13,0,None,40.99,0.0,231.0,26,48,0,0,0,False,73.17073170731707,8.930416666666668,5.715625,11.6875,0.2737,0.9297,0.1933,0.227,2847.446322688341,240.0,3087.446322688341
0,1762654092.901484,365.0,96,0.3053,0.6619,0.5565,0.449,48.4535,66.1929,44.9047,0.0,0.0,0.0,7.41,2.98,4.43,None,5.221366882324219e-05,150.785,True,None,sfc_cache_p3_15,0,None,32.66,0.0,198.0,23,48,0,0,0,False,73.25227963525836,9.347083333333334,5.4725,12.375,0.2791,0.9256,0.1945,0.2285,2852.047499750715,240.0,3092.047499750715
0,1762654092.9023666,365.0,96,0.3053,0.6619,0.5565,0.449,48.4535,66.1929,44.9047,0.0,0.0,0.0,11.19,4.48,6.71,None,5.221366882324219e-05,154.243,True,None,sfc_unique_p3_15,0,None,32.66,0.0,198.0,23,48,0,0,0,False,73.33333333333333,9.347083333333334,5.4725,12.375,0.2791,0.9256,0.1945,0.2285,2852.047499750715,240.0,3092.047499750715
0,1762654107.3821461,379.5,96,0.2975,0.6955,0.56,0.449,47.0139,69.552,44.9047,0.0,0.0,0.0,10.35,6.47,3.88,None,0.00016880035400390625,109.27,True,None,sfc_cache_p1_20,0,None,32.66,0.0,198.0,23,48,0,0,0,False,73.41389728096676,9.069374999999999,5.750208333333333,12.375,0.2744,0.9343,0.1964,0.2275,2859.4551394349746,240.0,3099.4551394349746
0,1762654107.3826659,379.5,96,0.2975,0.6955,0.56,0.449,47.0139,69.552,44.9047,0.0,0.0,0.0,7.72,4.62,3.1,None,0.00016880035400390625,157.475,True,None,sfc_unique_p1_20,0,None,32.66,0.0,198.0,23,48,0,0,0,False,73.49397590361446,9.069374999999999,5.750208333333333,12.375,0.2744,0.9343,0.1964,0.2275,2859.4551394349746,240.0,3099.4551394349746
0,1762654107.5934277,379.7,97,0.3082,0.7039,0.5746,0.474,49.5345,70.3911,47.3995,0.0,0.0,0.0,9.61,6.81,2.8,None,0.3076610565185547,89.048,True,None,sfc_cache_p2_20,0,None,32.66,4.33,198.0,24,50,0,0,0,False,73.57357357357357,9.1734,5.586799999999999,12.54,0.2753,0.9348,0.1921,0.2298,2874.4637108635457,250.0,3124.4637108635457
0,1762654107.5939658,379.7,97,0.3082,0.7039,0.5746,0.474,49.5345,70.3911,47.3995,0.0,0.0,0.0,10.49,7.05,3.44,None,0.3076610565185547,93.247,True,None,sfc_unique_p2_20,0,None,32.66,4.33,198.0,24,50,0,0,0,False,73.65269461077844,9.1734,5.586799999999999,12.54,0.2753,0.9348,0.1921,0.2298,2874.4637108635457,250.0,3124.4637108635457
0,1762654107.8472064,379.9,98,0.32,0.7224,0.6049,0.4989,52.0908,72.2382,49.8942,0.0,0.0,0.0,8.06,3.95,4.11,None,0.5189516544342041,118.382,True,None,sfc_cache_p3_20,0,None,32.66,4.33,198.0,25,52,0,0,0,False,73.73134328358208,9.27576923076923,5.512884615384616,12.692307692307692,0.273,0.9458,0.2077,0.2307,2896.876858341774,260.0,3156.876858341774
0,1762654107.8477151,379.9,98,0.32,0.7224,0.6049,0.4989,52.0908,72.2382,49.8942,0.0,0.0,0.0,11.16,6.53,4.63,None,0.5189516544342041,103.687,True,None,sfc_unique_p3_20,0,None,32.66,4.33,198.0,25,52,0,0,0,False,73.80952380952381,9.27576923076923,5.512884615384616,12.692307692307692,0.273,0.9458,0.2077,0.2307,2896.876858341774,260.0,3156.876858341774
0,1762654108.270629,380.4,99,0.32,0.7224,0.6049,0.4989,52.0908,72.2382,49.8942,0.0,0.0,0.0,29.83,0,29.83,None,0.7726478576660156,147.51,False,None,sfc_cache_p4_20,0,None,32.66,4.33,198.0,25,52,0,0,0,False,73.59050445103857,9.27576923076923,5.512884615384616,12.692307692307692,0.273,0.9458,0.2077,0.2307,2896.876858341774,260.0,3156.876858341774
0,1762654108.2720819,380.4,99,0.32,0.7224,0.6049,0.4989,52.0908,72.2382,49.8942,0.0,0.0,0.0,11.49,6.04,5.45,None,0.7726478576660156,127.332,False,None,sfc_unique_p4_20,0,None,32.66,4.33,198.0,25,52,0,0,0,False,73.37278106508876,9.27576923076923,5.512884615384616,12.692307692307692,0.273,0.9458,0.2077,0.2307,2896.876858341774,260.0,3156.876858341774
0,1762654108.6432903,380.7,100,0.32,0.7224,0.6049,0.4989,52.0908,72.2382,49.8942,0.0,0.0,0.0,29.61,0,29.61,None,1.202216625213623,134.331,False,None,sfc_cache_p5_20,0,None,32.66,4.33,198.0,25,52,0,0,0,False,73.15634218289085,9.27576923076923,5.512884615384616,12.692307692307692,0.273,0.9458,0.2077,0.2307,2896.876858341774,260.0,3156.876858341774
0,1762654108.644162,380.7,100,0.32,0.7224,0.6049,0.4989,52.0908,72.2382,49.8942,0.0,0.0,0.0,30.85,0,30.85,None,1.202216625213623,173.001,False,None,sfc_unique_p5_20,0,None,32.66,4.33,198.0,25,52,0,0,0,False,72.94117647058823,9.27576923076923,5.512884615384616,12.692307692307692,0.273,0.9458,0.2077,0.2307,2896.876858341774,260.0,3156.876858341774
0,1762654108.9820807,381.1,101,0.32,0.7224,0.6049,0.4989,52.0908,72.2382,49.8942,0.0,0.0,0.0,29.22,0,29.22,None,1.5693588256835938,140.925,False,None,sfc_cache_p6_20,0,None,32.66,4.33,198.0,25,52,0,0,0,False,72.72727272727273,9.27576923076923,5.512884615384616,12.692307692307692,0.273,0.9458,0.2077,0.2307,2896.876858341774,260.0,3156.876858341774
0,1762654108.9830005,381.1,101,0.32,0.7224,0.6049,0.4989,52.0908,72.2382,49.8942,0.0,0.0,0.0,30.06,0,30.06,None,1.5693588256835938,140.818,False,None,sfc_unique_p6_20,0,None,32.66,4.33,198.0,25,52,0,0,0,False,72.51461988304094,9.27576923076923,5.512884615384616,12.692307692307692,0.273,0.9458,0.2077,0.2307,2896.876858341774,260.0,3156.876858341774
0,1762654118.6106906,390.7,101,0.2758,0.5981,0.4924,0.4241,41.5418,59.81,42.41,0.0,0.0,0.0,7.34,4.68,2.66,None,6.008148193359375e-05,156.096,True,None,sfc_cache_p3_19,0,None,24.66,4.33,132.0,20,42,0,0,0,False,72.59475218658892,9.15857142857143,5.651190476190476,13.357142857142858,0.2798,0.9067,0.2544,0.2277,2761.0235526759757,210.0,2971.0235526759757
0,1762654118.6115427,390.7,101,0.2758,0.5981,0.4924,0.4241,41.5418,59.81,42.41,0.0,0.0,0.0,13.29,7.07,6.22,None,6.008148193359375e-05,138.827,True,None,sfc_unique_p3_19,0,None,24.66,4.33,132.0,20,42,0,0,0,False,72.67441860465115,9.15857142857143,5.651190476190476,13.357142857142858,0.2798,0.9067,0.2544,0.2277,2761.0235526759757,210.0,2971.0235526759757
0,1762654122.4306877,394.5,101,0.2829,0.6334,0.511,0.449,43.3777,63.3379,44.9047,0.0,0.0,0.0,7.48,3.52,3.96,None,0.00017333030700683594,94.177,True,None,sfc_cache_p1_21,0,None,24.66,4.33,132.0,20,44,0,0,0,False,72.7536231884058,9.128636363636364,5.7124999999999995,13.5,0.2773,0.9109,0.2479,0.2285,2789.0392282679895,220.0,3009.0392282679895
0,1762654122.4312186,394.5,101,0.2829,0.6334,0.511,0.449,43.3777,63.3379,44.9047,0.0,0.0,0.0,10.33,4.96,5.37,None,0.00017333030700683594,98.561,True,None,sfc_unique_p1_21,0,None,24.66,4.33,132.0,20,44,0,0,0,False,72.83236994219652,9.128636363636364,5.7124999999999995,13.5,0.2773,0.9109,0.2479,0.2285,2789.0392282679895,220.0,3009.0392282679895
0,1762654122.695136,394.8,102,0.2868,0.6687,0.5315,0.474,44.746,66.8657,47.3995,0.0,0.0,0.0,7.83,3.83,4.01,None,0.3302772045135498,110.421,True,None,sfc_cache_p2_21,0,None,28.99,4.33,132.0,22,46,0,0,0,False,72.91066282420749,9.007173913043477,5.768478260869566,13.630434782608695,0.2729,0.9064,0.2423,0.2284,2805.615956328661,230.0,3035.615956328661
0,1762654122.6957052,394.8,102,0.2868,0.6687,0.5315,0.474,44.746,66.8657,47.3995,0.0,0.0,0.0,8.45,4.11,4.34,None,0.3302772045135498,116.309,True,None,sfc_unique_p2_21,0,None,28.99,4.33,132.0,22,46,0,0,0,False,72.98850574712644,9.007173913043477,5.768478260869566,13.630434782608695,0.2729,0.9064,0.2423,0.2284,2805.615956328661,230.0,3035.615956328661
0,1762654122.9792416,395.1,103,0.2967,0.6922,0.5497,0.4989,47.0863,69.2168,49.8942,0.0,0.0,0.0,8.25,5.44,2.81,None,0.5947482585906982,96.111,True,None,sfc_cache_p3_21,0,None,28.99,4.33,132.0,24,48,0,0,0,False,73.06590257879655,9.083333333333334,5.7225,13.75,0.2692,0.9135,0.2376,0.2297,2828.79650599744,240.0,3068.79650599744
0,1762654122.9805892,395.1,103,0.2967,0.6922,0.5497,0.4989,47.0863,69.2168,49.8942,0.0,0.0,0.0,12.52,7.62,4.89,None,0.5947482585906982,163.939,True,None,sfc_unique_p3_21,0,None,28.99,4.33,132.0,24,48,0,0,0,False,73.14285714285714,9.083333333333334,5.7225,13.75,0.2692,0.9135,0.2376,0.2297,2828.79650599744,240.0,3068.79650599744
0,1762654123.289151,395.4,104,0.3002,0.7384,0.5715,0.5239,48.4546,73.8358,52.3889,0.0,0.0,0.0,11.12,7.37,3.76,None,0.8801023960113525,114.611,True,None,sfc_cache_p4_21,0,None,28.99,4.33,132.0,25,50,0,0,0,False,73.21937321937322,8.9734,5.8602,13.86,0.2657,0.9118,0.2318,0.2312,2843.225542254025,250.0,3093.225542254025
0,1762654123.289682,395.4,104,0.3002,0.7384,0.5715,0.5239,48.4546,73.8358,52.3889,0.0,0.0,0.0,11.21,5.28,5.94,None,0.8801023960113525,154.798,True,None,sfc_unique_p4_21,0,None,28.99,4.33,132.0,25,50,0,0,0,False,73.29545454545455,8.9734,5.8602,13.86,0.2657,0.9118,0.2318,0.2312,2843.225542254025,250.0,3093.225542254025
0,1762654123.5197217,395.6,104,0.2914,0.6988,0.5455,0.5239,47.2321,69.8846,52.3889,0.0,0.0,0.0,8.49,4.5,4.0,None,5.125999450683594e-05,86.951,True,None,sfc_cache_p2_18,0,None,24.99,4.33,99.0,23,48,0,0,0,False,73.37110481586402,9.111458333333333,5.777708333333333,14.4375,0.2783,0.9191,0.2318,0.2332,2843.9147637367673,250.0,3093.9147637367673
0,1762654123.5202596,395.6,104,0.2914,0.6988,0.5455,0.5239,47.2321,69.8846,52.3889,0.0,0.0,0.0,7.77,4.63,3.15,None,5.125999450683594e-05,108.865,True,None,sfc_unique_p2_18,0,None,24.99,4.33,99.0,23,48,0,0,0,False,73.44632768361582,9.111458333333333,5.777708333333333,14.4375,0.2783,0.9191,0.2318,0.2332,2843.9147637367673,250.0,3093.9147637367673
0,1762654123.725686,395.8,104,0.2988,0.7442,0.5674,0.5488,48.636,74.4204,54.8836,0.0,0.0,0.0,8.43,4.91,3.52,None,0.22597408294677734,72.346,True,None,sfc_cache_p6_16,0,None,24.99,4.33,99.0,24,50,0,0,0,False,73.52112676056338,9.007,5.9066,14.52,0.2836,0.9368,0.2334,0.2336,2871.270671490985,250.0,3121.270671490985
0,1762654123.7261734,395.8,104,0.2988,0.7442,0.5674,0.5488,48.636,74.4204,54.8836,0.0,0.0,0.0,10.45,5.67,4.78,None,0.22597408294677734,107.615,True,None,sfc_unique_p6_16,0,None,24.99,4.33,99.0,24,50,0,0,0,False,73.59550561797754,9.007,5.9066,14.52,0.2836,0.9368,0.2334,0.2336,2871.270671490985,250.0,3121.270671490985
0,1762654123.9280815,396.0,105,0.3062,0.7703,0.592,0.5738,50.8672,77.026,57.3783,0.0,0.0,0.0,9.32,6.42,2.9,None,1.6251540184020996,80.879,True,None,sfc_cache_p5_21,0,None,24.99,4.33,99.0,24,52,0,0,0,False,73.66946778711485,9.057884615384616,5.878269230769231,14.596153846153847,0.2743,0.9386,0.2299,0.2334,2886.2275264669947,260.0,3146.2275264669947
0,1762654123.9285803,396.0,105,0.3062,0.7703,0.592,0.5738,50.8672,77.026,57.3783,0.0,0.0,0.0,14.9,8.95,5.95,None,1.6251540184020996,86.073,True,None,sfc_unique_p5_21,0,None,24.99,4.33,99.0,24,52,0,0,0,False,73.74301675977654,9.057884615384616,5.878269230769231,14.596153846153847,0.2743,0.9386,0.2299,0.2334,2886.2275264669947,260.0,3146.2275264669947
0,1762654124.2465234,396.3,106,0.3128,0.803,0.6105,0.5987,52.8111,80.3019,59.873,0.0,0.0,0.0,8.73,4.75,3.98,None,1.8275330066680908,100.032,True,None,sfc_cache_p6_21,0,None,24.99,4.33,99.0,25,54,0,0,0,False,73.81615598885793,9.05574074074074,5.901296296296296,14.666666666666666,0.2748,0.9465,0.2276,0.2342,2907.3586637462017,270.0,3177.3586637462017
0,1762654124.2479668,396.3,106,0.3128,0.803,0.6105,0.5987,52.8111,80.3019,59.873,0.0,0.0,0.0,13.27,8.61,4.66,None,1.8275330066680908,129.74,True,None,sfc_unique_p6_21,0,None,24.99,4.33,99.0,25,54,0,0,0,False,73.88888888888889,9.05574074074074,5.901296296296296,14.666666666666666,0.2748,0.9465,0.2276,0.2342,2907.3586637462017,270.0,3177.3586637462017
0,1762654128.67164,400.8,106,0.2531,0.6014,0.4742,0.474,42.7319,60.1401,47.3995,0.0,0.0,0.0,10.49,6.68,3.81,None,7.319450378417969e-05,152.172,True,None,sfc_cache_p1_18,0,None,12.33,4.33,66.0,14,42,0,0,0,False,73.9612188365651,9.42095238095238,5.682380952380952,14.928571428571429,0.2675,0.9335,0.1857,0.23,2813.6948300649888,270.0,3083.6948300649888
0,1762654128.6725397,400.8,106,0.2531,0.6014,0.4742,0.474,42.7319,60.1401,47.3995,0.0,0.0,0.0,13.76,9.27,4.49,None,7.319450378417969e-05,169.869,True,None,sfc_unique_p1_18,0,None,12.33,4.33,66.0,14,42,0,0,0,False,74.03314917127072,9.42095238095238,5.682380952380952,14.928571428571429,0.2675,0.9335,0.1857,0.23,2813.6948300649888,270.0,3083.6948300649888
0,1762654128.9077694,401.0,106,0.2691,0.6123,0.4896,0.4989,45.6121,61.2312,49.8942,0.0,0.0,0.0,8.01,4.4,3.62,None,0.35866355895996094,89.311,True,None,sfc_cache_p4_17,0,None,12.33,4.33,66.0,14,44,0,0,0,False,74.10468319559229,9.598863636363637,5.5225,15.0,0.2683,0.924,0.1879,0.2338,2830.2363155875014,270.0,3100.2363155875014
0,1762654128.9082944,401.0,106,0.2691,0.6123,0.4896,0.4989,45.6121,61.2312,49.8942,0.0,0.0,0.0,14.89,8.05,6.84,None,0.35866355895996094,116.508,True,None,sfc_unique_p4_17,0,None,12.33,4.33,66.0,14,44,0,0,0,False,74.17582417582418,9.598863636363637,5.5225,15.0,0.2683,0.924,0.1879,0.2338,2830.2363155875014,270.0,3100.2363155875014
0,1762654129.1199338,401.2,106,0.2797,0.6484,0.5202,0.5239,47.4113,64.8448,52.3889,0.0,0.0,0.0,8.13,3.12,5.01,None,0.5959179401397705,69.244,True,None,sfc_cache_p3_17,0,None,12.33,4.33,66.0,15,46,0,0,0,False,74.24657534246575,9.543695652173913,5.594130434782608,15.065217391304348,0.2721,0.9147,0.2065,0.2315,2842.9617512785712,270.0,3112.9617512785712
0,1762654129.1205072,401.2,106,0.2797,0.6484,0.5202,0.5239,47.4113,64.8448,52.3889,0.0,0.0,0.0,12.36,4.54,7.82,None,0.5959179401397705,112.621,True,None,sfc_unique_p3_17,0,None,12.33,4.33,66.0,15,46,0,0,0,False,74.31693989071039,9.543695652173913,5.594130434782608,15.065217391304348,0.2721,0.9147,0.2065,0.2315,2842.9617512785712,270.0,3112.9617512785712
0,1762654129.4142327,401.5,106,0.2956,0.6636,0.5416,0.5488,50.1112,66.3567,54.8836,0.0,0.0,0.0,11.11,5.5,5.61,None,0.8098771572113037,91.955,True,None,sfc_cache_p2_17,0,None,12.33,4.33,66.0,16,48,0,0,0,False,74.38692098092643,9.666875,5.486041666666666,15.125,0.2726,0.9123,0.2234,0.233,2859.4452625044446,270.0,3129.4452625044446
0,1762654129.4156504,401.5,106,0.2956,0.6636,0.5416,0.5488,50.1112,66.3567,54.8836,0.0,0.0,0.0,16.52,9.46,7.06,None,0.8098771572113037,127.819,True,None,sfc_unique_p2_17,0,None,12.33,4.33,66.0,16,48,0,0,0,False,74.45652173913044,9.666875,5.486041666666666,15.125,0.2726,0.9123,0.2234,0.233,2859.4452625044446,270.0,3129.4452625044446
0,1762654129.724917,401.8,106,0.3011,0.7005,0.5645,0.5488,51.4428,70.0534,54.8836,0.0,0.0,0.0,11.1,6.13,4.97,None,1.1076788902282715,137.62,True,None,sfc_cache_p1_17,0,None,16.33,4.33,99.0,17,50,0,0,0,False,74.52574525745257,9.5268,5.56,14.52,0.2746,0.8984,0.2234,0.2333,2870.5491022960728,270.0,3140.5491022960728
0,1762654129.7254252,401.8,106,0.3011,0.7005,0.5645,0.5488,51.4428,70.0534,54.8836,0.0,0.0,0.0,16.6,9.22,7.39,None,1.1076788902282715,134.507,True,None,sfc_unique_p1_17,0,None,16.33,4.33,99.0,17,50,0,0,0,False,74.5945945945946,9.5268,5.56,14.52,0.2746,0.8984,0.2234,0.2333,2870.5491022960728,270.0,3140.5491022960728
0,1762654129.96167,402.1,106,0.3047,0.7005,0.5645,0.5488,51.4428,70.0534,54.8836,0.0,0.0,0.0,11.48,7.28,4.21,None,1.418372631072998,91.337,False,None,sfc_cache_p5_16,0,None,16.33,4.33,99.0,17,50,0,0,0,False,74.39353099730458,9.5268,5.56,14.52,0.2819,0.8984,0.2278,0.2333,2870.5491022960728,260.0,3130.5491022960728
0,1762654129.962212,402.1,106,0.3047,0.7005,0.5645,0.5488,51.4428,70.0534,54.8836,0.0,0.0,0.0,None,None,None,None,1.418372631072998,107.042,False,None,sfc_unique_p5_16,0,None,16.33,4.33,99.0,17,50,0,0,0,False,74.19354838709677,9.5268,5.56,14.52,0.2819,0.8984,0.2278,0.2333,2870.5491022960728,260.0,3130.5491022960728
0,1762654130.2128282,402.3,106,0.3177,0.7274,0.5857,0.5738,53.6384,72.7422,57.3783,0.0,0.0,0.0,13.73,8.06,5.67,None,1.6569809913635254,135.726,True,None,sfc_cache_p1_16,0,None,16.33,4.33,99.0,18,52,0,0,0,False,74.26273458445041,9.551346153846154,5.551346153846154,14.596153846153847,0.2801,0.8981,0.2297,0.2357,2874.07195943893,260.0,3134.07195943893
0,1762654130.2133617,402.3,106,0.3177,0.7274,0.5857,0.5738,53.6384,72.7422,57.3783,0.0,0.0,0.0,13.12,7.62,5.5,None,1.6569809913635254,92.903,True,None,sfc_unique_p1_16,0,None,16.33,4.33,99.0,18,52,0,0,0,False,74.33155080213903,9.551346153846154,5.551346153846154,14.596153846153847,0.2801,0.8981,0.2297,0.2357,2874.07195943893,260.0,3134.07195943893
0,1762654133.5429237,405.6,106,0.3042,0.6921,0.549,0.5738,51.7668,69.2143,57.3783,0.0,0.0,0.0,7.8,3.69,4.12,None,3.4332275390625e-05,93.547,True,None,sfc_cache_p6_17,0,None,16.66,4.33,66.0,17,50,0,0,0,False,74.4,9.5868,5.4934,15.18,0.2841,0.8956,0.2297,0.2358,2864.687743876911,260.0,3124.687743876911
0,1762654133.5437243,405.6,106,0.3042,0.6921,0.549,0.5738,51.7668,69.2143,57.3783,0.0,0.0,0.0,18.83,12.52,6.3,None,3.4332275390625e-05,106.521,True,None,sfc_unique_p6_17,0,None,16.66,4.33,66.0,17,50,0,0,0,False,74.46808510638297,9.5868,5.4934,15.18,0.2841,0.8956,0.2297,0.2358,2864.687743876911,260.0,3124.687743876911
0,1762654133.8031526,405.9,106,0.3183,0.714,0.5683,0.5987,54.1784,71.3991,59.873,0.0,0.0,0.0,8.63,3.67,4.96,None,0.22507643699645996,121.477,True,None,sfc_cache_p5_17,0,None,16.66,4.33,66.0,19,52,0,0,0,False,74.53580901856765,9.6475,5.448846153846153,15.23076923076923,0.2889,0.8915,0.2321,0.2358,2880.3760924297667,260.0,3140.3760924297667
0,1762654133.8036807,405.9,106,0.3183,0.714,0.5683,0.5987,54.1784,71.3991,59.873,0.0,0.0,0.0,11.27,4.84,6.43,None,0.22507643699645996,100.958,True,None,sfc_unique_p5_17,0,None,16.66,4.33,66.0,19,52,0,0,0,False,74.60317460317461,9.6475,5.448846153846153,15.23076923076923,0.2889,0.8915,0.2321,0.2358,2880.3760924297667,260.0,3140.3760924297667
0,1762654138.5535502,410.6,106,0.3103,0.6871,0.5472,0.5738,51.9828,68.7103,57.3783,0.0,0.0,0.0,30.14,0,30.14,None,4.792213439941406e-05,37.715,False,None,sfc_cache_p1_16,0,None,16.66,4.33,66.0,18,50,0,0,0,False,74.40633245382587,9.6268,5.4534,15.18,0.2969,0.8915,0.2346,0.233,2869.9903781440526,250.0,3119.9903781440526
0,1762654138.5541024,410.6,106,0.3103,0.6871,0.5472,0.5738,51.9828,68.7103,57.3783,0.0,0.0,0.0,15.87,9.47,6.4,None,4.792213439941406e-05,164.477,False,None,sfc_unique_p1_16,0,None,16.66,4.33,66.0,18,50,0,0,0,False,74.21052631578947,9.6268,5.4534,15.18,0.2969,0.8915,0.2346,0.233,2869.9903781440526,250.0,3119.9903781440526
0,1762654143.283927,415.4,106,0.3103,0.6871,0.5472,0.5738,51.9828,68.7103,57.3783,0.0,0.0,0.0,30.37,0,30.37,None,0.00018024444580078125,44.373,False,None,sfc_cache_p1_22,0,None,16.66,4.33,66.0,18,50,0,0,0,False,74.01574803149606,9.6268,5.4534,15.18,0.2969,0.8915,0.2346,0.233,2869.9903781440526,250.0,3119.9903781440526
0,1762654143.2844517,415.4,106,0.3103,0.6871,0.5472,0.5738,51.9828,68.7103,57.3783,0.0,0.0,0.0,13.5,8.42,5.08,None,0.00018024444580078125,80.62,False,None,sfc_unique_p1_22,0,None,16.66,4.33,66.0,18,50,0,0,0,False,73.82198952879581,9.6268,5.4534,15.18,0.2969,0.8915,0.2346,0.233,2869.9903781440526,250.0,3119.9903781440526
0,1762654143.4536178,415.5,107,0.3103,0.6871,0.5472,0.5738,51.9828,68.7103,57.3783,0.0,0.0,0.0,30.49,0,30.49,None,0.1670842170715332,39.017,False,None,sfc_cache_p2_22,0,None,16.66,4.33,66.0,18,50,0,0,0,False,73.62924281984334,9.6268,5.4534,15.18,0.2969,0.8915,0.2346,0.233,2869.9903781440526,250.0,3119.9903781440526
0,1762654143.4541886,415.5,107,0.3103,0.6871,0.5472,0.5738,51.9828,68.7103,57.3783,0.0,0.0,0.0,10.65,4.93,5.72,None,0.1670842170715332,87.308,False,None,sfc_unique_p2_22,0,None,16.66,4.33,66.0,18,50,0,0,0,False,73.4375,9.6268,5.4534,15.18,0.2969,0.8915,0.2346,0.233,2869.9903781440526,250.0,3119.9903781440526
0,1762654143.6718652,415.8,108,0.3103,0.6871,0.5472,0.5738,51.9828,68.7103,57.3783,0.0,0.0,0.0,30.37,0,30.37,None,0.3367908000946045,35.501,False,None,sfc_cache_p3_22,0,None,16.66,4.33,66.0,18,50,0,0,0,False,73.24675324675324,9.6268,5.4534,15.18,0.2969,0.8915,0.2346,0.233,2869.9903781440526,250.0,3119.9903781440526
0,1762654143.6724117,415.8,108,0.3103,0.6871,0.5472,0.5738,51.9828,68.7103,57.3783,0.0,0.0,0.0,11.93,6.85,5.09,None,0.3367908000946045,142.291,False,None,sfc_unique_p3_22,0,None,16.66,4.33,66.0,18,50,0,0,0,False,73.05699481865285,9.6268,5.4534,15.18,0.2969,0.8915,0.2346,0.233,2869.9903781440526,250.0,3119.9903781440526
0,1762654143.8981173,416.0,109,0.3264,0.6871,0.568,0.5987,55.3307,68.7103,59.873,0.0,0.0,0.0,10.61,5.94,4.67,None,0.555009126663208,97.927,True,None,sfc_cache_p4_22,0,None,16.66,4.33,66.0,18,52,0,0,0,False,73.1266149870801,9.852692307692308,5.243653846153847,15.23076923076923,0.29,0.8915,0.2321,0.2341,2889.1100902629196,260.0,3149.1100902629196
0,1762654143.898651,416.0,109,0.3264,0.6871,0.568,0.5987,55.3307,68.7103,59.873,0.0,0.0,0.0,11.67,5.95,5.72,None,0.555009126663208,91.026,True,None,sfc_unique_p4_22,0,None,16.66,4.33,66.0,18,52,0,0,0,False,73.19587628865979,9.852692307692308,5.243653846153847,15.23076923076923,0.29,0.8915,0.2321,0.2341,2889.1100902629196,260.0,3149.1100902629196
0,1762654144.0748334,416.2,110,0.3264,0.6871,0.568,0.5987,55.3307,68.7103,59.873,0.0,0.0,0.0,30.14,0,30.14,None,0.7811906337738037,35.205,False,None,sfc_cache_p5_22,0,None,16.66,4.33,66.0,18,52,0,0,0,False,73.00771208226222,9.852692307692308,5.243653846153847,15.23076923076923,0.29,0.8915,0.2321,0.2341,2889.1100902629196,260.0,3149.1100902629196
0,1762654144.0753784,416.2,110,0.3264,0.6871,0.568,0.5987,55.3307,68.7103,59.873,0.0,0.0,0.0,12.38,7.76,4.63,None,0.7811906337738037,102.064,False,None,sfc_unique_p5_22,0,None,16.66,4.33,66.0,18,52,0,0,0,False,72.82051282051282,9.852692307692308,5.243653846153847,15.23076923076923,0.29,0.8915,0.2321,0.2341,2889.1100902629196,260.0,3149.1100902629196
0,1762654144.262548,416.4,111,0.3264,0.6871,0.568,0.5987,55.3307,68.7103,59.873,0.0,0.0,0.0,30.14,0,30.14,None,0.957904577255249,35.532,False,None,sfc_cache_p6_22,0,None,16.66,4.33,66.0,18,52,0,0,0,False,72.63427109974424,9.852692307692308,5.243653846153847,15.23076923076923,0.29,0.8915,0.2321,0.2341,2889.1100902629196,260.0,3149.1100902629196
0,1762654144.2633617,416.4,111,0.3264,0.6871,0.568,0.5987,55.3307,68.7103,59.873,0.0,0.0,0.0,8.47,3.9,4.57,None,0.957904577255249,109.426,False,None,sfc_unique_p6_22,0,None,16.66,4.33,66.0,18,52,0,0,0,False,72.44897959183673,9.852692307692308,5.243653846153847,15.23076923076923,0.29,0.8915,0.2321,0.2341,2889.1100902629196,260.0,3149.1100902629196
0,1762654144.548794,416.6,111,0.2665,0.5863,0.4563,0.474,43.3777,58.6332,47.3995,0.0,0.0,0.0,10.87,7.73,3.14,None,4.458427429199219e-05,73.569,True,None,sfc_cache_p2_20,0,None,16.66,0.0,66.0,13,42,0,0,0,False,72.51908396946564,9.563333333333334,5.54,14.928571428571429,0.2851,0.8598,0.218,0.2349,2761.1502490934263,230.0,2991.1502490934263
0,1762654144.5493135,416.6,111,0.2665,0.5863,0.4563,0.474,43.3777,58.6332,47.3995,0.0,0.0,0.0,9.47,4.79,4.67,None,4.458427429199219e-05,114.554,True,None,sfc_unique_p2_20,0,None,16.66,0.0,66.0,13,42,0,0,0,False,72.58883248730965,9.563333333333334,5.54,14.928571428571429,0.2851,0.8598,0.218,0.2349,2761.1502490934263,230.0,2991.1502490934263
0,1762654144.834479,416.9,111,0.2837,0.5947,0.4818,0.4989,46.3659,59.4723,49.8942,0.0,0.0,0.0,8.72,4.41,4.32,None,0.2765066623687744,106.125,True,None,sfc_cache_p1_20,0,None,16.66,0.0,66.0,14,44,0,0,0,False,72.65822784810126,9.7575,5.363863636363636,15.0,0.2956,0.8681,0.2193,0.2345,2787.221330009089,230.0,3017.221330009089
0,1762654144.8349957,416.9,111,0.2837,0.5947,0.4818,0.4989,46.3659,59.4723,49.8942,0.0,0.0,0.0,12.14,6.03,6.11,None,0.2765066623687744,156.804,True,None,sfc_unique_p1_20,0,None,16.66,0.0,66.0,14,44,0,0,0,False,72.72727272727273,9.7575,5.363863636363636,15.0,0.2956,0.8681,0.2193,0.2345,2787.221330009089,230.0,3017.221330009089
0,1762654145.0445433,417.1,111,0.2976,0.6292,0.5056,0.5239,48.2375,62.917,52.3889,0.0,0.0,0.0,10.89,6.28,4.62,None,0.5642225742340088,93.399,True,None,sfc_cache_p2_18,0,None,16.66,0.0,66.0,14,46,0,0,0,False,72.79596977329975,9.71,5.427826086956522,15.065217391304348,0.2951,0.9043,0.2217,0.2352,2819.6316907216706,230.0,3049.6316907216706
0,1762654145.0450752,417.1,111,0.2976,0.6292,0.5056,0.5239,48.2375,62.917,52.3889,0.0,0.0,0.0,9.16,4.8,4.37,None,0.5642225742340088,89.812,True,None,sfc_unique_p2_18,0,None,16.66,0.0,66.0,14,46,0,0,0,False,72.8643216080402,9.71,5.427826086956522,15.065217391304348,0.2951,0.9043,0.2217,0.2352,2819.6316907216706,230.0,3049.6316907216706
0,1762654149.7760694,421.9,111,0.2846,0.6183,0.4826,0.4989,45.3573,61.8259,49.8942,0.0,0.0,0.0,9.77,4.83,4.94,None,6.031990051269531e-05,234.472,True,None,sfc_cache_p3_20,0,None,16.66,0.0,66.0,14,44,0,0,0,False,72.93233082706767,9.545227272727272,5.576136363636364,15.0,0.3008,0.8765,0.206,0.2348,2779.2358572593575,220.0,2999.2358572593575
0,1762654149.777212,421.9,111,0.2846,0.6183,0.4826,0.4989,45.3573,61.8259,49.8942,0.0,0.0,0.0,11.05,4.87,6.18,None,6.031990051269531e-05,159.93,True,None,sfc_unique_p3_20,0,None,16.66,0.0,66.0,14,44,0,0,0,False,73.0,9.545227272727272,5.576136363636364,15.0,0.3008,0.8765,0.206,0.2348,2779.2358572593575,220.0,2999.2358572593575
0,1762654165.379174,437.5,111,0.2235,0.5426,0.3851,0.3992,32.7584,54.2637,39.9153,0.0,0.0,0.0,8.09,5.18,2.91,None,0.00016427040100097656,102.609,True,None,sfc_cache_p1_23,0,None,8.33,0.0,33.0,9,34,0,0,0,False,73.06733167082294,8.921470588235294,6.333529411764706,15.529411764705882,0.3587,0.8888,0.2163,0.2324,2681.602889146996,170.0,2851.602889146996
0,1762654165.3796628,437.5,111,0.2235,0.5426,0.3851,0.3992,32.7584,54.2637,39.9153,0.0,0.0,0.0,7.25,4.88,2.37,None,0.00016427040100097656,106.276,True,None,sfc_unique_p1_23,0,None,8.33,0.0,33.0,9,34,0,0,0,False,73.13432835820896,8.921470588235294,6.333529411764706,15.529411764705882,0.3587,0.8888,0.2163,0.2324,2681.602889146996,170.0,2851.602889146996
0,1762654165.6156087,437.7,112,0.2311,0.5838,0.408,0.4241,34.3427,58.3787,42.41,0.0,0.0,0.0,8.88,5.42,3.46,None,0.24312520027160645,94.915,True,None,sfc_cache_p2_23,0,None,8.33,0.0,33.0,10,36,0,0,0,False,73.20099255583126,8.833333333333334,6.435277777777777,15.583333333333334,0.3303,0.9003,0.213,0.2322,2713.4430734448406,180.0,2893.4430734448406
0,1762654165.6161475,437.7,112,0.2311,0.5838,0.408,0.4241,34.3427,58.3787,42.41,0.0,0.0,0.0,12.75,9.46,3.29,None,0.24312520027160645,108.909,True,None,sfc_unique_p2_23,0,None,8.33,0.0,33.0,10,36,0,0,0,False,73.26732673267327,8.833333333333334,6.435277777777777,15.583333333333334,0.3303,0.9003,0.213,0.2322,2713.4430734448406,180.0,2893.4430734448406
0,1762654165.8589685,437.9,113,0.2428,0.6098,0.425,0.449,36.5739,60.9843,44.9047,0.0,0.0,0.0,4.43,3.01,1.42,None,0.4795796871185303,100.94,True,None,sfc_cache_p3_23,0,None,8.33,0.0,33.0,10,38,0,0,0,False,73.33333333333333,8.912105263157896,6.3686842105263155,15.631578947368421,0.3272,0.9129,0.2158,0.2317,2751.8042466378447,190.0,2941.8042466378447
0,1762654165.8594759,437.9,113,0.2428,0.6098,0.425,0.449,36.5739,60.9843,44.9047,0.0,0.0,0.0,7.56,5.19,2.37,None,0.4795796871185303,107.722,True,None,sfc_unique_p3_23,0,None,8.33,0.0,33.0,10,38,0,0,0,False,73.39901477832512,8.912105263157896,6.3686842105263155,15.631578947368421,0.3272,0.9129,0.2158,0.2317,2751.8042466378447,190.0,2941.8042466378447
0,1762654166.1415877,438.2,114,0.2519,0.6401,0.4438,0.474,38.6259,64.0082,47.3995,0.0,0.0,0.0,9.27,6.54,2.72,None,0.7228875160217285,92.013,True,None,sfc_cache_p4_23,0,None,8.33,0.0,33.0,11,40,0,0,0,False,73.46437346437347,8.941500000000001,6.35025,15.675,0.3256,0.916,0.2131,0.2306,2782.600711581352,200.0,2982.600711581352
0,1762654166.142111,438.2,114,0.2519,0.6401,0.4438,0.474,38.6259,64.0082,47.3995,0.0,0.0,0.0,10.22,6.19,4.03,None,0.7228875160217285,100.444,True,None,sfc_unique_p4_23,0,None,8.33,0.0,33.0,11,40,0,0,0,False,73.52941176470588,8.941500000000001,6.35025,15.675,0.3256,0.916,0.2131,0.2306,2782.600711581352,200.0,2982.600711581352
0,1762654166.391393,438.5,115,0.2578,0.677,0.4657,0.4989,40.3894,67.7049,49.8942,0.0,0.0,0.0,8.28,4.62,3.66,None,1.0055134296417236,102.523,True,None,sfc_cache_p5_23,0,None,8.33,0.0,33.0,13,42,0,0,0,False,73.59413202933986,8.904523809523809,6.397142857142858,15.714285714285714,0.3197,0.9318,0.2297,0.229,2814.1626243561823,210.0,3024.1626243561823
0,1762654166.392276,438.5,115,0.2578,0.677,0.4657,0.4989,40.3894,67.7049,49.8942,0.0,0.0,0.0,10.27,6.23,4.04,None,1.0055134296417236,111.402,True,None,sfc_unique_p5_23,0,None,8.33,0.0,33.0,13,42,0,0,0,False,73.65853658536585,8.904523809523809,6.397142857142858,15.714285714285714,0.3197,0.9318,0.2297,0.229,2814.1626243561823,210.0,3024.1626243561823
0,1762654166.6761885,438.8,116,0.2726,0.677,0.4861,0.5239,43.2697,67.7049,52.3889,0.0,0.0,0.0,9.45,6.3,3.15,None,1.2559552192687988,108.103,True,None,sfc_cache_p6_23,0,None,8.33,4.33,33.0,16,44,0,0,0,False,73.72262773722628,9.105909090909092,6.106363636363636,15.75,0.3149,0.9318,0.2265,0.2282,2838.939980802553,220.0,3058.939980802553
0,1762654166.6768606,438.8,116,0.2726,0.677,0.4861,0.5239,43.2697,67.7049,52.3889,0.0,0.0,0.0,10.39,7.5,2.89,None,1.2559552192687988,133.919,True,None,sfc_unique_p6_23,0,None,8.33,4.33,33.0,16,44,0,0,0,False,73.7864077669903,9.105909090909092,6.106363636363636,15.75,0.3149,0.9318,0.2265,0.2282,2838.939980802553,220.0,3058.939980802553
0,1762654174.6546364,446.7,116,0.274,0.6804,0.4853,0.5239,43.1261,68.04,52.3889,0.0,0.0,0.0,5.97,2.89,3.08,None,6.341934204101562e-05,160.343,True,None,sfc_cache_p3_19,0,None,8.33,4.33,33.0,16,44,0,0,0,False,73.8498789346247,9.075681818181819,6.136590909090909,15.75,0.3208,0.9346,0.2089,0.2284,2836.625522358244,220.0,3056.625522358244
0,1762654174.6551883,446.7,116,0.274,0.6804,0.4853,0.5239,43.1261,68.04,52.3889,0.0,0.0,0.0,13.94,7.99,5.95,None,6.341934204101562e-05,102.184,True,None,sfc_unique_p3_19,0,None,8.33,4.33,33.0,16,44,0,0,0,False,73.91304347826086,9.075681818181819,6.136590909090909,15.75,0.3208,0.9346,0.2089,0.2284,2836.625522358244,220.0,3056.625522358244
0,1762654186.4794137,458.6,116,0.2888,0.6905,0.5075,0.5488,46.0419,69.048,54.8836,0.0,0.0,0.0,7.79,4.98,2.81,None,0.0001647472381591797,125.193,True,None,sfc_cache_p1_24,0,None,8.33,4.33,33.0,16,46,0,0,0,False,73.97590361445782,9.26804347826087,5.956739130434783,15.782608695652174,0.3153,0.9432,0.2243,0.2293,2865.1147778914433,230.0,3095.1147778914433
0,1762654186.480286,458.6,116,0.2888,0.6905,0.5075,0.5488,46.0419,69.048,54.8836,0.0,0.0,0.0,10.31,5.85,4.47,None,0.0001647472381591797,165.417,True,None,sfc_unique_p1_24,0,None,8.33,4.33,33.0,16,46,0,0,0,False,74.03846153846155,9.26804347826087,5.956739130434783,15.782608695652174,0.3153,0.9432,0.2243,0.2293,2865.1147778914433,230.0,3095.1147778914433
0,1762654186.8568625,458.9,117,0.3011,0.709,0.5317,0.5738,48.5982,70.8951,57.3783,0.0,0.0,0.0,8.25,4.73,3.52,None,0.33333373069763184,165.35,True,None,sfc_cache_p2_24,0,None,8.33,4.33,33.0,16,48,0,0,0,False,74.10071942446042,9.375,5.861249999999999,15.8125,0.3031,0.9392,0.2392,0.2305,2883.312488412873,240.0,3123.312488412873
0,1762654186.857743,458.9,117,0.3011,0.709,0.5317,0.5738,48.5982,70.8951,57.3783,0.0,0.0,0.0,13.93,8.43,5.5,None,0.33333373069763184,156.849,True,None,sfc_unique_p2_24,0,None,8.33,4.33,33.0,16,48,0,0,0,False,74.16267942583733,9.375,5.861249999999999,15.8125,0.3031,0.9392,0.2392,0.2305,2883.312488412873,240.0,3123.312488412873
0,1762654187.2420774,459.3,118,0.3011,0.709,0.5317,0.5738,48.5982,70.8951,57.3783,0.0,0.0,0.0,29.94,0,29.94,None,0.7107629776000977,59.992,False,None,sfc_cache_p3_24,0,None,8.33,4.33,33.0,16,48,0,0,0,False,73.9856801909308,9.375,5.861249999999999,15.8125,0.3031,0.9392,0.2392,0.2305,2883.312488412873,240.0,3123.312488412873
0,1762654187.2435062,459.3,118,0.3011,0.709,0.5317,0.5738,48.5982,70.8951,57.3783,0.0,0.0,0.0,31.17,0,31.17,None,0.7107629776000977,256.989,False,None,sfc_unique_p3_24,0,None,8.33,4.33,33.0,16,48,0,0,0,False,73.80952380952381,9.375,5.861249999999999,15.8125,0.3031,0.9392,0.2392,0.2305,2883.312488412873,240.0,3123.312488412873
0,1762654187.589402,459.7,119,0.3011,0.709,0.5317,0.5738,48.5982,70.8951,57.3783,0.0,0.0,0.0,30.22,0,30.22,None,1.096794843673706,129.303,False,None,sfc_cache_p4_24,0,None,8.33,4.33,33.0,16,48,0,0,0,False,73.63420427553444,9.375,5.861249999999999,15.8125,0.3031,0.9392,0.2392,0.2305,2883.312488412873,240.0,3123.312488412873
0,1762654187.589939,459.7,119,0.3011,0.709,0.5317,0.5738,48.5982,70.8951,57.3783,0.0,0.0,0.0,31.74,0,31.74,None,1.096794843673706,149.498,False,None,sfc_unique_p4_24,0,None,8.33,4.33,33.0,16,48,0,0,0,False,73.45971563981043,9.375,5.861249999999999,15.8125,0.3031,0.9392,0.2392,0.2305,2883.312488412873,240.0,3123.312488412873
0,1762654187.8142772,459.9,120,0.3011,0.709,0.5317,0.5738,48.5982,70.8951,57.3783,0.0,0.0,0.0,29.94,0,29.94,None,1.4425969123840332,59.708,False,None,sfc_cache_p5_24,0,None,8.33,4.33,33.0,16,48,0,0,0,False,73.28605200945626,9.375,5.861249999999999,15.8125,0.3031,0.9392,0.2392,0.2305,2883.312488412873,240.0,3123.312488412873
0,1762654187.8148506,459.9,120,0.3011,0.709,0.5317,0.5738,48.5982,70.8951,57.3783,0.0,0.0,0.0,31.17,0,31.17,None,1.4425969123840332,98.986,False,None,sfc_unique_p5_24,0,None,8.33,4.33,33.0,16,48,0,0,0,False,73.11320754716981,9.375,5.861249999999999,15.8125,0.3031,0.9392,0.2392,0.2305,2883.312488412873,240.0,3123.312488412873
0,1762654188.090616,460.2,121,0.3011,0.709,0.5317,0.5738,48.5982,70.8951,57.3783,0.0,0.0,0.0,29.77,0,29.77,None,1.667508602142334,39.265,False,None,sfc_cache_p6_24,0,None,8.33,4.33,33.0,16,48,0,0,0,False,72.94117647058823,9.375,5.861249999999999,15.8125,0.3031,0.9392,0.2392,0.2305,2883.312488412873,240.0,3123.312488412873
0,1762654188.091486,460.2,121,0.3011,0.709,0.5317,0.5738,48.5982,70.8951,57.3783,0.0,0.0,0.0,30.83,0,30.83,None,1.667508602142334,133.457,False,None,sfc_unique_p6_24,0,None,8.33,4.33,33.0,16,48,0,0,0,False,72.76995305164318,9.375,5.861249999999999,15.8125,0.3031,0.9392,0.2392,0.2305,2883.312488412873,240.0,3123.312488412873
0,1762654217.4048245,489.5,121,0.2583,0.5586,0.4136,0.474,38.7349,55.8588,47.3995,0.0,0.0,0.0,7.8,4.54,3.26,None,0.00016736984252929688,88.817,True,None,sfc_cache_p1_25,0,None,4.33,4.33,0.0,14,38,0,0,0,False,72.8337236533958,9.438684210526317,5.833421052631579,16.5,0.3538,0.7599,0.2532,0.2194,2713.7495717018614,190.0,2903.7495717018614
0,1762654217.405335,489.5,121,0.2583,0.5586,0.4136,0.474,38.7349,55.8588,47.3995,0.0,0.0,0.0,14.33,10.54,3.79,None,0.00016736984252929688,105.677,True,None,sfc_unique_p1_25,0,None,4.33,4.33,0.0,14,38,0,0,0,False,72.89719626168224,9.438684210526317,5.833421052631579,16.5,0.3538,0.7599,0.2532,0.2194,2713.7495717018614,190.0,2903.7495717018614
0,1762654217.6543217,489.7,122,0.266,0.5888,0.4339,0.4989,40.7869,58.8827,49.8942,0.0,0.0,0.0,8.65,6.13,2.52,None,0.2321319580078125,105.651,True,None,sfc_cache_p2_25,0,None,4.33,4.33,0.0,14,40,0,0,0,False,72.96037296037296,9.44175,5.841749999999999,16.5,0.3391,0.7668,0.2484,0.218,2741.167193400685,200.0,2941.167193400685
0,1762654217.65484,489.7,122,0.266,0.5888,0.4339,0.4989,40.7869,58.8827,49.8942,0.0,0.0,0.0,12.47,9.95,2.52,None,0.2321319580078125,104.852,True,None,sfc_unique_p2_25,0,None,4.33,4.33,0.0,14,40,0,0,0,False,73.0232558139535,9.44175,5.841749999999999,16.5,0.3391,0.7668,0.2484,0.218,2741.167193400685,200.0,2941.167193400685
0,1762654218.095572,490.2,123,0.2743,0.6157,0.4546,0.5239,42.9824,61.5714,52.3889,0.0,0.0,0.0,6.66,3.99,2.67,None,0.4816169738769531,132.667,True,None,sfc_cache_p3_25,0,None,4.33,4.33,0.0,14,42,0,0,0,False,73.08584686774941,9.476190476190476,5.817619047619048,16.5,0.3224,0.8569,0.2502,0.2184,2775.274603930945,210.0,2985.274603930945
0,1762654218.0969305,490.2,123,0.2743,0.6157,0.4546,0.5239,42.9824,61.5714,52.3889,0.0,0.0,0.0,14.05,10.56,3.5,None,0.4816169738769531,266.441,True,None,sfc_unique_p3_25,0,None,4.33,4.33,0.0,14,42,0,0,0,False,73.14814814814815,9.476190476190476,5.817619047619048,16.5,0.3224,0.8569,0.2502,0.2184,2775.274603930945,210.0,2985.274603930945
0,1762654218.382957,490.5,124,0.2872,0.6241,0.4747,0.5488,45.9707,62.4105,54.8836,0.0,0.0,0.0,11.3,7.24,4.06,None,0.9242122173309326,93.454,True,None,sfc_cache_p4_25,0,None,4.33,4.33,0.0,14,44,0,0,0,False,73.21016166281755,9.674318181818181,5.628863636363636,16.5,0.319,0.8598,0.2471,0.2177,2809.2490731389844,220.0,3029.2490731389844
0,1762654218.3834774,490.5,124,0.2872,0.6241,0.4747,0.5488,45.9707,62.4105,54.8836,0.0,0.0,0.0,7.65,4.29,3.36,None,0.9242122173309326,150.981,True,None,sfc_unique_p4_25,0,None,4.33,4.33,0.0,14,44,0,0,0,False,73.27188940092167,9.674318181818181,5.628863636363636,16.5,0.319,0.8598,0.2471,0.2177,2809.2490731389844,220.0,3029.2490731389844
0,1762654218.6147869,490.7,125,0.2872,0.6241,0.4747,0.5488,45.9707,62.4105,54.8836,0.0,0.0,0.0,7.38,4.02,3.37,None,1.2102148532867432,83.868,False,None,sfc_cache_p5_25,0,None,4.33,4.33,0.0,14,44,0,0,0,False,73.10344827586206,9.674318181818181,5.628863636363636,16.5,0.319,0.8598,0.2471,0.2177,2809.2490731389844,220.0,3029.2490731389844
0,1762654218.6153228,490.7,125,0.2872,0.6241,0.4747,0.5488,45.9707,62.4105,54.8836,0.0,0.0,0.0,32.15,0,32.15,None,1.2102148532867432,104.548,False,None,sfc_unique_p5_25,0,None,4.33,4.33,0.0,14,44,0,0,0,False,72.93577981651376,9.674318181818181,5.628863636363636,16.5,0.319,0.8598,0.2471,0.2177,2809.2490731389844,220.0,3029.2490731389844
0,1762654218.8932467,491.0,126,0.298,0.6476,0.5002,0.5738,48.3109,64.7616,57.3783,0.0,0.0,0.0,11.01,7.18,3.83,None,1.4420292377471924,93.523,True,None,sfc_cache_p6_25,0,None,4.33,4.33,0.0,15,46,0,0,0,False,72.99771167048054,9.724782608695651,5.586956521739131,16.5,0.2937,0.8838,0.2443,0.2176,2830.699557288668,230.0,3060.699557288668
0,1762654218.89377,491.0,126,0.298,0.6476,0.5002,0.5738,48.3109,64.7616,57.3783,0.0,0.0,0.0,12.4,8.57,3.83,None,1.4420292377471924,148.623,True,None,sfc_unique_p6_25,0,None,4.33,4.33,0.0,15,46,0,0,0,False,73.0593607305936,9.724782608695651,5.586956521739131,16.5,0.2937,0.8838,0.2443,0.2176,2830.699557288668,230.0,3060.699557288668
0,1762654235.431682,507.5,126,0.298,0.6476,0.5002,0.5738,48.3109,64.7616,57.3783,0.0,0.0,0.0,29.75,0,29.75,None,0.00016188621520996094,59.588,False,None,sfc_cache_p1_26,0,None,4.33,4.33,0.0,15,46,0,0,0,False,72.89293849658314,9.724782608695651,5.586956521739131,16.5,0.2937,0.8838,0.2443,0.2176,2830.699557288668,230.0,3060.699557288668
0,1762654235.4326274,507.5,126,0.298,0.6476,0.5002,0.5738,48.3109,64.7616,57.3783,0.0,0.0,0.0,31.23,0,31.23,None,0.00016188621520996094,109.712,False,None,sfc_unique_p1_26,0,None,4.33,4.33,0.0,15,46,0,0,0,False,72.72727272727273,9.724782608695651,5.586956521739131,16.5,0.2937,0.8838,0.2443,0.2176,2830.699557288668,230.0,3060.699557288668
0,1762654235.6829944,507.8,127,0.298,0.6476,0.5002,0.5738,48.3109,64.7616,57.3783,0.0,0.0,0.0,29.4,0,29.4,None,0.23377466201782227,60.652,False,None,sfc_cache_p2_26,0,None,4.33,4.33,0.0,15,46,0,0,0,False,72.56235827664399,9.724782608695651,5.586956521739131,16.5,0.2937,0.8838,0.2443,0.2176,2830.699557288668,230.0,3060.699557288668
0,1762654235.683527,507.8,127,0.298,0.6476,0.5002,0.5738,48.3109,64.7616,57.3783,0.0,0.0,0.0,14.18,9.59,4.59,None,0.23377466201782227,136.798,False,None,sfc_unique_p2_26,0,None,4.33,4.33,0.0,15,46,0,0,0,False,72.39819004524887,9.724782608695651,5.586956521739131,16.5,0.2937,0.8838,0.2443,0.2176,2830.699557288668,230.0,3060.699557288668
0,1762654235.9655552,508.1,128,0.298,0.6476,0.5002,0.5738,48.3109,64.7616,57.3783,0.0,0.0,0.0,29.03,0,29.03,None,0.4844393730163574,74.404,False,None,sfc_cache_p3_26,0,None,4.33,4.33,0.0,15,46,0,0,0,False,72.23476297968398,9.724782608695651,5.586956521739131,16.5,0.2937,0.8838,0.2443,0.2176,2830.699557288668,230.0,3060.699557288668
0,1762654235.9660947,508.1,128,0.298,0.6476,0.5002,0.5738,48.3109,64.7616,57.3783,0.0,0.0,0.0,13.02,8.62,4.4,None,0.4844393730163574,163.634,False,None,sfc_unique_p3_26,0,None,4.33,4.33,0.0,15,46,0,0,0,False,72.07207207207207,9.724782608695651,5.586956521739131,16.5,0.2937,0.8838,0.2443,0.2176,2830.699557288668,230.0,3060.699557288668
0,1762654236.2162533,508.3,129,0.298,0.6476,0.5002,0.5738,48.3109,64.7616,57.3783,0.0,0.0,0.0,29.46,0,29.46,None,0.766991138458252,95.437,False,None,sfc_cache_p4_26,0,None,4.33,4.33,0.0,15,46,0,0,0,False,71.91011235955057,9.724782608695651,5.586956521739131,16.5,0.2937,0.8838,0.2443,0.2176,2830.699557288668,230.0,3060.699557288668
0,1762654236.2167838,508.3,129,0.298,0.6476,0.5002,0.5738,48.3109,64.7616,57.3783,0.0,0.0,0.0,30.66,0,30.66,None,0.766991138458252,103.382,False,None,sfc_unique_p4_26,0,None,4.33,4.33,0.0,15,46,0,0,0,False,71.74887892376681,9.724782608695651,5.586956521739131,16.5,0.2937,0.8838,0.2443,0.2176,2830.699557288668,230.0,3060.699557288668
0,1762654236.4199874,508.5,130,0.298,0.6476,0.5002,0.5738,48.3109,64.7616,57.3783,0.0,0.0,0.0,29.18,0,29.18,None,1.0176360607147217,46.208,False,None,sfc_cache_p5_26,0,None,4.33,4.33,0.0,15,46,0,0,0,False,71.58836689038031,9.724782608695651,5.586956521739131,16.5,0.2937,0.8838,0.2443,0.2176,2830.699557288668,230.0,3060.699557288668
0,1762654236.4205024,508.5,130,0.298,0.6476,0.5002,0.5738,48.3109,64.7616,57.3783,0.0,0.0,0.0,11.79,7.15,4.64,None,1.0176360607147217,109.495,False,None,sfc_unique_p5_26,0,None,4.33,4.33,0.0,15,46,0,0,0,False,71.42857142857143,9.724782608695651,5.586956521739131,16.5,0.2937,0.8838,0.2443,0.2176,2830.699557288668,230.0,3060.699557288668
0,1762654236.7196436,508.8,131,0.298,0.6476,0.5002,0.5738,48.3109,64.7616,57.3783,0.0,0.0,0.0,29.4,0,29.4,None,1.221320390701294,39.542,False,None,sfc_cache_p6_26,0,None,4.33,4.33,0.0,15,46,0,0,0,False,71.26948775055679,9.724782608695651,5.586956521739131,16.5,0.2937,0.8838,0.2443,0.2176,2830.699557288668,230.0,3060.699557288668
0,1762654236.7213533,508.8,131,0.298,0.6476,0.5002,0.5738,48.3109,64.7616,57.3783,0.0,0.0,0.0,12.32,8.47,3.85,None,1.221320390701294,150.677,False,None,sfc_unique_p6_26,0,None,4.33,4.33,0.0,15,46,0,0,0,False,71.11111111111111,9.724782608695651,5.586956521739131,16.5,0.2937,0.8838,0.2443,0.2176,2830.699557288668,230.0,3060.699557288668
0,1762654254.605073,526.7,131,0.2514,0.4107,0.3517,0.3992,35.4951,41.0745,39.9153,0.0,0.0,0.0,7.56,3.48,4.08,None,0.00018453598022460938,154.299,True,None,sfc_cache_p1_27,0,None,0.0,4.33,0.0,8,32,0,0,0,False,71.17516629711751,10.2709375,5.09375,16.5,0.3299,0.7891,0.2422,0.2034,2610.6196534219507,160.0,2770.6196534219507
0,1762654254.6059072,526.7,131,0.2514,0.4107,0.3517,0.3992,35.4951,41.0745,39.9153,0.0,0.0,0.0,9.43,4.75,4.68,None,0.00018453598022460938,191.505,True,None,sfc_unique_p1_27,0,None,0.0,4.33,0.0,8,32,0,0,0,False,71.23893805309734,10.2709375,5.09375,16.5,0.3299,0.7891,0.2422,0.2034,2610.6196534219507,160.0,2770.6196534219507
0,1762654254.9562056,527.0,132,0.2675,0.4191,0.3764,0.4241,38.4833,41.9136,42.41,0.0,0.0,0.0,8.96,5.22,3.74,None,0.3867321014404297,136.235,True,None,sfc_cache_p2_27,0,None,0.0,4.33,0.0,9,34,0,0,0,False,71.30242825607064,10.480588235294118,4.892058823529412,16.5,0.3486,0.7938,0.2443,0.2066,2643.939667093165,170.0,2813.939667093165
0,1762654254.9570746,527.0,132,0.2675,0.4191,0.3764,0.4241,38.4833,41.9136,42.41,0.0,0.0,0.0,11.74,7.21,4.53,None,0.3867321014404297,174.943,True,None,sfc_unique_p2_27,0,None,0.0,4.33,0.0,9,34,0,0,0,False,71.36563876651982,10.480588235294118,4.892058823529412,16.5,0.3486,0.7938,0.2443,0.2066,2643.939667093165,170.0,2813.939667093165
0,1762654255.4228904,527.5,133,0.2706,0.4653,0.3993,0.449,39.8516,46.5326,44.9047,0.0,0.0,0.0,8.44,5.16,3.27,None,0.737884521484375,154.954,True,None,sfc_cache_p3_27,0,None,0.0,4.33,0.0,9,36,0,0,0,False,71.42857142857143,10.250277777777777,5.129444444444444,16.5,0.347,0.8777,0.2602,0.2123,2690.7000486130537,180.0,2870.7000486130537
0,1762654255.4243085,527.5,133,0.2706,0.4653,0.3993,0.449,39.8516,46.5326,44.9047,0.0,0.0,0.0,10.93,7.48,3.45,None,0.737884521484375,270.352,True,None,sfc_unique_p3_27,0,None,0.0,4.33,0.0,9,36,0,0,0,False,71.49122807017544,10.250277777777777,5.129444444444444,16.5,0.347,0.8777,0.2602,0.2123,2690.7000486130537,180.0,2870.7000486130537
0,1762654255.8012803,527.9,133,0.2164,0.357,0.315,0.3493,31.5716,35.697,34.9259,0.0,0.0,0.0,8.09,4.04,4.05,None,5.793571472167969e-05,160.14,True,None,sfc_cache_p6_23,0,None,0.0,0.0,0.0,3,28,0,0,0,False,71.55361050328227,10.440714285714284,5.059285714285714,16.5,0.3149,0.7404,0.2108,0.2227,2532.5746433397658,170.0,2702.5746433397658
0,1762654255.802142,527.9,133,0.2164,0.357,0.315,0.3493,31.5716,35.697,34.9259,0.0,0.0,0.0,12.52,5.12,7.4,None,5.793571472167969e-05,169.795,True,None,sfc_unique_p6_23,0,None,0.0,0.0,0.0,3,28,0,0,0,False,71.61572052401746,10.440714285714284,5.059285714285714,16.5,0.3149,0.7404,0.2108,0.2227,2532.5746433397658,170.0,2702.5746433397658
0,1762654256.1593275,528.2,133,0.2372,0.3679,0.336,0.3742,34.4518,36.7881,37.4206,0.0,0.0,0.0,12.26,6.93,5.33,None,0.36781811714172363,141.347,True,None,sfc_cache_p5_23,0,None,0.0,0.0,0.0,4,30,0,0,0,False,71.67755991285402,10.633666666666667,4.866333333333333,16.5,0.3317,0.7751,0.2061,0.2252,2565.525717992252,170.0,2735.525717992252
0,1762654256.1602018,528.3,133,0.2372,0.3679,0.336,0.3742,34.4518,36.7881,37.4206,0.0,0.0,0.0,14.8,7.85,6.95,None,0.36781811714172363,180.638,True,None,sfc_unique_p5_23,0,None,0.0,0.0,0.0,4,30,0,0,0,False,71.73913043478261,10.633666666666667,4.866333333333333,16.5,0.3317,0.7751,0.2061,0.2252,2565.525717992252,170.0,2735.525717992252
0,1762654256.520341,528.6,133,0.2504,0.4015,0.3548,0.3992,36.3601,40.1472,39.9153,0.0,0.0,0.0,7.31,3.16,4.15,None,0.728015661239624,151.723,True,None,sfc_cache_p4_23,0,None,0.0,0.0,0.0,4,32,0,0,0,False,71.8004338394794,10.52125,4.97875,16.5,0.3387,0.8251,0.2071,0.224,2612.774454255988,170.0,2782.774454255988
0,1762654256.5217113,528.6,133,0.2504,0.4015,0.3548,0.3992,36.3601,40.1472,39.9153,0.0,0.0,0.0,14.66,7.21,7.45,None,0.728015661239624,172.153,True,None,sfc_unique_p4_23,0,None,0.0,0.0,0.0,4,32,0,0,0,False,71.86147186147186,10.52125,4.97875,16.5,0.3387,0.8251,0.2071,0.224,2612.774454255988,170.0,2782.774454255988
0,1762654257.045046,529.1,133,0.2697,0.4141,0.378,0.4241,39.168,41.4071,42.41,0.0,0.0,0.0,10.35,6.48,3.87,None,1.0917470455169678,309.199,True,None,sfc_cache_p1_23,0,None,0.0,0.0,0.0,4,34,0,0,0,False,71.92224622030238,10.667058823529413,4.832941176470588,16.5,0.3464,0.843,0.2075,0.2215,2640.967309851097,170.0,2810.967309851097
0,1762654257.0459151,529.1,133,0.2697,0.4141,0.378,0.4241,39.168,41.4071,42.41,0.0,0.0,0.0,12.06,3.85,8.22,None,1.0917470455169678,176.789,True,None,sfc_unique_p1_23,0,None,0.0,0.0,0.0,4,34,0,0,0,False,71.98275862068965,10.667058823529413,4.832941176470588,16.5,0.3464,0.843,0.2075,0.2215,2640.967309851097,170.0,2810.967309851097
0,1762654257.4284415,529.5,134,0.2745,0.4544,0.4042,0.449,40.7879,45.439,44.9047,0.0,0.0,0.0,8.64,5.68,2.96,None,2.8266987800598145,143.808,True,None,sfc_cache_p4_27,0,None,0.0,0.0,0.0,5,36,0,0,0,False,72.04301075268818,10.491111111111111,5.0088888888888885,16.5,0.3286,0.8637,0.2255,0.221,2680.616357986061,180.0,2860.616357986061
0,1762654257.4293258,529.5,134,0.2745,0.4544,0.4042,0.449,40.7879,45.439,44.9047,0.0,0.0,0.0,8.72,4.29,4.43,None,2.8266987800598145,193.381,True,None,sfc_unique_p4_27,0,None,0.0,0.0,0.0,5,36,0,0,0,False,72.1030042918455,10.491111111111111,5.0088888888888885,16.5,0.3286,0.8637,0.2255,0.221,2680.616357986061,180.0,2860.616357986061
0,1762654257.7893438,529.9,135,0.2863,0.4779,0.4285,0.474,43.1282,47.79,47.3995,0.0,0.0,0.0,9.7,5.4,4.29,None,3.2100937366485596,131.647,True,None,sfc_cache_p5_27,0,None,0.0,0.0,0.0,6,38,0,0,0,False,72.1627408993576,10.50921052631579,4.99078947368421,16.5,0.3241,0.8436,0.222,0.2207,2713.094022068335,190.0,2903.094022068335
0,1762654257.7902725,529.9,135,0.2863,0.4779,0.4285,0.474,43.1282,47.79,47.3995,0.0,0.0,0.0,9.65,5.01,4.64,None,3.2100937366485596,186.203,True,None,sfc_unique_p5_27,0,None,0.0,0.0,0.0,6,38,0,0,0,False,72.22222222222221,10.50921052631579,4.99078947368421,16.5,0.3241,0.8436,0.222,0.2207,2713.094022068335,190.0,2903.094022068335
0,1762654258.2547326,530.3,136,0.2899,0.5207,0.4479,0.4989,44.6402,52.0739,49.8942,0.0,0.0,0.0,6.3,3.52,2.78,None,3.571028470993042,149.839,True,None,sfc_cache_p6_27,0,None,0.0,0.0,0.0,7,40,0,0,0,False,72.28144989339019,10.33375,5.16625,16.5,0.318,0.844,0.2385,0.2182,2757.6977985735202,200.0,2957.6977985735202
0,1762654258.2556345,530.3,136,0.2899,0.5207,0.4479,0.4989,44.6402,52.0739,49.8942,0.0,0.0,0.0,8.08,4.3,3.78,None,3.571028470993042,177.323,True,None,sfc_unique_p6_27,0,None,0.0,0.0,0.0,7,40,0,0,0,False,72.3404255319149,10.33375,5.16625,16.5,0.318,0.844,0.2385,0.2182,2757.6977985735202,200.0,2957.6977985735202
0,1762654260.7965484,532.9,136,0.2731,0.5056,0.4232,0.449,41.5072,50.5645,44.9047,0.0,0.0,0.0,11.09,6.18,4.91,None,7.224082946777344e-05,145.911,True,None,sfc_cache_p2_23,0,None,4.0,0.0,33.0,8,38,0,0,0,False,72.39915074309978,10.114210526315789,5.280526315789474,15.631578947368421,0.3421,0.8922,0.2411,0.2167,2736.4829795744263,190.0,2926.4829795744263
0,1762654260.797415,532.9,136,0.2731,0.5056,0.4232,0.449,41.5072,50.5645,44.9047,0.0,0.0,0.0,14.26,7.66,6.59,None,7.224082946777344e-05,170.714,True,None,sfc_unique_p2_23,0,None,4.0,0.0,33.0,8,38,0,0,0,False,72.45762711864407,10.114210526315789,5.280526315789474,15.631578947368421,0.3421,0.8922,0.2411,0.2167,2736.4829795744263,190.0,2926.4829795744263
0,1762654275.5763083,547.7,136,0.2134,0.4006,0.3263,0.3493,29.7011,40.0615,34.9259,0.0,0.0,0.0,9.43,5.66,3.77,None,0.0002524852752685547,143.051,True,None,sfc_cache_p1_28,0,None,0.0,0.0,0.0,5,28,0,0,0,False,72.51585623678648,9.822142857142856,5.6778571428571425,16.5,0.3619,0.8207,0.2675,0.2209,2548.8006129669734,140.0,2688.8006129669734
0,1762654275.5771847,547.7,136,0.2134,0.4006,0.3263,0.3493,29.7011,40.0615,34.9259,0.0,0.0,0.0,10.68,5.64,5.03,None,0.0002524852752685547,161.484,True,None,sfc_unique_p1_28,0,None,0.0,0.0,0.0,5,28,0,0,0,False,72.57383966244726,9.822142857142856,5.6778571428571425,16.5,0.3619,0.8207,0.2675,0.2209,2548.8006129669734,140.0,2688.8006129669734
0,1762654275.9602222,548.1,137,0.2152,0.4561,0.351,0.3742,30.673,45.6053,37.4206,0.0,0.0,0.0,10.51,5.69,4.82,None,0.3478083610534668,158.08,True,None,sfc_cache_p2_28,0,None,0.0,0.0,0.0,5,30,0,0,0,False,72.63157894736842,9.467333333333332,6.032666666666667,16.5,0.345,0.8499,0.2553,0.2215,2609.8472001825744,150.0,2759.8472001825744
0,1762654275.9611013,548.1,137,0.2152,0.4561,0.351,0.3742,30.673,45.6053,37.4206,0.0,0.0,0.0,10.2,3.73,6.47,None,0.3478083610534668,182.618,True,None,sfc_unique_p2_28,0,None,0.0,0.0,0.0,5,30,0,0,0,False,72.68907563025209,9.467333333333332,6.032666666666667,16.5,0.345,0.8499,0.2553,0.2215,2609.8472001825744,150.0,2759.8472001825744
0,1762654276.4360495,548.5,138,0.2231,0.4905,0.3798,0.3992,32.5446,49.05,39.9153,0.0,0.0,0.0,9.04,4.54,4.5,None,0.731691837310791,153.488,True,None,sfc_cache_p3_28,0,None,0.0,0.0,0.0,6,32,0,0,0,False,72.74633123689728,9.4171875,6.0828125,16.5,0.3369,0.8459,0.2496,0.2243,2640.5646476237703,160.0,2800.5646476237703
0,1762654276.4369533,548.5,138,0.2231,0.4905,0.3798,0.3992,32.5446,49.05,39.9153,0.0,0.0,0.0,11.88,6.15,5.73,None,0.731691837310791,183.459,True,None,sfc_unique_p3_28,0,None,0.0,0.0,0.0,6,32,0,0,0,False,72.80334728033473,9.4171875,6.0828125,16.5,0.3369,0.8459,0.2496,0.2243,2640.5646476237703,160.0,2800.5646476237703
0,1762654276.8499215,548.9,139,0.2332,0.5132,0.3979,0.3992,34.4885,51.3179,39.9153,0.0,0.0,0.0,10.71,6.54,4.17,None,1.2101655006408691,131.741,True,None,sfc_cache_p4_28,0,None,4.0,0.0,33.0,8,34,0,0,0,False,72.86012526096033,9.39264705882353,5.989705882352942,15.529411764705882,0.335,0.8661,0.2435,0.2257,2674.7780768727166,170.0,2844.7780768727166
0,1762654276.8507488,548.9,139,0.2332,0.5132,0.3979,0.3992,34.4885,51.3179,39.9153,0.0,0.0,0.0,11.84,6.06,5.77,None,1.2101655006408691,232.629,True,None,sfc_unique_p4_28,0,None,4.0,0.0,33.0,8,34,0,0,0,False,72.91666666666666,9.39264705882353,5.989705882352942,15.529411764705882,0.335,0.8661,0.2435,0.2257,2674.7780768727166,170.0,2844.7780768727166
0,1762654277.2182252,549.3,140,0.2458,0.5174,0.4192,0.4241,37.1884,51.7387,42.41,0.0,0.0,0.0,7.58,3.24,4.33,None,1.621272325515747,154.845,True,None,sfc_cache_p5_28,0,None,4.0,4.33,33.0,9,36,0,0,0,False,72.97297297297297,9.565277777777778,5.703333333333333,15.583333333333334,0.3061,0.8598,0.239,0.2272,2690.5115591949834,180.0,2870.5115591949834
0,1762654277.2191103,549.3,140,0.2458,0.5174,0.4192,0.4241,37.1884,51.7387,42.41,0.0,0.0,0.0,14.55,9.51,5.04,None,1.621272325515747,170.712,True,None,sfc_unique_p5_28,0,None,4.0,4.33,33.0,9,36,0,0,0,False,73.02904564315352,9.565277777777778,5.703333333333333,15.583333333333334,0.3061,0.8598,0.239,0.2272,2690.5115591949834,180.0,2870.5115591949834
0,1762654277.633481,549.7,141,0.2597,0.53,0.442,0.449,39.9963,52.9987,44.9047,0.0,0.0,0.0,7.56,3.88,3.67,None,1.9896419048309326,220.293,True,None,sfc_cache_p6_28,0,None,4.0,4.33,33.0,11,38,0,0,0,False,73.08488612836439,9.746052631578948,5.534736842105263,15.631578947368421,0.2984,0.8493,0.2474,0.2257,2716.0107606442934,190.0,2906.0107606442934
0,1762654277.6345093,549.7,141,0.2597,0.53,0.442,0.449,39.9963,52.9987,44.9047,0.0,0.0,0.0,12.75,8.36,4.39,None,1.9896419048309326,146.445,True,None,sfc_unique_p6_28,0,None,4.0,4.33,33.0,11,38,0,0,0,False,73.14049586776859,9.746052631578948,5.534736842105263,15.631578947368421,0.2984,0.8493,0.2474,0.2257,2716.0107606442934,190.0,2906.0107606442934
0,1762654291.6015086,563.7,141,0.2633,0.5787,0.463,0.474,41.2556,57.8722,47.3995,0.0,0.0,0.0,8.78,5.53,3.24,None,0.00016999244689941406,133.836,True,None,sfc_cache_p1_29,0,None,4.0,4.33,33.0,11,40,0,0,0,False,73.19587628865979,9.55025,5.7415,15.675,0.2984,0.8564,0.2417,0.2274,2769.310988163253,200.0,2969.310988163253
0,1762654291.6031675,563.7,141,0.2633,0.5787,0.463,0.474,41.2556,57.8722,47.3995,0.0,0.0,0.0,8.7,4.29,4.4,None,0.00016999244689941406,174.88,True,None,sfc_unique_p1_29,0,None,4.0,4.33,33.0,11,40,0,0,0,False,73.25102880658436,9.55025,5.7415,15.675,0.2984,0.8564,0.2417,0.2274,2769.310988163253,200.0,2969.310988163253
0,1762654292.0103292,564.1,142,0.2705,0.609,0.4877,0.4989,43.3075,60.8961,49.8942,0.0,0.0,0.0,7.22,4.08,3.14,None,0.358428955078125,172.988,True,None,sfc_cache_p2_29,0,None,4.0,4.33,33.0,11,42,0,0,0,False,73.30595482546201,9.547857142857143,5.753809523809524,15.714285714285714,0.2942,0.8994,0.2437,0.2273,2808.58770503045,210.0,3018.58770503045
0,1762654292.0112064,564.1,142,0.2705,0.609,0.4877,0.4989,43.3075,60.8961,49.8942,0.0,0.0,0.0,10.89,6.5,4.39,None,0.358428955078125,176.215,True,None,sfc_unique_p2_29,0,None,4.0,4.33,33.0,11,42,0,0,0,False,73.36065573770492,9.547857142857143,5.753809523809524,15.714285714285714,0.2942,0.8994,0.2437,0.2273,2808.58770503045,210.0,3018.58770503045
0,1762654292.4814403,564.6,143,0.2745,0.6552,0.5121,0.5239,44.6758,65.5151,52.3889,0.0,0.0,0.0,8.96,4.73,4.23,None,0.7660512924194336,251.011,True,None,sfc_cache_p3_29,0,None,4.0,4.33,33.0,12,44,0,0,0,False,73.41513292433538,9.401818181818182,5.908863636363637,15.75,0.289,0.9362,0.2399,0.2275,2857.7704852374723,220.0,3077.7704852374723
0,1762654292.4823127,564.6,143,0.2745,0.6552,0.5121,0.5239,44.6758,65.5151,52.3889,0.0,0.0,0.0,12.19,7.03,5.16,None,0.7660512924194336,174.615,True,None,sfc_unique_p3_29,0,None,4.0,4.33,33.0,12,44,0,0,0,False,73.46938775510205,9.401818181818182,5.908863636363637,15.75,0.289,0.9362,0.2399,0.2275,2857.7704852374723,220.0,3077.7704852374723
0,1762654292.8261688,564.9,143,0.2778,0.6468,0.5127,0.5239,45.0354,64.6759,52.3889,0.0,0.0,0.0,12.41,7.2,5.21,None,7.05718994140625e-05,132.24,True,None,sfc_cache_p2_25,0,None,4.0,4.33,33.0,12,44,0,0,0,False,73.5234215885947,9.4775,5.833181818181819,15.75,0.2801,0.93,0.2456,0.2284,2848.627700278091,220.0,3068.627700278091
0,1762654292.82734,564.9,143,0.2778,0.6468,0.5127,0.5239,45.0354,64.6759,52.3889,0.0,0.0,0.0,10.48,4.09,6.4,None,7.05718994140625e-05,161.314,True,None,sfc_unique_p2_25,0,None,4.0,4.33,33.0,12,44,0,0,0,False,73.57723577235772,9.4775,5.833181818181819,15.75,0.2801,0.93,0.2456,0.2284,2848.627700278091,220.0,3068.627700278091
0,1762654293.1852417,565.3,144,0.2789,0.6778,0.5422,0.5239,46.1521,67.783,52.3889,0.0,0.0,0.0,6.78,3.74,3.04,None,1.582158088684082,147.954,True,None,sfc_cache_p4_29,0,None,8.0,8.66,66.0,14,46,0,0,0,False,73.63083164300203,9.290217391304349,5.847608695652174,15.065217391304348,0.2736,0.9581,0.2404,0.227,2884.139794381171,230.0,3114.139794381171
0,1762654293.1861343,565.3,144,0.2789,0.6778,0.5422,0.5239,46.1521,67.783,52.3889,0.0,0.0,0.0,9.94,5.17,4.78,None,1.582158088684082,157.994,True,None,sfc_unique_p4_29,0,None,8.0,8.66,66.0,14,46,0,0,0,False,73.68421052631578,9.290217391304349,5.847608695652174,15.065217391304348,0.2736,0.9581,0.2404,0.227,2884.139794381171,230.0,3114.139794381171
0,1762654293.6360707,565.7,145,0.2766,0.7266,0.565,0.5239,46.5117,72.6565,52.3889,0.0,0.0,0.0,5.82,2.83,2.99,None,1.940913200378418,225.441,True,None,sfc_cache_p5_29,0,None,16.33,8.66,99.0,17,48,0,0,0,False,73.73737373737373,8.9725,6.006875,14.4375,0.2688,0.9569,0.2354,0.2255,2891.7276515240287,240.0,3131.7276515240287
0,1762654293.6369424,565.7,145,0.2766,0.7266,0.565,0.5239,46.5117,72.6565,52.3889,0.0,0.0,0.0,8.09,4.69,3.4,None,1.940913200378418,177.602,True,None,sfc_unique_p5_29,0,None,16.33,8.66,99.0,17,48,0,0,0,False,73.79032258064517,8.9725,6.006875,14.4375,0.2688,0.9569,0.2354,0.2255,2891.7276515240287,240.0,3131.7276515240287
0,1762654293.9665291,566.1,146,0.2864,0.7526,0.5931,0.5488,48.7429,75.2621,54.8836,0.0,0.0,0.0,9.25,5.32,3.93,None,2.391727924346924,106.956,True,None,sfc_cache_p6_29,0,None,16.33,8.66,99.0,18,50,0,0,0,False,73.8430583501006,9.0268,5.973400000000001,14.52,0.2655,0.9608,0.2325,0.2263,2906.3899923300864,250.0,3156.3899923300864
0,1762654293.9679093,566.1,146,0.2864,0.7526,0.5931,0.5488,48.7429,75.2621,54.8836,0.0,0.0,0.0,12.41,6.68,5.73,None,2.391727924346924,171.492,True,None,sfc_unique_p6_29,0,None,16.33,8.66,99.0,18,50,0,0,0,False,73.89558232931726,9.0268,5.973400000000001,14.52,0.2655,0.9608,0.2325,0.2263,2906.3899923300864,250.0,3156.3899923300864
0,1762654297.8478181,569.9,146,0.2862,0.7442,0.585,0.5488,49.1026,74.4229,54.8836,0.0,0.0,0.0,9.43,4.43,5.0,None,7.510185241699219e-05,135.383,True,None,sfc_cache_p1_27,0,None,16.33,8.66,99.0,17,50,0,0,0,False,73.94789579158316,9.0934,5.9068,14.52,0.2649,0.9595,0.232,0.2263,2893.6650612048734,250.0,3143.6650612048734
0,1762654297.8492494,569.9,146,0.2862,0.7442,0.585,0.5488,49.1026,74.4229,54.8836,0.0,0.0,0.0,10.49,5.59,4.89,None,7.510185241699219e-05,171.933,True,None,sfc_unique_p1_27,0,None,16.33,8.66,99.0,17,50,0,0,0,False,74.0,9.0934,5.9068,14.52,0.2649,0.9595,0.232,0.2263,2893.6650612048734,250.0,3143.6650612048734
0,1762654302.939625,575.0,146,0.2975,0.7249,0.586,0.5738,50.8305,72.4902,57.3783,0.0,0.0,0.0,6.86,2.91,3.95,None,7.486343383789062e-05,137.654,True,None,sfc_cache_p1_28,0,None,12.33,4.33,66.0,14,50,0,0,0,False,74.05189620758483,9.413400000000001,5.7534,15.18,0.2713,0.9365,0.2343,0.2295,2888.4341295881413,250.0,3138.4341295881413
0,1762654302.9405107,575.0,146,0.2975,0.7249,0.586,0.5738,50.8305,72.4902,57.3783,0.0,0.0,0.0,14.3,8.72,5.58,None,7.486343383789062e-05,146.741,True,None,sfc_unique_p1_28,0,None,12.33,4.33,66.0,14,50,0,0,0,False,74.10358565737052,9.413400000000001,5.7534,15.18,0.2713,0.9365,0.2343,0.2295,2888.4341295881413,250.0,3138.4341295881413
0,1762654307.8810859,580.0,146,0.265,0.7148,0.5335,0.5239,44.5667,71.4822,52.3889,0.0,0.0,0.0,9.47,3.68,5.79,None,7.295608520507812e-05,157.771,True,None,sfc_cache_p6_25,0,None,12.33,4.33,66.0,14,46,0,0,0,False,74.15506958250498,8.97108695652174,6.166739130434783,15.065217391304348,0.2718,0.9389,0.2044,0.2287,2850.8736329926833,230.0,3080.8736329926833
0,1762654307.8819726,580.0,146,0.265,0.7148,0.5335,0.5239,44.5667,71.4822,52.3889,0.0,0.0,0.0,13.99,7.05,6.94,None,7.295608520507812e-05,170.465,True,None,sfc_unique_p6_25,0,None,12.33,4.33,66.0,14,46,0,0,0,False,74.20634920634922,8.97108695652174,6.166739130434783,15.065217391304348,0.2718,0.9389,0.2044,0.2287,2850.8736329926833,230.0,3080.8736329926833
0,1762654312.7383428,584.8,146,0.2511,0.6812,0.5085,0.474,42.2275,68.1207,47.3995,0.0,0.0,0.0,6.88,3.06,3.82,None,7.319450378417969e-05,97.965,True,None,sfc_cache_p6_28,0,None,16.33,4.33,99.0,13,44,0,0,0,False,74.25742574257426,8.88659090909091,6.143863636363636,14.25,0.2673,0.9428,0.1818,0.2307,2837.724641592253,230.0,3067.724641592253
0,1762654312.7392247,584.8,146,0.2511,0.6812,0.5085,0.474,42.2275,68.1207,47.3995,0.0,0.0,0.0,11.56,6.32,5.24,None,7.319450378417969e-05,95.674,True,None,sfc_unique_p6_28,0,None,16.33,4.33,99.0,13,44,0,0,0,False,74.30830039525692,8.88659090909091,6.143863636363636,14.25,0.2673,0.9428,0.1818,0.2307,2837.724641592253,230.0,3067.724641592253
0,1762654313.009411,585.1,146,0.2607,0.7299,0.5323,0.4989,43.4868,72.9942,49.8942,0.0,0.0,0.0,9.21,5.62,3.59,None,0.2232809066772461,143.583,True,None,sfc_cache_p4_27,0,None,16.33,4.33,99.0,14,46,0,0,0,False,74.35897435897436,8.753695652173914,6.297173913043479,14.347826086956522,0.2755,0.9429,0.1847,0.2316,2858.114005138792,230.0,3088.114005138792
0,1762654313.0099676,585.1,146,0.2607,0.7299,0.5323,0.4989,43.4868,72.9942,49.8942,0.0,0.0,0.0,10.31,5.36,4.94,None,0.2232809066772461,100.589,True,None,sfc_unique_p4_27,0,None,16.33,4.33,99.0,14,46,0,0,0,False,74.40944881889764,8.753695652173914,6.297173913043479,14.347826086956522,0.2755,0.9429,0.1847,0.2316,2858.114005138792,230.0,3088.114005138792
0,1762654315.537075,587.6,146,0.2695,0.7526,0.5515,0.5239,45.8627,75.2621,52.3889,0.0,0.0,0.0,5.49,3.57,1.93,None,0.0002079010009765625,101.316,True,None,sfc_cache_p1_30,0,None,16.33,4.33,99.0,14,48,0,0,0,False,74.4597249508841,8.847291666666667,6.222291666666667,14.4375,0.2694,0.9462,0.2002,0.2305,2873.7559336328336,240.0,3113.7559336328336
0,1762654315.5376053,587.6,146,0.2695,0.7526,0.5515,0.5239,45.8627,75.2621,52.3889,0.0,0.0,0.0,8.85,4.22,4.64,None,0.0002079010009765625,115.3,True,None,sfc_unique_p1_30,0,None,16.33,4.33,99.0,14,48,0,0,0,False,74.50980392156863,8.847291666666667,6.222291666666667,14.4375,0.2694,0.9462,0.2002,0.2305,2873.7559336328336,240.0,3113.7559336328336
0,1762654315.7821438,587.9,147,0.2763,0.7753,0.5757,0.5488,47.771,77.53,54.8836,0.0,0.0,0.0,6.46,2.81,3.65,None,0.2642967700958252,95.933,True,None,sfc_cache_p2_30,0,None,20.66,4.33,99.0,15,50,0,0,0,False,74.55968688845401,8.8468,6.1534,14.52,0.2692,0.9484,0.2151,0.2284,2897.8010682869117,250.0,3147.8010682869117
0,1762654315.782701,587.9,147,0.2763,0.7753,0.5757,0.5488,47.771,77.53,54.8836,0.0,0.0,0.0,9.93,5.04,4.88,None,0.2642967700958252,106.077,True,None,sfc_unique_p2_30,0,None,20.66,4.33,99.0,15,50,0,0,0,False,74.609375,8.8468,6.1534,14.52,0.2692,0.9484,0.2151,0.2284,2897.8010682869117,250.0,3147.8010682869117
0,1762654316.056401,588.1,148,0.2763,0.7753,0.5757,0.5488,47.771,77.53,54.8836,0.0,0.0,0.0,30.05,0,30.05,None,0.5093796253204346,136.491,False,None,sfc_cache_p3_30,0,None,20.66,4.33,99.0,15,50,0,0,0,False,74.46393762183236,8.8468,6.1534,14.52,0.2692,0.9484,0.2151,0.2284,2897.8010682869117,250.0,3147.8010682869117
0,1762654316.0569444,588.1,148,0.2763,0.7753,0.5757,0.5488,47.771,77.53,54.8836,0.0,0.0,0.0,12.71,8.22,4.49,None,0.5093796253204346,85.953,False,None,sfc_unique_p3_30,0,None,20.66,4.33,99.0,15,50,0,0,0,False,74.31906614785993,8.8468,6.1534,14.52,0.2692,0.9484,0.2151,0.2284,2897.8010682869117,250.0,3147.8010682869117
0,1762654316.2925112,588.4,149,0.2763,0.7753,0.5757,0.5488,47.771,77.53,54.8836,0.0,0.0,0.0,30.09,0,30.09,None,0.7835807800292969,92.955,False,None,sfc_cache_p4_30,0,None,20.66,4.33,99.0,15,50,0,0,0,False,74.1747572815534,8.8468,6.1534,14.52,0.2692,0.9484,0.2151,0.2284,2897.8010682869117,250.0,3147.8010682869117
0,1762654316.293032,588.4,149,0.2763,0.7753,0.5757,0.5488,47.771,77.53,54.8836,0.0,0.0,0.0,17.16,12.6,4.57,None,0.7835807800292969,93.917,False,None,sfc_unique_p4_30,0,None,20.66,4.33,99.0,15,50,0,0,0,False,74.03100775193798,8.8468,6.1534,14.52,0.2692,0.9484,0.2151,0.2284,2897.8010682869117,250.0,3147.8010682869117
0,1762654316.7738373,588.9,150,0.2763,0.7753,0.5757,0.5488,47.771,77.53,54.8836,0.0,0.0,0.0,30.08,0,30.08,None,1.0196738243103027,136.477,False,None,sfc_cache_p5_30,0,None,20.66,4.33,99.0,15,50,0,0,0,False,73.88781431334623,8.8468,6.1534,14.52,0.2692,0.9484,0.2151,0.2284,2897.8010682869117,250.0,3147.8010682869117
0,1762654316.7757099,588.9,150,0.2763,0.7753,0.5757,0.5488,47.771,77.53,54.8836,0.0,0.0,0.0,11.25,6.89,4.36,None,1.0196738243103027,279.154,False,None,sfc_unique_p5_30,0,None,20.66,4.33,99.0,15,50,0,0,0,False,73.74517374517374,8.8468,6.1534,14.52,0.2692,0.9484,0.2151,0.2284,2897.8010682869117,250.0,3147.8010682869117
0,1762654317.062732,589.2,151,0.2763,0.7753,0.5757,0.5488,47.771,77.53,54.8836,0.0,0.0,0.0,8.55,4.74,3.81,None,1.5030510425567627,120.032,False,None,sfc_cache_p6_30,0,None,20.66,4.33,99.0,15,50,0,0,0,False,73.60308285163777,8.8468,6.1534,14.52,0.2692,0.9484,0.2151,0.2284,2897.8010682869117,250.0,3147.8010682869117
0,1762654317.0632696,589.2,151,0.2763,0.7753,0.5757,0.5488,47.771,77.53,54.8836,0.0,0.0,0.0,31.19,0,31.19,None,1.5030510425567627,108.712,False,None,sfc_unique_p6_30,0,None,20.66,4.33,99.0,15,50,0,0,0,False,73.46153846153847,8.8468,6.1534,14.52,0.2692,0.9484,0.2151,0.2284,2897.8010682869117,250.0,3147.8010682869117
0,1762654317.8407094,589.9,151,0.277,0.7711,0.5746,0.5239,47.5183,77.1117,52.3889,0.0,0.0,0.0,8.63,3.87,4.76,None,8.177757263183594e-05,142.279,True,None,sfc_cache_p4_25,0,None,24.66,4.33,132.0,16,50,0,0,0,False,73.51247600767753,8.8,6.1202,13.86,0.2706,0.9494,0.2126,0.2283,2895.5070878382257,250.0,3145.5070878382257
0,1762654317.8420103,589.9,151,0.277,0.7711,0.5746,0.5239,47.5183,77.1117,52.3889,0.0,0.0,0.0,11.44,5.09,6.35,None,8.177757263183594e-05,129.607,True,None,sfc_unique_p4_25,0,None,24.66,4.33,132.0,16,50,0,0,0,False,73.5632183908046,8.8,6.1202,13.86,0.2706,0.9494,0.2126,0.2283,2895.5070878382257,250.0,3145.5070878382257
0,1762654322.9446688,595.0,151,0.2731,0.7258,0.5506,0.4989,46.1143,72.5758,49.8942,0.0,0.0,0.0,32.29,0,32.29,None,7.677078247070312e-05,113.381,False,None,sfc_cache_p1_25,0,None,24.66,4.33,132.0,16,48,0,0,0,False,73.4225621414914,8.895833333333334,6.000208333333333,13.75,0.2773,0.9153,0.2153,0.2249,2863.5745870635124,240.0,3103.5745870635124
0,1762654322.9455485,595.0,151,0.2731,0.7258,0.5506,0.4989,46.1143,72.5758,49.8942,0.0,0.0,0.0,16.32,9.53,6.79,None,7.677078247070312e-05,143.334,False,None,sfc_unique_p1_25,0,None,24.66,4.33,132.0,16,48,0,0,0,False,73.2824427480916,8.895833333333334,6.000208333333333,13.75,0.2773,0.9153,0.2153,0.2249,2863.5745870635124,240.0,3103.5745870635124
0,1762654327.6632245,599.8,151,0.2829,0.7476,0.5747,0.5239,48.5259,74.7606,52.3889,0.0,0.0,0.0,9.18,4.98,4.2,None,0.00035643577575683594,121.898,True,None,sfc_cache_p1_31,0,None,24.66,4.33,132.0,16,50,0,0,0,False,73.33333333333333,8.9866,5.9336,13.86,0.2631,0.9363,0.2126,0.2276,2889.3972071440826,250.0,3139.3972071440826
0,1762654327.6641107,599.8,151,0.2829,0.7476,0.5747,0.5239,48.5259,74.7606,52.3889,0.0,0.0,0.0,12.63,7.52,5.11,None,0.00035643577575683594,178.777,True,None,sfc_unique_p1_31,0,None,24.66,4.33,132.0,16,50,0,0,0,False,73.38403041825094,8.9866,5.9336,13.86,0.2631,0.9363,0.2126,0.2276,2889.3972071440826,250.0,3139.3972071440826
0,1762654328.0168438,600.1,152,0.2829,0.7476,0.5747,0.5239,48.5259,74.7606,52.3889,0.0,0.0,0.0,31.19,0,31.19,None,0.35416555404663086,139.303,False,None,sfc_cache_p2_31,0,None,24.66,4.33,132.0,16,50,0,0,0,False,73.24478178368122,8.9866,5.9336,13.86,0.2631,0.9363,0.2126,0.2276,2889.3972071440826,250.0,3139.3972071440826
0,1762654328.0177684,600.1,152,0.2829,0.7476,0.5747,0.5239,48.5259,74.7606,52.3889,0.0,0.0,0.0,16.67,9.11,7.56,None,0.35416555404663086,152.205,False,None,sfc_unique_p2_31,0,None,24.66,4.33,132.0,16,50,0,0,0,False,73.10606060606061,8.9866,5.9336,13.86,0.2631,0.9363,0.2126,0.2276,2889.3972071440826,250.0,3139.3972071440826
0,1762654328.4377077,600.5,153,0.2926,0.7728,0.5996,0.5488,50.7938,77.2805,54.8836,0.0,0.0,0.0,12.22,6.44,5.78,None,0.7078275680541992,232.92,True,None,sfc_cache_p3_31,0,None,24.66,4.33,132.0,16,52,0,0,0,False,73.15689981096408,9.044807692307693,5.897692307692308,13.961538461538462,0.2619,0.9627,0.2273,0.2291,2925.7385431158623,260.0,3185.7385431158623
0,1762654328.4389691,600.5,153,0.2926,0.7728,0.5996,0.5488,50.7938,77.2805,54.8836,0.0,0.0,0.0,15.0,8.11,6.89,None,0.7078275680541992,133.072,True,None,sfc_unique_p3_31,0,None,24.66,4.33,132.0,16,52,0,0,0,False,73.20754716981132,9.044807692307693,5.897692307692308,13.961538461538462,0.2619,0.9627,0.2273,0.2291,2925.7385431158623,260.0,3185.7385431158623
0,1762654328.6744611,600.8,154,0.3063,0.7812,0.6264,0.5738,53.782,78.1196,57.3783,0.0,0.0,0.0,10.47,5.34,5.13,None,1.1353120803833008,85.147,True,None,sfc_cache_p4_31,0,None,24.66,4.33,132.0,17,54,0,0,0,False,73.25800376647834,9.222222222222221,5.740925925925926,14.055555555555555,0.2562,0.9699,0.2252,0.2298,2945.0920116191896,270.0,3215.0920116191896
0,1762654328.6750252,600.8,154,0.3063,0.7812,0.6264,0.5738,53.782,78.1196,57.3783,0.0,0.0,0.0,10.91,5.3,5.61,None,1.1353120803833008,104.963,True,None,sfc_unique_p4_31,0,None,24.66,4.33,132.0,17,54,0,0,0,False,73.30827067669173,9.222222222222221,5.740925925925926,14.055555555555555,0.2562,0.9699,0.2252,0.2298,2945.0920116191896,270.0,3215.0920116191896
0,1762654328.8922746,601.0,155,0.3063,0.7812,0.6264,0.5738,53.782,78.1196,57.3783,0.0,0.0,0.0,10.74,6.66,4.08,None,1.364711046218872,115.271,False,None,sfc_cache_p5_31,0,None,24.66,4.33,132.0,17,54,0,0,0,False,73.17073170731707,9.222222222222221,5.740925925925926,14.055555555555555,0.2562,0.9699,0.2252,0.2298,2945.0920116191896,270.0,3215.0920116191896
0,1762654328.8928277,601.0,155,0.3063,0.7812,0.6264,0.5738,53.782,78.1196,57.3783,0.0,0.0,0.0,None,None,None,None,1.364711046218872,49.56,False,None,sfc_unique_p5_31,0,None,24.66,4.33,132.0,17,54,0,0,0,False,73.03370786516854,9.222222222222221,5.740925925925926,14.055555555555555,0.2562,0.9699,0.2252,0.2298,2945.0920116191896,270.0,3215.0920116191896
0,1762654329.1307077,601.2,156,0.3063,0.7812,0.6264,0.5738,53.782,78.1196,57.3783,0.0,0.0,0.0,None,None,None,None,1.582512617111206,76.796,False,None,sfc_cache_p6_31,0,None,24.66,4.33,132.0,17,54,0,0,0,False,72.89719626168224,9.222222222222221,5.740925925925926,14.055555555555555,0.2562,0.9699,0.2252,0.2298,2945.0920116191896,270.0,3215.0920116191896
0,1762654329.131274,601.2,156,0.3063,0.7812,0.6264,0.5738,53.782,78.1196,57.3783,0.0,0.0,0.0,None,None,None,None,1.582512617111206,49.659,False,None,sfc_unique_p6_31,0,None,24.66,4.33,132.0,17,54,0,0,0,False,72.76119402985076,9.222222222222221,5.740925925925926,14.055555555555555,0.2562,0.9699,0.2252,0.2298,2945.0920116191896,270.0,3215.0920116191896
0,1762654333.6698287,605.8,156,0.2869,0.7879,0.6053,0.5738,50.5767,78.795,57.3783,0.0,0.0,0.0,10.23,5.01,5.22,None,4.601478576660156e-05,84.869,True,None,sfc_cache_p6_28,0,None,20.66,4.33,99.0,16,52,0,0,0,False,72.8119180633147,9.006153846153847,6.013269230769231,14.596153846153847,0.2567,0.9676,0.2252,0.228,2939.695165929668,270.0,3209.695165929668
0,1762654333.6703763,605.8,156,0.2869,0.7879,0.6053,0.5738,50.5767,78.795,57.3783,0.0,0.0,0.0,14.08,8.82,5.26,None,4.601478576660156e-05,106.092,True,None,sfc_unique_p6_28,0,None,20.66,4.33,99.0,16,52,0,0,0,False,72.86245353159852,9.006153846153847,6.013269230769231,14.596153846153847,0.2567,0.9676,0.2252,0.228,2939.695165929668,270.0,3209.695165929668
0,1762654333.9473648,606.0,156,0.3004,0.8005,0.6305,0.5738,52.9526,80.0549,57.3783,0.0,0.0,0.0,10.19,4.51,5.68,None,0.2199234962463379,84.478,True,None,sfc_cache_p1_28,0,None,24.66,4.33,132.0,17,54,0,0,0,False,72.91280148423006,9.08,5.883148148148148,14.055555555555555,0.2627,0.9674,0.2252,0.2272,2952.2789642309053,270.0,3222.2789642309053
0,1762654333.9481764,606.0,156,0.3004,0.8005,0.6305,0.5738,52.9526,80.0549,57.3783,0.0,0.0,0.0,14.04,8.57,5.46,None,0.2199234962463379,165.78,True,None,sfc_unique_p1_28,0,None,24.66,4.33,132.0,17,54,0,0,0,False,72.96296296296296,9.08,5.883148148148148,14.055555555555555,0.2627,0.9674,0.2252,0.2272,2952.2789642309053,270.0,3222.2789642309053
0,1762654350.686302,622.8,156,0.2831,0.7098,0.5725,0.5239,47.2288,70.9833,52.3889,0.0,0.0,0.0,7.72,4.16,3.55,None,0.0001735687255859375,166.538,True,None,sfc_cache_p1_32,0,None,20.66,4.33,99.0,15,48,0,0,0,False,73.01293900184844,9.110833333333334,5.868541666666666,14.4375,0.268,0.9163,0.2346,0.2265,2891.633445379435,240.0,3131.633445379435
0,1762654350.6868412,622.8,156,0.2831,0.7098,0.5725,0.5239,47.2288,70.9833,52.3889,0.0,0.0,0.0,13.99,9.02,4.97,None,0.0001735687255859375,144.451,True,None,sfc_unique_p1_32,0,None,20.66,4.33,99.0,15,48,0,0,0,False,73.06273062730627,9.110833333333334,5.868541666666666,14.4375,0.268,0.9163,0.2346,0.2265,2891.633445379435,240.0,3131.633445379435
0,1762654351.0010543,623.1,157,0.2945,0.725,0.5956,0.5488,49.9287,72.4952,54.8836,0.0,0.0,0.0,8.94,5.01,3.93,None,0.3608837127685547,101.11,True,None,sfc_cache_p2_32,0,None,20.66,4.33,99.0,15,50,0,0,0,False,73.11233885819522,9.2464,5.7538,14.52,0.2693,0.9394,0.232,0.2261,2924.4299306367157,250.0,3174.4299306367157
0,1762654351.001986,623.1,157,0.2945,0.725,0.5956,0.5488,49.9287,72.4952,54.8836,0.0,0.0,0.0,11.29,7.02,4.27,None,0.3608837127685547,170.261,True,None,sfc_unique_p2_32,0,None,20.66,4.33,99.0,15,50,0,0,0,False,73.16176470588235,9.2464,5.7538,14.52,0.2693,0.9394,0.232,0.2261,2924.4299306367157,250.0,3174.4299306367157
0,1762654351.3305426,623.4,158,0.3013,0.7619,0.6276,0.5738,51.6923,76.1919,57.3783,0.0,0.0,0.0,10.99,6.36,4.63,None,0.676382303237915,123.729,True,None,sfc_cache_p3_32,0,None,20.66,4.33,99.0,16,52,0,0,0,False,73.21100917431193,9.204807692307693,5.814615384615385,14.596153846153847,0.2653,0.941,0.2297,0.2258,2939.7307640990275,260.0,3199.7307640990275
0,1762654351.3313682,623.4,158,0.3013,0.7619,0.6276,0.5738,51.6923,76.1919,57.3783,0.0,0.0,0.0,10.96,6.19,4.77,None,0.676382303237915,163.012,True,None,sfc_unique_p3_32,0,None,20.66,4.33,99.0,16,52,0,0,0,False,73.26007326007326,9.204807692307693,5.814615384615385,14.596153846153847,0.2653,0.941,0.2297,0.2258,2939.7307640990275,260.0,3199.7307640990275
0,1762654351.5144107,623.6,159,0.3013,0.7619,0.6276,0.5738,51.6923,76.1919,57.3783,0.0,0.0,0.0,11.46,7.73,3.73,None,1.0055904388427734,93.645,False,None,sfc_cache_p4_32,0,None,20.66,4.33,99.0,16,52,0,0,0,False,73.12614259597807,9.204807692307693,5.814615384615385,14.596153846153847,0.2653,0.941,0.2297,0.2258,2939.7307640990275,260.0,3199.7307640990275
0,1762654351.5150123,623.6,159,0.3013,0.7619,0.6276,0.5738,51.6923,76.1919,57.3783,0.0,0.0,0.0,31.73,0,31.73,None,1.0055904388427734,47.181,False,None,sfc_unique_p4_32,0,None,20.66,4.33,99.0,16,52,0,0,0,False,72.99270072992701,9.204807692307693,5.814615384615385,14.596153846153847,0.2653,0.941,0.2297,0.2258,2939.7307640990275,260.0,3199.7307640990275
0,1762654351.736281,623.8,160,0.3013,0.7619,0.6276,0.5738,51.6923,76.1919,57.3783,0.0,0.0,0.0,30.23,0,30.23,None,1.189035177230835,58.095,False,None,sfc_cache_p5_32,0,None,20.66,4.33,99.0,16,52,0,0,0,False,72.85974499089252,9.204807692307693,5.814615384615385,14.596153846153847,0.2653,0.941,0.2297,0.2258,2939.7307640990275,260.0,3199.7307640990275
0,1762654351.7374136,623.8,160,0.3013,0.7619,0.6276,0.5738,51.6923,76.1919,57.3783,0.0,0.0,0.0,31.63,0,31.63,None,1.189035177230835,76.886,False,None,sfc_unique_p5_32,0,None,20.66,4.33,99.0,16,52,0,0,0,False,72.72727272727273,9.204807692307693,5.814615384615385,14.596153846153847,0.2653,0.941,0.2297,0.2258,2939.7307640990275,260.0,3199.7307640990275
0,1762654352.0432117,624.1,161,0.3013,0.7619,0.6276,0.5738,51.6923,76.1919,57.3783,0.0,0.0,0.0,30.19,0,30.19,None,1.4119017124176025,35.914,False,None,sfc_cache_p6_32,0,None,20.66,4.33,99.0,16,52,0,0,0,False,72.59528130671507,9.204807692307693,5.814615384615385,14.596153846153847,0.2653,0.941,0.2297,0.2258,2939.7307640990275,260.0,3199.7307640990275
0,1762654352.043782,624.1,161,0.3013,0.7619,0.6276,0.5738,51.6923,76.1919,57.3783,0.0,0.0,0.0,31.55,0,31.55,None,1.4119017124176025,76.463,False,None,sfc_unique_p6_32,0,None,20.66,4.33,99.0,16,52,0,0,0,False,72.46376811594203,9.204807692307693,5.814615384615385,14.596153846153847,0.2653,0.941,0.2297,0.2258,2939.7307640990275,260.0,3199.7307640990275
0,1762654353.6874444,625.8,161,0.2897,0.6796,0.568,0.5488,49.8931,67.9569,54.8836,0.0,0.0,0.0,10.6,6.47,4.13,None,7.390975952148438e-05,80.671,True,None,sfc_cache_p6_29,0,None,12.33,0.0,66.0,12,48,0,0,0,False,72.51356238698011,9.624791666666667,5.618333333333333,15.125,0.259,0.9346,0.2278,0.2279,2890.4131153347585,260.0,3150.4131153347585
0,1762654353.6880157,625.8,161,0.2897,0.6796,0.568,0.5488,49.8931,67.9569,54.8836,0.0,0.0,0.0,13.33,8.04,5.29,None,7.390975952148438e-05,96.037,True,None,sfc_unique_p6_29,0,None,12.33,0.0,66.0,12,48,0,0,0,False,72.56317689530685,9.624791666666667,5.618333333333333,15.125,0.259,0.9346,0.2278,0.2279,2890.4131153347585,260.0,3150.4131153347585
0,1762654353.9642491,626.1,161,0.3054,0.6947,0.5882,0.5738,52.593,69.4688,57.3783,0.0,0.0,0.0,11.22,7.33,3.9,None,0.21779799461364746,93.528,True,None,sfc_cache_p4_29,0,None,12.33,0.0,66.0,14,50,0,0,0,False,72.61261261261261,9.7398,5.5136,15.18,0.2641,0.9384,0.2297,0.2299,2913.4026556535946,260.0,3173.4026556535946
0,1762654353.96563,626.1,161,0.3054,0.6947,0.5882,0.5738,52.593,69.4688,57.3783,0.0,0.0,0.0,14.27,8.96,5.31,None,0.21779799461364746,155.087,True,None,sfc_unique_p4_29,0,None,12.33,0.0,66.0,14,50,0,0,0,False,72.66187050359713,9.7398,5.5136,15.18,0.2641,0.9384,0.2297,0.2299,2913.4026556535946,260.0,3173.4026556535946
0,1762654354.281253,626.4,161,0.3141,0.7216,0.6133,0.5738,53.8889,72.1575,57.3783,0.0,0.0,0.0,6.87,2.64,4.23,None,0.4987366199493408,153.728,True,None,sfc_cache_p1_29,0,None,16.33,4.33,99.0,16,52,0,0,0,False,72.71095152603232,9.59596153846154,5.50673076923077,14.596153846153847,0.2668,0.9299,0.2297,0.2301,2920.434771425147,260.0,3180.434771425147
0,1762654354.2818077,626.4,161,0.3141,0.7216,0.6133,0.5738,53.8889,72.1575,57.3783,0.0,0.0,0.0,12.88,7.26,5.62,None,0.4987366199493408,115.935,True,None,sfc_unique_p1_29,0,None,16.33,4.33,99.0,16,52,0,0,0,False,72.75985663082437,9.59596153846154,5.50673076923077,14.596153846153847,0.2668,0.9299,0.2297,0.2301,2920.434771425147,260.0,3180.434771425147
0,1762654358.681896,630.8,161,0.3202,0.7073,0.6198,0.5738,54.5013,70.7288,57.3783,0.0,0.0,0.0,9.95,5.34,4.6,None,7.581710815429688e-05,89.783,True,None,sfc_cache_p2_28,0,None,16.33,4.33,99.0,18,52,0,0,0,False,72.80858676207514,9.705,5.397692307692308,14.596153846153847,0.2679,0.9115,0.2297,0.2304,2903.75120850919,260.0,3163.75120850919
0,1762654358.6824212,630.8,161,0.3202,0.7073,0.6198,0.5738,54.5013,70.7288,57.3783,0.0,0.0,0.0,13.2,7.11,6.09,None,7.581710815429688e-05,88.253,True,None,sfc_unique_p2_28,0,None,16.33,4.33,99.0,18,52,0,0,0,False,72.85714285714285,9.705,5.397692307692308,14.596153846153847,0.2679,0.9115,0.2297,0.2304,2903.75120850919,260.0,3163.75120850919
0,1762654363.777648,635.9,161,0.3134,0.6611,0.587,0.5488,53.133,66.1098,54.8836,0.0,0.0,0.0,8.56,4.48,4.07,None,7.152557373046875e-05,153.882,True,None,sfc_cache_p3_27,0,None,16.33,4.33,99.0,18,50,0,0,0,False,72.90552584670232,9.8398,5.247000000000001,14.52,0.2754,0.8096,0.2273,0.2306,2871.689744950598,260.0,3131.689744950598
0,1762654363.7784817,635.9,161,0.3134,0.6611,0.587,0.5488,53.133,66.1098,54.8836,0.0,0.0,0.0,12.77,8.51,4.26,None,7.152557373046875e-05,108.38,True,None,sfc_unique_p3_27,0,None,16.33,4.33,99.0,18,50,0,0,0,False,72.95373665480427,9.8398,5.247000000000001,14.52,0.2754,0.8096,0.2273,0.2306,2871.689744950598,260.0,3131.689744950598
0,1762654364.0096514,636.1,161,0.3261,0.6838,0.6087,0.5738,55.5089,68.3777,57.3783,0.0,0.0,0.0,10.36,5.04,5.31,None,0.2963564395904541,84.782,True,None,sfc_cache_p2_27,0,None,16.33,4.33,99.0,18,52,0,0,0,False,73.00177619893428,9.884423076923078,5.2182692307692315,14.596153846153847,0.2778,0.8141,0.2297,0.2299,2896.532113005079,260.0,3156.532113005079
0,1762654364.0102077,636.1,161,0.3261,0.6838,0.6087,0.5738,55.5089,68.3777,57.3783,0.0,0.0,0.0,10.28,4.66,5.62,None,0.2963564395904541,117.254,True,None,sfc_unique_p2_27,0,None,16.33,4.33,99.0,18,52,0,0,0,False,73.04964539007092,9.884423076923078,5.2182692307692315,14.596153846153847,0.2778,0.8141,0.2297,0.2299,2896.532113005079,260.0,3156.532113005079
0,1762654368.8660924,641.0,161,0.3071,0.6913,0.5848,0.5738,52.269,69.1337,57.3783,0.0,0.0,0.0,10.02,5.99,4.04,None,7.486343383789062e-05,149.253,True,None,sfc_cache_p6_28,0,None,12.33,4.33,66.0,16,50,0,0,0,False,73.09734513274336,9.6798,5.487,15.18,0.2691,0.8886,0.2297,0.2286,2889.2616063039345,260.0,3149.2616063039345
0,1762654368.8669794,641.0,161,0.3071,0.6913,0.5848,0.5738,52.269,69.1337,57.3783,0.0,0.0,0.0,13.14,7.77,5.37,None,7.486343383789062e-05,176.847,True,None,sfc_unique_p6_28,0,None,12.33,4.33,66.0,16,50,0,0,0,False,73.14487632508833,9.6798,5.487,15.18,0.2691,0.8886,0.2297,0.2286,2889.2616063039345,260.0,3149.2616063039345
0,1762654369.2426248,641.3,161,0.3121,0.6913,0.5848,0.5738,52.269,69.1337,57.3783,0.0,0.0,0.0,31.06,0,31.06,None,0.37639951705932617,157.489,False,None,sfc_cache_p1_28,0,None,12.33,4.33,66.0,16,50,0,0,0,False,73.01587301587301,9.6798,5.487,15.18,0.2763,0.8886,0.2343,0.2286,2889.2616063039345,250.0,3139.2616063039345
0,1762654369.2440336,641.3,161,0.3121,0.6913,0.5848,0.5738,52.269,69.1337,57.3783,0.0,0.0,0.0,15.01,7.83,7.18,None,0.37639951705932617,159.637,False,None,sfc_unique_p1_28,0,None,12.33,4.33,66.0,16,50,0,0,0,False,72.88732394366197,9.6798,5.487,15.18,0.2763,0.8886,0.2343,0.2286,2889.2616063039345,250.0,3139.2616063039345
0,1762654370.663036,642.8,161,0.3234,0.6997,0.6058,0.5987,55.2572,69.9728,59.873,0.0,0.0,0.0,9.31,6.08,3.23,None,0.00011992454528808594,118.196,True,None,sfc_cache_p1_33,0,None,12.33,4.33,66.0,16,52,0,0,0,False,72.93497363796133,9.839615384615385,5.34,15.23076923076923,0.2645,0.8952,0.2321,0.231,2906.2053512028288,260.0,3166.2053512028288
0,1762654370.6644006,642.8,161,0.3234,0.6997,0.6058,0.5987,55.2572,69.9728,59.873,0.0,0.0,0.0,11.85,6.43,5.43,None,0.00011992454528808594,152.448,True,None,sfc_unique_p1_33,0,None,12.33,4.33,66.0,16,52,0,0,0,False,72.98245614035088,9.839615384615385,5.34,15.23076923076923,0.2645,0.8952,0.2321,0.231,2906.2053512028288,260.0,3166.2053512028288
0,1762654370.9397655,643.0,162,0.3234,0.6997,0.6058,0.5987,55.2572,69.9728,59.873,0.0,0.0,0.0,30.51,0,30.51,None,0.32303833961486816,62.688,False,None,sfc_cache_p2_33,0,None,12.33,4.33,66.0,16,52,0,0,0,False,72.85464098073555,9.839615384615385,5.34,15.23076923076923,0.2645,0.8952,0.2321,0.231,2906.2053512028288,260.0,3166.2053512028288
0,1762654370.9406981,643.0,162,0.3234,0.6997,0.6058,0.5987,55.2572,69.9728,59.873,0.0,0.0,0.0,11.9,6.0,5.91,None,0.32303833961486816,141.386,False,None,sfc_unique_p2_33,0,None,12.33,4.33,66.0,16,52,0,0,0,False,72.72727272727273,9.839615384615385,5.34,15.23076923076923,0.2645,0.8952,0.2321,0.231,2906.2053512028288,260.0,3166.2053512028288
0,1762654371.2520149,643.3,163,0.3234,0.6997,0.6058,0.5987,55.2572,69.9728,59.873,0.0,0.0,0.0,30.14,0,30.14,None,0.5992491245269775,48.013,False,None,sfc_cache_p3_33,0,None,12.33,4.33,66.0,16,52,0,0,0,False,72.6003490401396,9.839615384615385,5.34,15.23076923076923,0.2645,0.8952,0.2321,0.231,2906.2053512028288,260.0,3166.2053512028288
0,1762654371.252641,643.3,163,0.3234,0.6997,0.6058,0.5987,55.2572,69.9728,59.873,0.0,0.0,0.0,31.59,0,31.59,None,0.5992491245269775,104.186,False,None,sfc_unique_p3_33,0,None,12.33,4.33,66.0,16,52,0,0,0,False,72.47386759581882,9.839615384615385,5.34,15.23076923076923,0.2645,0.8952,0.2321,0.231,2906.2053512028288,260.0,3166.2053512028288
0,1762654371.482234,643.6,164,0.3234,0.6997,0.6058,0.5987,55.2572,69.9728,59.873,0.0,0.0,0.0,30.14,0,30.14,None,0.910851240158081,60.188,False,None,sfc_cache_p4_33,0,None,12.33,4.33,66.0,16,52,0,0,0,False,72.34782608695653,9.839615384615385,5.34,15.23076923076923,0.2645,0.8952,0.2321,0.231,2906.2053512028288,260.0,3166.2053512028288
0,1762654371.4827986,643.6,164,0.3234,0.6997,0.6058,0.5987,55.2572,69.9728,59.873,0.0,0.0,0.0,12.89,6.16,6.74,None,0.910851240158081,100.016,False,None,sfc_unique_p4_33,0,None,12.33,4.33,66.0,16,52,0,0,0,False,72.22222222222221,9.839615384615385,5.34,15.23076923076923,0.2645,0.8952,0.2321,0.231,2906.2053512028288,260.0,3166.2053512028288
0,1762654371.762518,643.9,165,0.3234,0.6997,0.6058,0.5987,55.2572,69.9728,59.873,0.0,0.0,0.0,30.51,0,30.51,None,1.1409647464752197,40.03,False,None,sfc_cache_p5_33,0,None,12.33,4.33,66.0,16,52,0,0,0,False,72.09705372616985,9.839615384615385,5.34,15.23076923076923,0.2645,0.8952,0.2321,0.231,2906.2053512028288,260.0,3166.2053512028288
0,1762654371.76355,643.9,165,0.3234,0.6997,0.6058,0.5987,55.2572,69.9728,59.873,0.0,0.0,0.0,11.48,6.18,5.3,None,1.1409647464752197,141.843,False,None,sfc_unique_p5_33,0,None,12.33,4.33,66.0,16,52,0,0,0,False,71.97231833910035,9.839615384615385,5.34,15.23076923076923,0.2645,0.8952,0.2321,0.231,2906.2053512028288,260.0,3166.2053512028288
0,1762654372.0071738,644.1,166,0.3234,0.6997,0.6058,0.5987,55.2572,69.9728,59.873,0.0,0.0,0.0,30.46,0,30.46,None,1.4227428436279297,53.647,False,None,sfc_cache_p6_33,0,None,12.33,4.33,66.0,16,52,0,0,0,False,71.84801381692574,9.839615384615385,5.34,15.23076923076923,0.2645,0.8952,0.2321,0.231,2906.2053512028288,260.0,3166.2053512028288
0,1762654372.007734,644.1,166,0.3234,0.6997,0.6058,0.5987,55.2572,69.9728,59.873,0.0,0.0,0.0,9.45,4.74,4.71,None,1.4227428436279297,133.673,False,None,sfc_unique_p6_33,0,None,12.33,4.33,66.0,16,52,0,0,0,False,71.72413793103448,9.839615384615385,5.34,15.23076923076923,0.2645,0.8952,0.2321,0.231,2906.2053512028288,260.0,3166.2053512028288
0,1762654373.820439,645.9,166,0.2958,0.5183,0.5104,0.5239,50.5421,51.8269,52.3889,0.0,0.0,0.0,7.37,3.29,4.08,None,6.079673767089844e-05,106.012,True,None,sfc_cache_p1_30,0,None,4.0,4.33,33.0,11,44,0,0,0,False,71.77280550774526,10.636363636363637,4.674318181818181,15.75,0.2676,0.7798,0.2087,0.2319,2772.0086780872116,260.0,3032.0086780872116
0,1762654373.8209877,645.9,166,0.2958,0.5183,0.5104,0.5239,50.5421,51.8269,52.3889,0.0,0.0,0.0,14.35,7.83,6.52,None,6.079673767089844e-05,174.856,True,None,sfc_unique_p1_30,0,None,4.0,4.33,33.0,11,44,0,0,0,False,71.8213058419244,10.636363636363637,4.674318181818181,15.75,0.2676,0.7798,0.2087,0.2319,2772.0086780872116,260.0,3032.0086780872116
0,1762654374.0279331,646.1,166,0.3101,0.5443,0.5275,0.5488,52.7733,54.4325,54.8836,0.0,0.0,0.0,6.88,3.49,3.39,None,0.31383681297302246,83.963,True,None,sfc_cache_p5_29,0,None,4.0,4.33,33.0,11,46,0,0,0,False,71.8696397941681,10.62304347826087,4.695869565217391,15.782608695652174,0.267,0.7897,0.2109,0.2327,2796.193980671951,260.0,3056.193980671951
0,1762654374.0284593,646.1,166,0.3101,0.5443,0.5275,0.5488,52.7733,54.4325,54.8836,0.0,0.0,0.0,12.51,7.99,4.53,None,0.31383681297302246,95.838,True,None,sfc_unique_p5_29,0,None,4.0,4.33,33.0,11,46,0,0,0,False,71.91780821917808,10.62304347826087,4.695869565217391,15.782608695652174,0.267,0.7897,0.2109,0.2327,2796.193980671951,260.0,3056.193980671951
0,1762654374.3024726,646.4,166,0.3154,0.6015,0.5523,0.5738,53.6729,60.1451,57.3783,0.0,0.0,0.0,8.73,4.16,4.57,None,0.5238115787506104,117.522,True,None,sfc_cache_p3_29,0,None,4.0,4.33,33.0,12,48,0,0,0,False,71.96581196581197,10.353958333333333,4.9725,15.8125,0.2693,0.8093,0.2134,0.2316,2830.8062326453296,260.0,3090.8062326453296
0,1762654374.303033,646.4,166,0.3154,0.6015,0.5523,0.5738,53.6729,60.1451,57.3783,0.0,0.0,0.0,11.74,4.54,7.21,None,0.5238115787506104,117.29,True,None,sfc_unique_p3_29,0,None,4.0,4.33,33.0,12,48,0,0,0,False,72.01365187713311,10.353958333333333,4.9725,15.8125,0.2693,0.8093,0.2134,0.2316,2830.8062326453296,260.0,3090.8062326453296
0,1762654374.6088066,646.7,166,0.3255,0.6443,0.5749,0.5987,55.1849,64.429,59.873,0.0,0.0,0.0,7.98,4.61,3.38,None,0.8009257316589355,61.746,True,None,sfc_cache_p2_29,0,None,4.0,4.33,33.0,13,50,0,0,0,False,72.06132879045997,10.2198,5.1136,15.84,0.2737,0.8799,0.2321,0.2329,2883.582880014947,260.0,3143.582880014947
0,1762654374.6101425,646.7,166,0.3255,0.6443,0.5749,0.5987,55.1849,64.429,59.873,0.0,0.0,0.0,13.11,8.61,4.5,None,0.8009257316589355,162.218,True,None,sfc_unique_p2_29,0,None,4.0,4.33,33.0,13,50,0,0,0,False,72.10884353741497,10.2198,5.1136,15.84,0.2737,0.8799,0.2321,0.2329,2883.582880014947,260.0,3143.582880014947
0,1762654374.9098387,647.0,166,0.3321,0.6443,0.5749,0.5987,55.1849,64.429,59.873,0.0,0.0,0.0,30.64,0,30.64,None,1.111673355102539,59.302,False,None,sfc_cache_p6_28,0,None,4.0,4.33,33.0,13,50,0,0,0,False,71.98641765704585,10.2198,5.1136,15.84,0.2811,0.8799,0.2368,0.2329,2883.582880014947,250.0,3133.582880014947
0,1762654374.910743,647.0,166,0.3321,0.6443,0.5749,0.5987,55.1849,64.429,59.873,0.0,0.0,0.0,10.35,4.81,5.54,None,1.111673355102539,181.047,False,None,sfc_unique_p6_28,0,None,4.0,4.33,33.0,13,50,0,0,0,False,71.86440677966101,10.2198,5.1136,15.84,0.2811,0.8799,0.2368,0.2329,2883.582880014947,250.0,3133.582880014947
0,1762654378.8369746,650.9,166,0.3268,0.6644,0.5918,0.5987,53.8533,66.4449,59.873,0.0,0.0,0.0,10.29,5.15,5.14,None,7.796287536621094e-05,118.403,True,None,sfc_cache_p6_27,0,None,8.33,4.33,33.0,14,50,0,0,0,False,71.91201353637902,9.9732,5.2736,15.84,0.2789,0.899,0.2368,0.2303,2878.678858858138,250.0,3128.678858858138
0,1762654378.8378785,650.9,166,0.3268,0.6644,0.5918,0.5987,53.8533,66.4449,59.873,0.0,0.0,0.0,12.67,7.09,5.58,None,7.796287536621094e-05,153.691,True,None,sfc_unique_p6_27,0,None,8.33,4.33,33.0,14,50,0,0,0,False,71.95945945945947,9.9732,5.2736,15.84,0.2789,0.899,0.2368,0.2303,2878.678858858138,250.0,3128.678858858138
0,1762654384.0138073,656.1,166,0.305,0.5922,0.5394,0.5239,47.3735,59.2203,52.3889,0.0,0.0,0.0,10.3,6.63,3.67,None,8.487701416015625e-05,150.196,True,None,sfc_cache_p4_28,0,None,4.0,4.33,33.0,11,44,0,0,0,False,72.00674536256324,9.969545454545456,5.341136363636363,15.75,0.2799,0.8446,0.2469,0.229,2764.58860317755,220.0,2984.58860317755
0,1762654384.0143607,656.1,166,0.305,0.5922,0.5394,0.5239,47.3735,59.2203,52.3889,0.0,0.0,0.0,13.25,7.01,6.24,None,8.487701416015625e-05,186.575,True,None,sfc_unique_p4_28,0,None,4.0,4.33,33.0,11,44,0,0,0,False,72.05387205387206,9.969545454545456,5.341136363636363,15.75,0.2799,0.8446,0.2469,0.229,2764.58860317755,220.0,2984.58860317755
0,1762654384.5950036,656.7,166,0.3073,0.6376,0.5628,0.5488,48.7775,63.7562,54.8836,0.0,0.0,0.0,7.45,3.8,3.65,None,0.0001614093780517578,79.595,True,None,sfc_cache_p1_34,0,None,4.0,4.33,33.0,11,46,0,0,0,False,72.10084033613445,9.818695652173913,5.500217391304347,15.782608695652174,0.2763,0.8677,0.2433,0.2291,2803.7067737393827,230.0,3033.7067737393827
0,1762654384.5955534,656.7,166,0.3073,0.6376,0.5628,0.5488,48.7775,63.7562,54.8836,0.0,0.0,0.0,6.7,3.22,3.49,None,0.0001614093780517578,107.737,True,None,sfc_unique_p1_34,0,None,4.0,4.33,33.0,11,46,0,0,0,False,72.14765100671141,9.818695652173913,5.500217391304347,15.782608695652174,0.2763,0.8677,0.2433,0.2291,2803.7067737393827,230.0,3033.7067737393827
0,1762654384.8167145,656.9,167,0.3131,0.6795,0.5859,0.5738,50.3261,67.9543,57.3783,0.0,0.0,0.0,6.97,4.34,2.63,None,0.22788763046264648,89.074,True,None,sfc_cache_p2_34,0,None,4.0,4.33,33.0,11,48,0,0,0,False,72.19430485762143,9.708333333333334,5.618125,15.8125,0.2689,0.8864,0.2395,0.2296,2830.8906462049454,240.0,3070.8906462049454
0,1762654384.8172593,656.9,167,0.3131,0.6795,0.5859,0.5738,50.3261,67.9543,57.3783,0.0,0.0,0.0,8.17,4.01,4.16,None,0.22788763046264648,87.257,True,None,sfc_unique_p2_34,0,None,4.0,4.33,33.0,11,48,0,0,0,False,72.24080267558529,9.708333333333334,5.618125,15.8125,0.2689,0.8864,0.2395,0.2296,2830.8906462049454,240.0,3070.8906462049454
0,1762654385.0854092,657.2,168,0.3236,0.7031,0.6053,0.5987,52.6664,70.3054,59.873,0.0,0.0,0.0,6.9,4.16,2.74,None,0.44957470893859863,77.459,True,None,sfc_cache_p3_34,0,None,4.0,4.33,33.0,12,50,0,0,0,False,72.28714524207011,9.753400000000001,5.58,15.84,0.2689,0.8919,0.2368,0.2306,2861.7995612335785,250.0,3111.7995612335785
0,1762654385.0862222,657.2,168,0.3236,0.7031,0.6053,0.5987,52.6664,70.3054,59.873,0.0,0.0,0.0,8.63,4.14,4.49,None,0.44957470893859863,100.184,True,None,sfc_unique_p3_34,0,None,4.0,4.33,33.0,12,50,0,0,0,False,72.33333333333334,9.753400000000001,5.58,15.84,0.2689,0.8919,0.2368,0.2306,2861.7995612335785,250.0,3111.7995612335785
0,1762654385.3353848,657.4,169,0.3236,0.7031,0.6053,0.5987,52.6664,70.3054,59.873,0.0,0.0,0.0,30.6,0,30.6,None,0.7187423706054688,63.195,False,None,sfc_cache_p4_34,0,None,4.0,4.33,33.0,12,50,0,0,0,False,72.21297836938436,9.753400000000001,5.58,15.84,0.2689,0.8919,0.2368,0.2306,2861.7995612335785,250.0,3111.7995612335785
0,1762654385.3359678,657.4,169,0.3236,0.7031,0.6053,0.5987,52.6664,70.3054,59.873,0.0,0.0,0.0,32.05,0,32.05,None,0.7187423706054688,110.348,False,None,sfc_unique_p4_34,0,None,4.0,4.33,33.0,12,50,0,0,0,False,72.09302325581395,9.753400000000001,5.58,15.84,0.2689,0.8919,0.2368,0.2306,2861.7995612335785,250.0,3111.7995612335785
0,1762654385.6748595,657.8,170,0.3236,0.7031,0.6053,0.5987,52.6664,70.3054,59.873,0.0,0.0,0.0,30.25,0,30.25,None,0.9682440757751465,112.035,False,None,sfc_cache_p5_34,0,None,4.0,4.33,33.0,12,50,0,0,0,False,71.97346600331676,9.753400000000001,5.58,15.84,0.2689,0.8919,0.2368,0.2306,2861.7995612335785,250.0,3111.7995612335785
0,1762654385.6757908,657.8,170,0.3236,0.7031,0.6053,0.5987,52.6664,70.3054,59.873,0.0,0.0,0.0,10.32,6.66,3.66,None,0.9682440757751465,175.287,False,None,sfc_unique_p5_34,0,None,4.0,4.33,33.0,12,50,0,0,0,False,71.8543046357616,9.753400000000001,5.58,15.84,0.2689,0.8919,0.2368,0.2306,2861.7995612335785,250.0,3111.7995612335785
0,1762654385.905068,658.0,171,0.3073,0.6275,0.5524,0.5239,48.7786,62.7457,52.3889,0.0,0.0,0.0,10.79,5.72,5.07,None,1.3088061809539795,97.939,True,None,sfc_cache_p6_34,0,None,8.0,4.33,66.0,13,46,0,0,0,False,71.900826446281,9.818913043478261,5.413043478260869,15.065217391304348,0.2678,0.8669,0.222,0.231,2798.0820056078173,230.0,3028.0820056078173
0,1762654385.9056146,658.0,171,0.3073,0.6275,0.5524,0.5239,48.7786,62.7457,52.3889,0.0,0.0,0.0,7.75,3.68,4.07,None,1.3088061809539795,88.216,True,None,sfc_unique_p6_34,0,None,8.0,4.33,66.0,13,46,0,0,0,False,71.94719471947195,9.818913043478261,5.413043478260869,15.065217391304348,0.2678,0.8669,0.222,0.231,2798.0820056078173,230.0,3028.0820056078173
0,1762654388.8114488,660.9,171,0.3054,0.6249,0.5475,0.5239,48.8866,62.4937,52.3889,0.0,0.0,0.0,11.09,6.5,4.59,None,8.106231689453125e-05,96.534,True,None,sfc_cache_p3_31,0,None,8.0,4.33,66.0,13,46,0,0,0,False,71.99341021416804,9.840652173913044,5.391304347826087,15.065217391304348,0.2957,0.8816,0.222,0.232,2824.170729675903,230.0,3054.170729675903
0,1762654388.8119912,660.9,171,0.3054,0.6249,0.5475,0.5239,48.8866,62.4937,52.3889,0.0,0.0,0.0,14.89,9.98,4.91,None,8.106231689453125e-05,147.134,True,None,sfc_unique_p3_31,0,None,8.0,4.33,66.0,13,46,0,0,0,False,72.03947368421053,9.840652173913044,5.391304347826087,15.065217391304348,0.2957,0.8816,0.222,0.232,2824.170729675903,230.0,3054.170729675903
0,1762654404.7454538,676.8,171,0.275,0.5603,0.4674,0.449,41.6141,56.0276,44.9047,0.0,0.0,0.0,10.41,6.33,4.08,None,0.00018715858459472656,144.457,True,None,sfc_cache_p1_35,0,None,8.0,4.33,66.0,12,40,0,0,0,False,72.08538587848933,9.63325,5.5585,14.85,0.3091,0.9096,0.227,0.2301,2740.0299161446237,200.0,2940.0299161446237
0,1762654404.7463126,676.8,171,0.275,0.5603,0.4674,0.449,41.6141,56.0276,44.9047,0.0,0.0,0.0,11.65,7.52,4.13,None,0.00018715858459472656,157.441,True,None,sfc_unique_p1_35,0,None,8.0,4.33,66.0,12,40,0,0,0,False,72.1311475409836,9.63325,5.5585,14.85,0.3091,0.9096,0.227,0.2301,2740.0299161446237,200.0,2940.0299161446237
0,1762654405.1058252,677.2,172,0.2809,0.5956,0.4912,0.474,43.45,59.5555,47.3995,0.0,0.0,0.0,8.29,4.97,3.32,None,0.3530771732330322,157.751,True,None,sfc_cache_p2_35,0,None,8.0,4.33,66.0,13,42,0,0,0,False,72.17675941080196,9.579285714285714,5.627142857142857,14.928571428571429,0.3033,0.9119,0.2223,0.2312,2767.7679948555005,210.0,2977.7679948555005
0,1762654405.107282,677.2,172,0.2809,0.5956,0.4912,0.474,43.45,59.5555,47.3995,0.0,0.0,0.0,14.79,10.98,3.81,None,0.3530771732330322,154.052,True,None,sfc_unique_p2_35,0,None,8.0,4.33,66.0,13,42,0,0,0,False,72.22222222222221,9.579285714285714,5.627142857142857,14.928571428571429,0.3033,0.9119,0.2223,0.2312,2767.7679948555005,210.0,2977.7679948555005
0,1762654405.5407124,677.6,173,0.2909,0.6149,0.5094,0.4989,45.9707,61.4857,49.8942,0.0,0.0,0.0,6.56,3.51,3.05,None,0.71401047706604,149.635,True,None,sfc_cache_p3_35,0,None,8.0,4.33,66.0,14,44,0,0,0,False,72.26753670473083,9.674318181818181,5.545454545454546,15.0,0.3011,0.9032,0.2247,0.231,2783.3161236281367,220.0,3003.3161236281367
0,1762654405.54161,677.6,173,0.2909,0.6149,0.5094,0.4989,45.9707,61.4857,49.8942,0.0,0.0,0.0,8.36,4.96,3.4,None,0.71401047706604,235.403,True,None,sfc_unique_p3_35,0,None,8.0,4.33,66.0,14,44,0,0,0,False,72.31270358306189,9.674318181818181,5.545454545454546,15.0,0.3011,0.9032,0.2247,0.231,2783.3161236281367,220.0,3003.3161236281367
0,1762654405.907752,678.0,174,0.2984,0.651,0.5335,0.5239,47.7699,65.0993,52.3889,0.0,0.0,0.0,9.28,5.45,3.82,None,1.148353099822998,139.558,True,None,sfc_cache_p4_35,0,None,8.0,4.33,66.0,15,46,0,0,0,False,72.35772357723577,9.615869565217391,5.616086956521738,15.065217391304348,0.2963,0.9244,0.2404,0.2314,2826.360705989651,230.0,3056.360705989651
0,1762654405.9086401,678.0,174,0.2984,0.651,0.5335,0.5239,47.7699,65.0993,52.3889,0.0,0.0,0.0,11.99,6.75,5.24,None,1.148353099822998,178.198,True,None,sfc_unique_p4_35,0,None,8.0,4.33,66.0,15,46,0,0,0,False,72.40259740259741,9.615869565217391,5.616086956521738,15.065217391304348,0.2963,0.9244,0.2404,0.2314,2826.360705989651,230.0,3056.360705989651
0,1762654406.1604486,678.3,175,0.2984,0.651,0.5335,0.5239,47.7699,65.0993,52.3889,0.0,0.0,0.0,30.29,0,30.29,None,1.5153398513793945,59.349,False,None,sfc_cache_p5_35,0,None,8.0,4.33,66.0,15,46,0,0,0,False,72.28525121555916,9.615869565217391,5.616086956521738,15.065217391304348,0.2963,0.9244,0.2404,0.2314,2826.360705989651,230.0,3056.360705989651
0,1762654406.1613753,678.3,175,0.2984,0.651,0.5335,0.5239,47.7699,65.0993,52.3889,0.0,0.0,0.0,14.55,8.46,6.09,None,1.5153398513793945,129.448,False,None,sfc_unique_p5_35,0,None,8.0,4.33,66.0,15,46,0,0,0,False,72.168284789644,9.615869565217391,5.616086956521738,15.065217391304348,0.2963,0.9244,0.2404,0.2314,2826.360705989651,230.0,3056.360705989651
0,1762654406.6151738,678.7,176,0.3116,0.6552,0.5569,0.5488,50.9374,65.5201,54.8836,0.0,0.0,0.0,9.88,4.94,4.93,None,1.768026351928711,220.398,True,None,sfc_cache_p6_35,0,None,8.0,4.33,66.0,15,48,0,0,0,False,72.21324717285945,9.82625,5.416875,15.125,0.2914,0.9256,0.2368,0.2308,2851.628266782406,240.0,3091.628266782406
0,1762654406.6160872,678.7,176,0.3116,0.6552,0.5569,0.5488,50.9374,65.5201,54.8836,0.0,0.0,0.0,11.69,6.32,5.38,None,1.768026351928711,182.531,True,None,sfc_unique_p6_35,0,None,8.0,4.33,66.0,15,48,0,0,0,False,72.25806451612902,9.82625,5.416875,15.125,0.2914,0.9256,0.2368,0.2308,2851.628266782406,240.0,3091.628266782406
0,1762654417.6957188,689.8,176,0.2768,0.5056,0.4548,0.449,41.5072,50.5645,44.9047,0.0,0.0,0.0,7.48,4.5,2.97,None,0.00016379356384277344,118.067,True,None,sfc_cache_p1_36,0,None,4.0,0.0,33.0,9,38,0,0,0,False,72.30273752012883,10.114210526315789,5.280526315789474,15.631578947368421,0.3389,0.8619,0.2387,0.227,2718.87677651425,190.0,2908.87677651425
0,1762654417.696236,689.8,176,0.2768,0.5056,0.4548,0.449,41.5072,50.5645,44.9047,0.0,0.0,0.0,11.19,6.93,4.26,None,0.00016379356384277344,112.092,True,None,sfc_unique_p1_36,0,None,4.0,0.0,33.0,9,38,0,0,0,False,72.34726688102894,10.114210526315789,5.280526315789474,15.631578947368421,0.3389,0.8619,0.2387,0.227,2718.87677651425,190.0,2908.87677651425
0,1762654417.9437985,690.0,177,0.2767,0.5712,0.4859,0.474,42.0472,57.1162,47.3995,0.0,0.0,0.0,8.98,4.65,4.33,None,0.276705265045166,103.406,True,None,sfc_cache_p2_36,0,None,4.0,0.0,33.0,9,40,0,0,0,False,72.3916532905297,9.7335,5.6665,15.675,0.329,0.9006,0.2558,0.2264,2781.873216693789,200.0,2981.873216693789
0,1762654417.9443722,690.0,177,0.2767,0.5712,0.4859,0.474,42.0472,57.1162,47.3995,0.0,0.0,0.0,10.26,5.59,4.67,None,0.276705265045166,112.727,True,None,sfc_unique_p2_36,0,None,4.0,0.0,33.0,9,40,0,0,0,False,72.43589743589743,9.7335,5.6665,15.675,0.329,0.9006,0.2558,0.2264,2781.873216693789,200.0,2981.873216693789
0,1762654418.2477653,690.3,178,0.277,0.6241,0.515,0.4989,42.6595,62.408,49.8942,0.0,0.0,0.0,8.07,4.66,3.4,None,0.5248093605041504,158.539,True,None,sfc_cache_p3_36,0,None,4.0,4.33,33.0,11,42,0,0,0,False,72.48,9.405,5.8966666666666665,15.714285714285714,0.3196,0.938,0.251,0.2254,2834.42001595087,210.0,3044.42001595087
0,1762654418.248304,690.3,178,0.277,0.6241,0.515,0.4989,42.6595,62.408,49.8942,0.0,0.0,0.0,8.37,4.19,4.18,None,0.5248093605041504,114.358,True,None,sfc_unique_p3_36,0,None,4.0,4.33,33.0,11,42,0,0,0,False,72.52396166134186,9.405,5.8966666666666665,15.714285714285714,0.3196,0.938,0.251,0.2254,2834.42001595087,210.0,3044.42001595087
0,1762654418.5284076,690.6,179,0.283,0.6585,0.5355,0.5239,44.5311,65.8527,52.3889,0.0,0.0,0.0,9.71,6.06,3.65,None,0.8287227153778076,128.188,True,None,sfc_cache_p4_36,0,None,4.0,4.33,33.0,13,44,0,0,0,False,72.56778309409889,9.371363636363636,5.939318181818181,15.75,0.3159,0.9585,0.2456,0.2251,2878.2259801978907,220.0,3098.2259801978907
0,1762654418.5289474,690.6,179,0.283,0.6585,0.5355,0.5239,44.5311,65.8527,52.3889,0.0,0.0,0.0,8.28,5.06,3.22,None,0.8287227153778076,109.357,True,None,sfc_unique_p4_36,0,None,4.0,4.33,33.0,13,44,0,0,0,False,72.61146496815286,9.371363636363636,5.939318181818181,15.75,0.3159,0.9585,0.2456,0.2251,2878.2259801978907,220.0,3098.2259801978907
0,1762654418.7716205,690.9,180,0.2934,0.6846,0.553,0.5488,46.7623,68.4583,54.8836,0.0,0.0,0.0,8.51,5.72,2.79,None,1.109358549118042,98.441,True,None,sfc_cache_p5_36,0,None,4.0,4.33,33.0,13,46,0,0,0,False,72.65500794912559,9.41304347826087,5.905869565217392,15.782608695652174,0.3143,0.9597,0.2424,0.224,2899.0052713292944,230.0,3129.0052713292944
0,1762654418.7721574,690.9,180,0.2934,0.6846,0.553,0.5488,46.7623,68.4583,54.8836,0.0,0.0,0.0,8.05,4.91,3.14,None,1.109358549118042,108.949,True,None,sfc_unique_p5_36,0,None,4.0,4.33,33.0,13,46,0,0,0,False,72.6984126984127,9.41304347826087,5.905869565217392,15.782608695652174,0.3143,0.9597,0.2424,0.224,2899.0052713292944,230.0,3129.0052713292944
0,1762654419.0636775,691.2,181,0.2986,0.7199,0.5733,0.5738,48.5982,71.9862,57.3783,0.0,0.0,0.0,9.19,5.67,3.53,None,1.3525199890136719,78.74,True,None,sfc_cache_p6_36,0,None,4.0,4.33,33.0,13,48,0,0,0,False,72.74167987321711,9.375,5.951458333333334,15.8125,0.3082,0.96,0.2395,0.2234,2923.161903429588,240.0,3163.161903429588
0,1762654419.0642202,691.2,181,0.2986,0.7199,0.5733,0.5738,48.5982,71.9862,57.3783,0.0,0.0,0.0,6.21,3.35,2.86,None,1.3525199890136719,102.741,True,None,sfc_unique_p6_36,0,None,4.0,4.33,33.0,13,48,0,0,0,False,72.78481012658227,9.375,5.951458333333334,15.8125,0.3082,0.96,0.2395,0.2234,2923.161903429588,240.0,3163.161903429588
0,1762654419.30817,691.4,181,0.3009,0.7157,0.5738,0.5738,48.7786,71.5654,57.3783,0.0,0.0,0.0,11.6,4.9,6.7,None,9.298324584960938e-05,103.537,True,None,sfc_cache_p2_32,0,None,4.0,4.33,33.0,13,48,0,0,0,False,72.82780410742497,9.409791666666667,5.916666666666667,15.8125,0.2957,0.9433,0.2392,0.2245,2908.1496288208145,240.0,3148.1496288208145
0,1762654419.308728,691.4,181,0.3009,0.7157,0.5738,0.5738,48.7786,71.5654,57.3783,0.0,0.0,0.0,16.66,9.91,6.74,None,9.298324584960938e-05,102.318,True,None,sfc_unique_p2_32,0,None,4.0,4.33,33.0,13,48,0,0,0,False,72.87066246056783,9.409791666666667,5.916666666666667,15.8125,0.2957,0.9433,0.2392,0.2245,2908.1496288208145,240.0,3148.1496288208145
0,1762654443.838467,715.9,181,0.3009,0.7157,0.5738,0.5738,48.7786,71.5654,57.3783,0.0,0.0,0.0,30.29,0,30.29,None,0.00017762184143066406,60.979,False,None,sfc_cache_p1_37,0,None,4.0,4.33,33.0,13,48,0,0,0,False,72.75590551181102,9.409791666666667,5.916666666666667,15.8125,0.2957,0.9433,0.2392,0.2245,2908.1496288208145,240.0,3148.1496288208145
0,1762654443.8393993,715.9,181,0.3009,0.7157,0.5738,0.5738,48.7786,71.5654,57.3783,0.0,0.0,0.0,11.59,7.51,4.08,None,0.00017762184143066406,269.171,False,None,sfc_unique_p1_37,0,None,4.0,4.33,33.0,13,48,0,0,0,False,72.64150943396226,9.409791666666667,5.916666666666667,15.8125,0.2957,0.9433,0.2392,0.2245,2908.1496288208145,240.0,3148.1496288208145
0,1762654444.1877608,716.3,182,0.3119,0.7375,0.601,0.5987,51.1901,73.7501,59.873,0.0,0.0,0.0,6.25,3.69,2.56,None,0.3993699550628662,131.664,True,None,sfc_cache_p2_37,0,None,4.0,4.33,33.0,13,50,0,0,0,False,72.68445839874411,9.48,5.853400000000001,15.84,0.2877,0.9585,0.2368,0.2243,2931.812730427283,250.0,3181.812730427283
0,1762654444.1886563,716.3,182,0.3119,0.7375,0.601,0.5987,51.1901,73.7501,59.873,0.0,0.0,0.0,12.42,7.57,4.84,None,0.3993699550628662,159.787,True,None,sfc_unique_p2_37,0,None,4.0,4.33,33.0,13,50,0,0,0,False,72.72727272727273,9.48,5.853400000000001,15.84,0.2877,0.9585,0.2368,0.2243,2931.812730427283,250.0,3181.812730427283
0,1762654444.4548876,716.5,183,0.3119,0.7375,0.601,0.5987,51.1901,73.7501,59.873,0.0,0.0,0.0,30.33,0,30.33,None,0.7485990524291992,55.982,False,None,sfc_cache_p3_37,0,None,4.0,4.33,33.0,13,50,0,0,0,False,72.6134585289515,9.48,5.853400000000001,15.84,0.2877,0.9585,0.2368,0.2243,2931.812730427283,250.0,3181.812730427283
0,1762654444.455762,716.5,183,0.3119,0.7375,0.601,0.5987,51.1901,73.7501,59.873,0.0,0.0,0.0,10.45,7.5,2.94,None,0.7485990524291992,146.53,False,None,sfc_unique_p3_37,0,None,4.0,4.33,33.0,13,50,0,0,0,False,72.5,9.48,5.853400000000001,15.84,0.2877,0.9585,0.2368,0.2243,2931.812730427283,250.0,3181.812730427283
0,1762654444.8531923,716.9,184,0.294,0.6913,0.5536,0.5488,46.4739,69.1311,54.8836,0.0,0.0,0.0,30.29,0,30.29,None,1.0183870792388916,165.405,False,None,sfc_cache_p4_37,0,None,4.0,4.33,33.0,12,46,0,0,0,False,72.38689547581903,9.355,5.96391304347826,15.782608695652174,0.2868,0.9503,0.2243,0.223,2868.903558472477,230.0,3098.903558472477
0,1762654444.8540733,716.9,184,0.294,0.6913,0.5536,0.5488,46.4739,69.1311,54.8836,0.0,0.0,0.0,9.01,5.72,3.29,None,1.0183870792388916,163.304,False,None,sfc_unique_p4_37,0,None,4.0,4.33,33.0,12,46,0,0,0,False,72.27414330218068,9.355,5.96391304347826,15.782608695652174,0.2868,0.9503,0.2243,0.223,2868.903558472477,230.0,3098.903558472477
0,1762654445.2337139,717.3,185,0.3034,0.7098,0.5737,0.5738,48.5626,70.9782,57.3783,0.0,0.0,0.0,7.5,3.61,3.88,None,1.413935661315918,157.686,True,None,sfc_cache_p5_37,0,None,8.33,4.33,33.0,13,48,0,0,0,False,72.31726283048211,9.368125000000001,5.868125,15.8125,0.2863,0.9574,0.2392,0.2218,2899.980196763763,240.0,3139.980196763763
0,1762654445.2346227,717.3,185,0.3034,0.7098,0.5737,0.5738,48.5626,70.9782,57.3783,0.0,0.0,0.0,12.07,8.1,3.97,None,1.413935661315918,169.284,True,None,sfc_unique_p5_37,0,None,8.33,4.33,33.0,13,48,0,0,0,False,72.36024844720497,9.368125000000001,5.868125,15.8125,0.2863,0.9574,0.2392,0.2218,2899.980196763763,240.0,3139.980196763763
0,1762654445.7091236,717.8,186,0.3034,0.7098,0.5737,0.5738,48.5626,70.9782,57.3783,0.0,0.0,0.0,30.32,0,30.32,None,1.7944936752319336,145.434,False,None,sfc_cache_p6_37,0,None,8.33,4.33,33.0,13,48,0,0,0,False,72.24806201550388,9.368125000000001,5.868125,15.8125,0.2863,0.9574,0.2392,0.2218,2899.980196763763,240.0,3139.980196763763
0,1762654445.710046,717.8,186,0.3034,0.7098,0.5737,0.5738,48.5626,70.9782,57.3783,0.0,0.0,0.0,31.51,0,31.51,None,1.7944936752319336,150.796,False,None,sfc_unique_p6_37,0,None,8.33,4.33,33.0,13,48,0,0,0,False,72.13622291021672,9.368125000000001,5.868125,15.8125,0.2863,0.9574,0.2392,0.2218,2899.980196763763,240.0,3139.980196763763
0,1762654460.7425246,732.8,186,0.2842,0.6611,0.517,0.5239,43.9544,66.1072,52.3889,0.0,0.0,0.0,6.52,3.92,2.6,None,0.00016832351684570312,120.804,True,None,sfc_cache_p1_38,0,None,8.33,4.33,33.0,12,44,0,0,0,False,72.17928902627511,9.25,5.962272727272727,15.75,0.3073,0.9397,0.2268,0.2175,2850.6410633012156,220.0,3070.6410633012156
0,1762654460.743054,732.8,186,0.2842,0.6611,0.517,0.5239,43.9544,66.1072,52.3889,0.0,0.0,0.0,13.59,9.47,4.12,None,0.00016832351684570312,110.493,True,None,sfc_unique_p1_38,0,None,8.33,4.33,33.0,12,44,0,0,0,False,72.22222222222221,9.25,5.962272727272727,15.75,0.3073,0.9397,0.2268,0.2175,2850.6410633012156,220.0,3070.6410633012156
0,1762654460.979789,733.1,187,0.2894,0.7022,0.5458,0.5488,45.5387,70.2223,54.8836,0.0,0.0,0.0,8.38,5.04,3.34,None,0.27683258056640625,101.099,True,None,sfc_cache_p2_38,0,None,8.33,4.33,33.0,13,46,0,0,0,False,72.26502311248075,9.166739130434783,6.05804347826087,15.782608695652174,0.2969,0.9542,0.2244,0.2215,2865.624388078849,230.0,3095.624388078849
0,1762654460.980305,733.1,187,0.2894,0.7022,0.5458,0.5488,45.5387,70.2223,54.8836,0.0,0.0,0.0,11.59,8.05,3.54,None,0.27683258056640625,104.775,True,None,sfc_unique_p2_38,0,None,8.33,4.33,33.0,13,46,0,0,0,False,72.3076923076923,9.166739130434783,6.05804347826087,15.782608695652174,0.2969,0.9542,0.2244,0.2215,2865.624388078849,230.0,3095.624388078849
0,1762654461.3056927,733.4,188,0.2894,0.7022,0.5458,0.5488,45.5387,70.2223,54.8836,0.0,0.0,0.0,6.89,3.15,3.75,None,0.5140416622161865,106.988,False,None,sfc_cache_p3_38,0,None,8.33,4.33,33.0,13,46,0,0,0,False,72.19662058371735,9.166739130434783,6.05804347826087,15.782608695652174,0.2969,0.9542,0.2244,0.2215,2865.624388078849,230.0,3095.624388078849
0,1762654461.3062496,733.4,188,0.2894,0.7022,0.5458,0.5488,45.5387,70.2223,54.8836,0.0,0.0,0.0,30.75,0,30.75,None,0.5140416622161865,116.717,False,None,sfc_unique_p3_38,0,None,8.33,4.33,33.0,13,46,0,0,0,False,72.08588957055214,9.166739130434783,6.05804347826087,15.782608695652174,0.2969,0.9542,0.2244,0.2215,2865.624388078849,230.0,3095.624388078849
0,1762654461.500552,733.6,189,0.2894,0.7022,0.5458,0.5488,45.5387,70.2223,54.8836,0.0,0.0,0.0,29.86,0,29.86,None,0.8399853706359863,38.314,False,None,sfc_cache_p4_38,0,None,8.33,4.33,33.0,13,46,0,0,0,False,71.97549770290965,9.166739130434783,6.05804347826087,15.782608695652174,0.2969,0.9542,0.2244,0.2215,2865.624388078849,230.0,3095.624388078849
0,1762654461.5011106,733.6,189,0.2894,0.7022,0.5458,0.5488,45.5387,70.2223,54.8836,0.0,0.0,0.0,13.99,9.37,4.62,None,0.8399853706359863,115.537,False,None,sfc_unique_p4_38,0,None,8.33,4.33,33.0,13,46,0,0,0,False,71.86544342507645,9.166739130434783,6.05804347826087,15.782608695652174,0.2969,0.9542,0.2244,0.2215,2865.624388078849,230.0,3095.624388078849
0,1762654461.8273509,733.9,190,0.2894,0.7022,0.5458,0.5488,45.5387,70.2223,54.8836,0.0,0.0,0.0,29.71,0,29.71,None,1.0348312854766846,88.98,False,None,sfc_cache_p5_38,0,None,8.33,4.33,33.0,13,46,0,0,0,False,71.7557251908397,9.166739130434783,6.05804347826087,15.782608695652174,0.2969,0.9542,0.2244,0.2215,2865.624388078849,230.0,3095.624388078849
0,1762654461.8285306,733.9,190,0.2894,0.7022,0.5458,0.5488,45.5387,70.2223,54.8836,0.0,0.0,0.0,13.2,8.53,4.67,None,1.0348312854766846,199.193,False,None,sfc_unique_p5_38,0,None,8.33,4.33,33.0,13,46,0,0,0,False,71.64634146341463,9.166739130434783,6.05804347826087,15.782608695652174,0.2969,0.9542,0.2244,0.2215,2865.624388078849,230.0,3095.624388078849
0,1762654462.1065898,734.2,191,0.3008,0.7241,0.5647,0.5738,47.9502,72.407,57.3783,0.0,0.0,0.0,11.6,7.47,4.13,None,1.3627781867980957,127.465,True,None,sfc_cache_p6_38,0,None,8.33,4.33,33.0,13,48,0,0,0,False,71.68949771689498,9.25,5.986249999999999,15.8125,0.2876,0.9691,0.2223,0.2247,2890.1597707872465,240.0,3130.1597707872465
0,1762654462.1071286,734.2,191,0.3008,0.7241,0.5647,0.5738,47.9502,72.407,57.3783,0.0,0.0,0.0,10.76,6.14,4.62,None,1.3627781867980957,93.804,True,None,sfc_unique_p6_38,0,None,8.33,4.33,33.0,13,48,0,0,0,False,71.73252279635258,9.25,5.986249999999999,15.8125,0.2876,0.9691,0.2223,0.2247,2890.1597707872465,240.0,3130.1597707872465
0,1762654473.8608637,746.0,191,0.2713,0.6947,0.5094,0.5239,42.5148,69.4663,52.3889,0.0,0.0,0.0,7.07,3.62,3.44,None,0.00017118453979492188,143.117,True,None,sfc_cache_p1_39,0,None,8.33,4.33,33.0,12,44,0,0,0,False,71.77541729893778,8.947045454545455,6.265227272727273,15.75,0.328,0.974,0.2456,0.2225,2873.65513945344,220.0,3093.65513945344
0,1762654473.861834,746.0,191,0.2713,0.6947,0.5094,0.5239,42.5148,69.4663,52.3889,0.0,0.0,0.0,8.69,3.89,4.8,None,0.00017118453979492188,173.788,True,None,sfc_unique_p1_39,0,None,8.33,4.33,33.0,12,44,0,0,0,False,71.81818181818181,8.947045454545455,6.265227272727273,15.75,0.328,0.974,0.2456,0.2225,2873.65513945344,220.0,3093.65513945344
0,1762654474.3154984,746.4,192,0.286,0.7056,0.5248,0.5488,45.395,70.5574,54.8836,0.0,0.0,0.0,7.0,4.1,2.9,None,0.37004756927490234,123.205,True,None,sfc_cache_p2_39,0,None,8.33,4.33,33.0,12,46,0,0,0,False,71.86081694402421,9.13782608695652,6.086956521739131,15.782608695652174,0.3184,0.9725,0.2424,0.2254,2892.3173698019923,230.0,3122.3173698019923
0,1762654474.3164012,746.4,192,0.286,0.7056,0.5248,0.5488,45.395,70.5574,54.8836,0.0,0.0,0.0,15.06,10.23,4.82,None,0.37004756927490234,274.582,True,None,sfc_unique_p2_39,0,None,8.33,4.33,33.0,12,46,0,0,0,False,71.90332326283988,9.13782608695652,6.086956521739131,15.782608695652174,0.3184,0.9725,0.2424,0.2254,2892.3173698019923,230.0,3122.3173698019923
0,1762654474.6782384,746.8,193,0.2997,0.714,0.5453,0.5738,48.3833,71.3965,57.3783,0.0,0.0,0.0,9.79,6.99,2.8,None,0.8245644569396973,152.439,True,None,sfc_cache_p3_39,0,None,8.33,4.33,33.0,13,48,0,0,0,False,71.94570135746606,9.333541666666667,5.902708333333333,15.8125,0.2939,0.9694,0.2395,0.2265,2908.061070282869,240.0,3148.061070282869
0,1762654474.679134,746.8,193,0.2997,0.714,0.5453,0.5738,48.3833,71.3965,57.3783,0.0,0.0,0.0,14.94,10.1,4.84,None,0.8245644569396973,155.188,True,None,sfc_unique_p3_39,0,None,8.33,4.33,33.0,13,48,0,0,0,False,71.98795180722891,9.333541666666667,5.902708333333333,15.8125,0.2939,0.9694,0.2395,0.2265,2908.061070282869,240.0,3148.061070282869
0,1762654474.999034,747.1,194,0.2997,0.714,0.5453,0.5738,48.3833,71.3965,57.3783,0.0,0.0,0.0,29.93,0,29.93,None,1.189805030822754,62.727,False,None,sfc_cache_p4_39,0,None,8.33,4.33,33.0,13,48,0,0,0,False,71.8796992481203,9.333541666666667,5.902708333333333,15.8125,0.2939,0.9694,0.2395,0.2265,2908.061070282869,240.0,3148.061070282869
0,1762654475.0000196,747.1,194,0.2997,0.714,0.5453,0.5738,48.3833,71.3965,57.3783,0.0,0.0,0.0,10.1,4.68,5.42,None,1.189805030822754,183.169,False,None,sfc_unique_p4_39,0,None,8.33,4.33,33.0,13,48,0,0,0,False,71.77177177177178,9.333541666666667,5.902708333333333,15.8125,0.2939,0.9694,0.2395,0.2265,2908.061070282869,240.0,3148.061070282869
0,1762654475.4029882,747.5,195,0.2997,0.714,0.5453,0.5738,48.3833,71.3965,57.3783,0.0,0.0,0.0,29.83,0,29.83,None,1.5081703662872314,59.205,False,None,sfc_cache_p5_39,0,None,8.33,4.33,33.0,13,48,0,0,0,False,71.66416791604198,9.333541666666667,5.902708333333333,15.8125,0.2939,0.9694,0.2395,0.2265,2908.061070282869,240.0,3148.061070282869
0,1762654475.4039164,747.5,195,0.2997,0.714,0.5453,0.5738,48.3833,71.3965,57.3783,0.0,0.0,0.0,11.53,6.46,5.07,None,1.5081703662872314,173.593,False,None,sfc_unique_p5_39,0,None,8.33,4.33,33.0,13,48,0,0,0,False,71.55688622754491,9.333541666666667,5.902708333333333,15.8125,0.2939,0.9694,0.2395,0.2265,2908.061070282869,240.0,3148.061070282869
0,1762654475.736948,747.8,196,0.3089,0.7333,0.568,0.5987,50.9039,73.3268,59.873,0.0,0.0,0.0,11.46,6.98,4.47,None,1.9120352268218994,126.723,True,None,sfc_cache_p6_39,0,None,8.33,4.33,33.0,14,50,0,0,0,False,71.59940209267563,9.427,5.8198,15.84,0.2934,0.9645,0.2368,0.2283,2928.649852433473,250.0,3178.649852433473
0,1762654475.737861,747.8,196,0.3089,0.7333,0.568,0.5987,50.9039,73.3268,59.873,0.0,0.0,0.0,15.17,9.69,5.49,None,1.9120352268218994,152.403,True,None,sfc_unique_p6_39,0,None,8.33,4.33,33.0,14,50,0,0,0,False,71.64179104477611,9.427,5.8198,15.84,0.2934,0.9645,0.2368,0.2283,2928.649852433473,250.0,3178.649852433473
0,1762654491.9637594,764.1,196,0.3089,0.7333,0.568,0.5987,50.9039,73.3268,59.873,0.0,0.0,0.0,29.75,0,29.75,None,0.00016880035400390625,57.645,False,None,sfc_cache_p1_40,0,None,8.33,4.33,33.0,14,50,0,0,0,False,71.53502235469449,9.427,5.8198,15.84,0.2934,0.9645,0.2368,0.2283,2928.649852433473,250.0,3178.649852433473
0,1762654491.9649246,764.1,196,0.3089,0.7333,0.568,0.5987,50.9039,73.3268,59.873,0.0,0.0,0.0,11.16,6.23,4.93,None,0.00016880035400390625,230.891,False,None,sfc_unique_p1_40,0,None,8.33,4.33,33.0,14,50,0,0,0,False,71.42857142857143,9.427,5.8198,15.84,0.2934,0.9645,0.2368,0.2283,2928.649852433473,250.0,3178.649852433473
0,1762654492.2782414,764.4,197,0.3089,0.7333,0.568,0.5987,50.9039,73.3268,59.873,0.0,0.0,0.0,29.46,0,29.46,None,0.4524667263031006,56.092,False,None,sfc_cache_p2_40,0,None,8.33,4.33,33.0,14,50,0,0,0,False,71.32243684992571,9.427,5.8198,15.84,0.2934,0.9645,0.2368,0.2283,2928.649852433473,250.0,3178.649852433473
0,1762654492.2791655,764.4,197,0.3089,0.7333,0.568,0.5987,50.9039,73.3268,59.873,0.0,0.0,0.0,10.57,6.94,3.63,None,0.4524667263031006,171.655,False,None,sfc_unique_p2_40,0,None,8.33,4.33,33.0,14,50,0,0,0,False,71.2166172106825,9.427,5.8198,15.84,0.2934,0.9645,0.2368,0.2283,2928.649852433473,250.0,3178.649852433473
0,1762654492.6878254,764.8,198,0.3089,0.7333,0.568,0.5987,50.9039,73.3268,59.873,0.0,0.0,0.0,29.18,0,29.18,None,0.7664568424224854,61.586,False,None,sfc_cache_p3_40,0,None,8.33,4.33,33.0,14,50,0,0,0,False,71.11111111111111,9.427,5.8198,15.84,0.2934,0.9645,0.2368,0.2283,2928.649852433473,250.0,3178.649852433473
0,1762654492.6888297,764.8,198,0.3089,0.7333,0.568,0.5987,50.9039,73.3268,59.873,0.0,0.0,0.0,12.99,8.89,4.09,None,0.7664568424224854,276.449,False,None,sfc_unique_p3_40,0,None,8.33,4.33,33.0,14,50,0,0,0,False,71.00591715976331,9.427,5.8198,15.84,0.2934,0.9645,0.2368,0.2283,2928.649852433473,250.0,3178.649852433473
0,1762654492.9220097,765.0,199,0.3089,0.7333,0.568,0.5987,50.9039,73.3268,59.873,0.0,0.0,0.0,29.72,0,29.72,None,1.176436185836792,59.527,False,None,sfc_cache_p4_40,0,None,8.33,4.33,33.0,14,50,0,0,0,False,70.90103397341211,9.427,5.8198,15.84,0.2934,0.9645,0.2368,0.2283,2928.649852433473,250.0,3178.649852433473
0,1762654492.922523,765.0,199,0.3089,0.7333,0.568,0.5987,50.9039,73.3268,59.873,0.0,0.0,0.0,10.81,5.94,4.88,None,1.176436185836792,116.706,False,None,sfc_unique_p4_40,0,None,8.33,4.33,33.0,14,50,0,0,0,False,70.79646017699115,9.427,5.8198,15.84,0.2934,0.9645,0.2368,0.2283,2928.649852433473,250.0,3178.649852433473
0,1762654493.224581,765.3,200,0.3089,0.7333,0.568,0.5987,50.9039,73.3268,59.873,0.0,0.0,0.0,29.18,0,29.18,None,1.4094631671905518,63.923,False,None,sfc_cache_p5_40,0,None,8.33,4.33,33.0,14,50,0,0,0,False,70.69219440353461,9.427,5.8198,15.84,0.2934,0.9645,0.2368,0.2283,2928.649852433473,250.0,3178.649852433473
0,1762654493.2255015,765.3,200,0.3089,0.7333,0.568,0.5987,50.9039,73.3268,59.873,0.0,0.0,0.0,11.31,7.82,3.49,None,1.4094631671905518,169.577,False,None,sfc_unique_p5_40,0,None,8.33,4.33,33.0,14,50,0,0,0,False,70.58823529411765,9.427,5.8198,15.84,0.2934,0.9645,0.2368,0.2283,2928.649852433473,250.0,3178.649852433473
0,1762654493.5162218,765.6,201,0.3089,0.7333,0.568,0.5987,50.9039,73.3268,59.873,0.0,0.0,0.0,29.4,0,29.4,None,1.7127375602722168,40.056,False,None,sfc_cache_p6_40,0,None,8.33,4.33,33.0,14,50,0,0,0,False,70.48458149779736,9.427,5.8198,15.84,0.2934,0.9645,0.2368,0.2283,2928.649852433473,250.0,3178.649852433473
0,1762654493.516753,765.6,201,0.3089,0.7333,0.568,0.5987,50.9039,73.3268,59.873,0.0,0.0,0.0,11.16,7.3,3.86,None,1.7127375602722168,113.617,False,None,sfc_unique_p6_40,0,None,8.33,4.33,33.0,14,50,0,0,0,False,70.38123167155426,9.427,5.8198,15.84,0.2934,0.9645,0.2368,0.2283,2928.649852433473,250.0,3178.649852433473
0,1762654509.8633316,782.0,201,0.3136,0.7249,0.5677,0.5987,51.2636,72.4877,59.873,0.0,0.0,0.0,8.48,4.52,3.96,None,0.00018167495727539062,139.784,True,None,sfc_cache_p1_41,0,None,8.33,4.33,33.0,14,50,0,0,0,False,70.42459736456809,9.4936,5.7532000000000005,15.84,0.2901,0.9684,0.2368,0.2263,2923.7879461383686,250.0,3173.7879461383686
0,1762654509.8642468,782.0,201,0.3136,0.7249,0.5677,0.5987,51.2636,72.4877,59.873,0.0,0.0,0.0,15.22,11.3,3.93,None,0.00018167495727539062,139.559,True,None,sfc_unique_p1_41,0,None,8.33,4.33,33.0,14,50,0,0,0,False,70.46783625730994,9.4936,5.7532000000000005,15.84,0.2901,0.9684,0.2368,0.2263,2923.7879461383686,250.0,3173.7879461383686
0,1762654510.2631242,782.4,202,0.3136,0.7249,0.5677,0.5987,51.2636,72.4877,59.873,0.0,0.0,0.0,29.85,0,29.85,None,0.33577632904052734,64.27,False,None,sfc_cache_p2_41,0,None,8.33,4.33,33.0,14,50,0,0,0,False,70.36496350364963,9.4936,5.7532000000000005,15.84,0.2901,0.9684,0.2368,0.2263,2923.7879461383686,250.0,3173.7879461383686
0,1762654510.2640064,782.4,202,0.3136,0.7249,0.5677,0.5987,51.2636,72.4877,59.873,0.0,0.0,0.0,8.58,5.51,3.07,None,0.33577632904052734,170.696,False,None,sfc_unique_p2_41,0,None,8.33,4.33,33.0,14,50,0,0,0,False,70.26239067055393,9.4936,5.7532000000000005,15.84,0.2901,0.9684,0.2368,0.2263,2923.7879461383686,250.0,3173.7879461383686
0,1762654510.5680041,782.7,203,0.3136,0.7249,0.5677,0.5987,51.2636,72.4877,59.873,0.0,0.0,0.0,30.47,0,30.47,None,0.7354884147644043,58.963,False,None,sfc_cache_p3_41,0,None,8.33,4.33,33.0,14,50,0,0,0,False,70.16011644832606,9.4936,5.7532000000000005,15.84,0.2901,0.9684,0.2368,0.2263,2923.7879461383686,250.0,3173.7879461383686
0,1762654510.568923,782.7,203,0.3136,0.7249,0.5677,0.5987,51.2636,72.4877,59.873,0.0,0.0,0.0,8.0,3.89,4.11,None,0.7354884147644043,172.749,False,None,sfc_unique_p3_41,0,None,8.33,4.33,33.0,14,50,0,0,0,False,70.05813953488372,9.4936,5.7532000000000005,15.84,0.2901,0.9684,0.2368,0.2263,2923.7879461383686,250.0,3173.7879461383686
0,1762654510.9570956,783.0,204,0.3136,0.7249,0.5677,0.5987,51.2636,72.4877,59.873,0.0,0.0,0.0,29.89,0,29.89,None,1.043086290359497,59.47,False,None,sfc_cache_p4_41,0,None,8.33,4.33,33.0,14,50,0,0,0,False,69.95645863570392,9.4936,5.7532000000000005,15.84,0.2901,0.9684,0.2368,0.2263,2923.7879461383686,250.0,3173.7879461383686
0,1762654510.9579945,783.0,204,0.3136,0.7249,0.5677,0.5987,51.2636,72.4877,59.873,0.0,0.0,0.0,14.79,10.51,4.27,None,1.043086290359497,255.759,False,None,sfc_unique_p4_41,0,None,8.33,4.33,33.0,14,50,0,0,0,False,69.85507246376812,9.4936,5.7532000000000005,15.84,0.2901,0.9684,0.2368,0.2263,2923.7879461383686,250.0,3173.7879461383686
0,1762654511.2295449,783.3,205,0.3136,0.7249,0.5677,0.5987,51.2636,72.4877,59.873,0.0,0.0,0.0,30.47,0,30.47,None,1.4294288158416748,61.367,False,None,sfc_cache_p5_41,0,None,8.33,4.33,33.0,14,50,0,0,0,False,69.75397973950795,9.4936,5.7532000000000005,15.84,0.2901,0.9684,0.2368,0.2263,2923.7879461383686,250.0,3173.7879461383686
0,1762654511.2304964,783.3,205,0.3136,0.7249,0.5677,0.5987,51.2636,72.4877,59.873,0.0,0.0,0.0,10.98,6.73,4.25,None,1.4294288158416748,143.054,False,None,sfc_unique_p5_41,0,None,8.33,4.33,33.0,14,50,0,0,0,False,69.65317919075144,9.4936,5.7532000000000005,15.84,0.2901,0.9684,0.2368,0.2263,2923.7879461383686,250.0,3173.7879461383686
0,1762654511.516901,783.6,206,0.3136,0.7249,0.5677,0.5987,51.2636,72.4877,59.873,0.0,0.0,0.0,30.47,0,30.47,None,1.701930284500122,61.145,False,None,sfc_cache_p6_41,0,None,8.33,4.33,33.0,14,50,0,0,0,False,69.55266955266956,9.4936,5.7532000000000005,15.84,0.2901,0.9684,0.2368,0.2263,2923.7879461383686,250.0,3173.7879461383686
0,1762654511.5178158,783.6,206,0.3136,0.7249,0.5677,0.5987,51.2636,72.4877,59.873,0.0,0.0,0.0,13.03,7.6,5.43,None,1.701930284500122,153.786,False,None,sfc_unique_p6_41,0,None,8.33,4.33,33.0,14,50,0,0,0,False,69.45244956772333,9.4936,5.7532000000000005,15.84,0.2901,0.9684,0.2368,0.2263,2923.7879461383686,250.0,3173.7879461383686
0,1762654516.05803,788.1,206,0.2899,0.5771,0.469,0.5239,44.6391,57.7059,52.3889,0.0,0.0,0.0,10.15,6.51,3.65,None,9.5367431640625e-05,248.252,True,None,sfc_cache_p1_35,0,None,4.33,4.33,0.0,9,42,0,0,0,False,69.49640287769783,9.84142857142857,5.4523809523809526,16.5,0.3154,0.8857,0.2524,0.2277,2778.851259467367,210.0,2988.851259467367
0,1762654516.0589383,788.1,206,0.2899,0.5771,0.469,0.5239,44.6391,57.7059,52.3889,0.0,0.0,0.0,9.16,4.04,5.13,None,9.5367431640625e-05,185.647,True,None,sfc_unique_p1_35,0,None,4.33,4.33,0.0,9,42,0,0,0,False,69.54022988505747,9.84142857142857,5.4523809523809526,16.5,0.3154,0.8857,0.2524,0.2277,2778.851259467367,210.0,2988.851259467367
0,1762654529.9308043,802.0,206,0.2572,0.4469,0.3762,0.4241,36.8277,44.6855,42.41,0.0,0.0,0.0,8.07,5.06,3.01,None,0.00016641616821289062,143.459,True,None,sfc_cache_p1_42,0,None,4.33,4.33,0.0,8,34,0,0,0,False,69.58393113342898,10.02970588235294,5.215588235294118,16.5,0.3278,0.7504,0.231,0.228,2652.6297285078736,170.0,2822.6297285078736
0,1762654529.931691,802.0,206,0.2572,0.4469,0.3762,0.4241,36.8277,44.6855,42.41,0.0,0.0,0.0,10.53,7.34,3.19,None,0.00016641616821289062,176.919,True,None,sfc_unique_p1_42,0,None,4.33,4.33,0.0,8,34,0,0,0,False,69.62750716332378,10.02970588235294,5.215588235294118,16.5,0.3278,0.7504,0.231,0.228,2652.6297285078736,170.0,2822.6297285078736
0,1762654530.311854,802.4,207,0.2717,0.4595,0.3966,0.449,39.6356,45.9455,44.9047,0.0,0.0,0.0,8.62,5.61,3.01,None,0.3771965503692627,151.909,True,None,sfc_cache_p2_42,0,None,4.33,4.33,0.0,9,36,0,0,0,False,69.67095851216023,10.194722222222222,5.064722222222223,16.5,0.3242,0.8217,0.2475,0.2306,2685.293744621911,180.0,2865.293744621911
0,1762654530.3127446,802.4,207,0.2717,0.4595,0.3966,0.449,39.6356,45.9455,44.9047,0.0,0.0,0.0,14.9,10.49,4.41,None,0.3771965503692627,175.904,True,None,sfc_unique_p2_42,0,None,4.33,4.33,0.0,9,36,0,0,0,False,69.71428571428572,10.194722222222222,5.064722222222223,16.5,0.3242,0.8217,0.2475,0.2306,2685.293744621911,180.0,2865.293744621911
0,1762654530.781767,802.9,208,0.2817,0.4855,0.4226,0.474,41.8668,48.5511,47.3995,0.0,0.0,0.0,12.4,8.84,3.56,None,0.7582323551177979,137.624,True,None,sfc_cache_p3_42,0,None,4.33,4.33,0.0,9,38,0,0,0,False,69.75748930099857,10.20184210526316,5.070263157894736,16.5,0.3142,0.8464,0.2422,0.2297,2709.238148572731,190.0,2899.238148572731
0,1762654530.7826524,802.9,208,0.2817,0.4855,0.4226,0.474,41.8668,48.5511,47.3995,0.0,0.0,0.0,11.33,7.18,4.15,None,0.7582323551177979,185.153,True,None,sfc_unique_p3_42,0,None,4.33,4.33,0.0,9,38,0,0,0,False,69.8005698005698,10.20184210526316,5.070263157894736,16.5,0.3142,0.8464,0.2422,0.2297,2709.238148572731,190.0,2899.238148572731
0,1762654531.1826913,803.3,209,0.2885,0.5174,0.4427,0.4989,43.8464,51.7438,49.8942,0.0,0.0,0.0,10.78,6.68,4.1,None,1.2302143573760986,165.38,True,None,sfc_cache_p4_42,0,None,4.33,4.33,0.0,10,40,0,0,0,False,69.84352773826458,10.15,5.1335,16.5,0.3093,0.8665,0.2592,0.2296,2746.4658935038565,200.0,2946.4658935038565
0,1762654531.1835725,803.3,209,0.2885,0.5174,0.4427,0.4989,43.8464,51.7438,49.8942,0.0,0.0,0.0,12.74,7.93,4.8,None,1.2302143573760986,180.224,True,None,sfc_unique_p4_42,0,None,4.33,4.33,0.0,10,40,0,0,0,False,69.88636363636364,10.15,5.1335,16.5,0.3093,0.8665,0.2592,0.2296,2746.4658935038565,200.0,2946.4658935038565
0,1762654531.6395931,803.7,210,0.3011,0.5258,0.4659,0.5239,46.367,52.5829,52.3889,0.0,0.0,0.0,9.9,6.24,3.66,None,1.6290147304534912,143.592,True,None,sfc_cache_p5_42,0,None,8.66,4.33,0.0,12,42,0,0,0,False,69.9290780141844,10.222380952380952,4.968333333333333,16.5,0.305,0.8793,0.2524,0.2282,2771.335922911069,210.0,2981.335922911069
0,1762654531.640492,803.7,210,0.3011,0.5258,0.4659,0.5239,46.367,52.5829,52.3889,0.0,0.0,0.0,10.44,5.51,4.93,None,1.6290147304534912,258.179,True,None,sfc_unique_p5_42,0,None,8.66,4.33,0.0,12,42,0,0,0,False,69.97167138810198,10.222380952380952,4.968333333333333,16.5,0.305,0.8793,0.2524,0.2282,2771.335922911069,210.0,2981.335922911069
0,1762654532.0561762,804.1,211,0.3152,0.5384,0.4946,0.5488,49.1749,53.8429,54.8836,0.0,0.0,0.0,10.84,5.7,5.15,None,2.0859241485595703,151.415,True,None,sfc_cache_p6_42,0,None,8.66,4.33,0.0,12,44,0,0,0,False,70.01414427157002,10.348636363636363,4.856136363636363,16.5,0.3042,0.8812,0.2477,0.227,2794.844695765113,220.0,3014.844695765113
0,1762654532.057061,804.1,211,0.3152,0.5384,0.4946,0.5488,49.1749,53.8429,54.8836,0.0,0.0,0.0,12.68,7.28,5.39,None,2.0859241485595703,203.876,True,None,sfc_unique_p6_42,0,None,8.66,4.33,0.0,12,44,0,0,0,False,70.05649717514125,10.348636363636363,4.856136363636363,16.5,0.3042,0.8812,0.2477,0.227,2794.844695765113,220.0,3014.844695765113
0,1762654548.8738925,821.0,211,0.3152,0.5384,0.4946,0.5488,49.1749,53.8429,54.8836,0.0,0.0,0.0,30.05,0,30.05,None,0.0001685619354248047,61.388,False,None,sfc_cache_p1_43,0,None,8.66,4.33,0.0,12,44,0,0,0,False,69.95768688293371,10.348636363636363,4.856136363636363,16.5,0.3042,0.8812,0.2477,0.227,2794.844695765113,220.0,3014.844695765113
0,1762654548.8748355,821.0,211,0.3152,0.5384,0.4946,0.5488,49.1749,53.8429,54.8836,0.0,0.0,0.0,9.53,6.43,3.1,None,0.0001685619354248047,169.602,False,None,sfc_unique_p1_43,0,None,8.66,4.33,0.0,12,44,0,0,0,False,69.85915492957746,10.348636363636363,4.856136363636363,16.5,0.3042,0.8812,0.2477,0.227,2794.844695765113,220.0,3014.844695765113
0,1762654549.3321934,821.4,212,0.3236,0.5603,0.5229,0.5738,51.5865,56.0276,57.3783,0.0,0.0,0.0,9.45,5.26,4.19,None,0.29944729804992676,214.448,True,None,sfc_cache_p2_43,0,None,8.66,4.33,0.0,12,46,0,0,0,False,69.90154711673699,10.384130434782609,4.8334782608695654,16.5,0.2956,0.882,0.2446,0.2251,2810.73167541038,230.0,3040.73167541038
0,1762654549.3331206,821.4,212,0.3236,0.5603,0.5229,0.5738,51.5865,56.0276,57.3783,0.0,0.0,0.0,8.95,5.28,3.67,None,0.29944729804992676,188.669,True,None,sfc_unique_p2_43,0,None,8.66,4.33,0.0,12,46,0,0,0,False,69.9438202247191,10.384130434782609,4.8334782608695654,16.5,0.2956,0.882,0.2446,0.2251,2810.73167541038,230.0,3040.73167541038
0,1762654549.6716092,821.8,213,0.3267,0.6014,0.5482,0.5987,53.1708,60.1426,59.873,0.0,0.0,0.0,9.84,6.34,3.5,None,0.7577042579650879,134.449,True,None,sfc_cache_p3_43,0,None,8.66,4.33,0.0,12,48,0,0,0,False,69.9859747545582,10.257083333333332,4.972291666666666,16.5,0.288,0.8781,0.2418,0.2259,2827.4783492998704,240.0,3067.4783492998704
0,1762654549.6725373,821.8,213,0.3267,0.6014,0.5482,0.5987,53.1708,60.1426,59.873,0.0,0.0,0.0,10.12,7.14,2.98,None,0.7577042579650879,150.333,True,None,sfc_unique_p3_43,0,None,8.66,4.33,0.0,12,48,0,0,0,False,70.02801120448179,10.257083333333332,4.972291666666666,16.5,0.288,0.8781,0.2418,0.2259,2827.4783492998704,240.0,3067.4783492998704
0,1762654550.0617886,822.2,214,0.3267,0.6014,0.5482,0.5987,53.1708,60.1426,59.873,0.0,0.0,0.0,29.94,0,29.94,None,1.0970995426177979,60.613,False,None,sfc_cache_p4_43,0,None,8.66,4.33,0.0,12,48,0,0,0,False,69.93006993006993,10.257083333333332,4.972291666666666,16.5,0.288,0.8781,0.2418,0.2259,2827.4783492998704,240.0,3067.4783492998704
0,1762654550.0627272,822.2,214,0.3267,0.6014,0.5482,0.5987,53.1708,60.1426,59.873,0.0,0.0,0.0,7.24,4.12,3.12,None,1.0970995426177979,261.123,False,None,sfc_unique_p4_43,0,None,8.66,4.33,0.0,12,48,0,0,0,False,69.83240223463687,10.257083333333332,4.972291666666666,16.5,0.288,0.8781,0.2418,0.2259,2827.4783492998704,240.0,3067.4783492998704
0,1762654550.3483098,822.4,215,0.3267,0.6014,0.5482,0.5987,53.1708,60.1426,59.873,0.0,0.0,0.0,30.4,0,30.4,None,1.4872424602508545,61.402,False,None,sfc_cache_p5_43,0,None,8.66,4.33,0.0,12,48,0,0,0,False,69.7350069735007,10.257083333333332,4.972291666666666,16.5,0.288,0.8781,0.2418,0.2259,2827.4783492998704,240.0,3067.4783492998704
0,1762654550.3492339,822.4,215,0.3267,0.6014,0.5482,0.5987,53.1708,60.1426,59.873,0.0,0.0,0.0,9.37,4.98,4.38,None,1.4872424602508545,152.676,False,None,sfc_unique_p5_43,0,None,8.66,4.33,0.0,12,48,0,0,0,False,69.63788300835655,10.257083333333332,4.972291666666666,16.5,0.288,0.8781,0.2418,0.2259,2827.4783492998704,240.0,3067.4783492998704
0,1762654550.6313615,822.7,216,0.3267,0.6014,0.5482,0.5987,53.1708,60.1426,59.873,0.0,0.0,0.0,30.05,0,30.05,None,1.77374267578125,62.291,False,None,sfc_cache_p6_43,0,None,8.66,4.33,0.0,12,48,0,0,0,False,69.54102920723227,10.257083333333332,4.972291666666666,16.5,0.288,0.8781,0.2418,0.2259,2827.4783492998704,240.0,3067.4783492998704
0,1762654550.6322625,822.7,216,0.3267,0.6014,0.5482,0.5987,53.1708,60.1426,59.873,0.0,0.0,0.0,9.99,5.91,4.07,None,1.77374267578125,150.83,False,None,sfc_unique_p6_43,0,None,8.66,4.33,0.0,12,48,0,0,0,False,69.44444444444444,10.257083333333332,4.972291666666666,16.5,0.288,0.8781,0.2418,0.2259,2827.4783492998704,240.0,3067.4783492998704
0,1762654568.0616953,840.2,216,0.2644,0.2898,0.3324,0.3742,37.331,28.9789,37.4206,0.0,0.0,0.0,7.95,4.94,3.01,None,0.00018072128295898438,128.482,True,None,sfc_cache_p1_44,0,None,4.33,0.0,0.0,6,30,0,0,0,False,69.4868238557559,11.522333333333334,3.8333333333333335,16.5,0.3558,0.7087,0.2062,0.2248,2527.3254424125266,150.0,2677.3254424125266
0,1762654568.0626,840.2,216,0.2644,0.2898,0.3324,0.3742,37.331,28.9789,37.4206,0.0,0.0,0.0,8.8,3.78,5.02,None,0.00018072128295898438,180.353,True,None,sfc_unique_p1_44,0,None,4.33,0.0,0.0,6,30,0,0,0,False,69.52908587257618,11.522333333333334,3.8333333333333335,16.5,0.3558,0.7087,0.2062,0.2248,2527.3254424125266,150.0,2677.3254424125266
0,1762654568.450017,840.5,217,0.2782,0.3049,0.3582,0.3992,40.0309,30.4909,39.9153,0.0,0.0,0.0,12.66,7.48,5.18,None,0.47136569023132324,150.391,True,None,sfc_cache_p2_44,0,None,4.33,0.0,0.0,6,32,0,0,0,False,69.57123098201936,11.5834375,3.78125,16.5,0.3567,0.7439,0.2037,0.227,2560.516062077454,160.0,2720.516062077454
0,1762654568.4508858,840.5,217,0.2782,0.3049,0.3582,0.3992,40.0309,30.4909,39.9153,0.0,0.0,0.0,11.6,5.73,5.86,None,0.47136569023132324,186.464,True,None,sfc_unique_p2_44,0,None,4.33,0.0,0.0,6,32,0,0,0,False,69.61325966850829,11.5834375,3.78125,16.5,0.3567,0.7439,0.2037,0.227,2560.516062077454,160.0,2720.516062077454
0,1762654568.9572978,841.0,218,0.2882,0.3268,0.3794,0.4241,42.4424,32.6756,42.41,0.0,0.0,0.0,7.0,2.85,4.15,None,0.8595976829528809,150.898,True,None,sfc_cache_p3_44,0,None,4.33,0.0,0.0,7,34,0,0,0,False,69.6551724137931,11.558823529411764,3.8138235294117644,16.5,0.3411,0.7324,0.2019,0.2281,2582.4959344906415,170.0,2752.4959344906415
0,1762654568.9581647,841.0,218,0.2882,0.3268,0.3794,0.4241,42.4424,32.6756,42.41,0.0,0.0,0.0,15.69,9.64,6.05,None,0.8595976829528809,188.806,True,None,sfc_unique_p3_44,0,None,4.33,0.0,0.0,7,34,0,0,0,False,69.6969696969697,11.558823529411764,3.8138235294117644,16.5,0.3411,0.7324,0.2019,0.2281,2582.4959344906415,170.0,2752.4959344906415
0,1762654569.3581667,841.4,219,0.2836,0.3427,0.3822,0.4241,41.7588,34.2707,42.41,0.0,0.0,0.0,7.4,3.31,4.09,None,1.367018699645996,176.713,True,None,sfc_cache_p4_44,0,None,4.33,0.0,0.0,7,34,0,0,0,False,69.73865199449793,11.37264705882353,4.0,16.5,0.3378,0.7524,0.2124,0.2254,2591.641702173663,170.0,2761.641702173663
0,1762654569.3590689,841.4,219,0.2836,0.3427,0.3822,0.4241,41.7588,34.2707,42.41,0.0,0.0,0.0,13.36,8.68,4.68,None,1.367018699645996,172.743,True,None,sfc_unique_p4_44,0,None,4.33,0.0,0.0,7,34,0,0,0,False,69.78021978021978,11.37264705882353,4.0,16.5,0.3378,0.7524,0.2124,0.2254,2591.641702173663,170.0,2761.641702173663
0,1762654569.6423414,841.7,220,0.2874,0.3898,0.4074,0.449,43.0904,38.9754,44.9047,0.0,0.0,0.0,7.47,3.97,3.51,None,1.7677562236785889,120.756,True,None,sfc_cache_p5_44,0,None,4.33,0.0,0.0,8,36,0,0,0,False,69.82167352537722,11.083333333333334,4.296388888888888,16.5,0.3302,0.7571,0.2302,0.2258,2630.0485020384276,180.0,2810.0485020384276
0,1762654569.6428642,841.7,220,0.2874,0.3898,0.4074,0.449,43.0904,38.9754,44.9047,0.0,0.0,0.0,12.01,7.22,4.79,None,1.7677562236785889,111.132,True,None,sfc_unique_p5_44,0,None,4.33,0.0,0.0,8,36,0,0,0,False,69.86301369863014,11.083333333333334,4.296388888888888,16.5,0.3302,0.7571,0.2302,0.2258,2630.0485020384276,180.0,2810.0485020384276
0,1762654569.9246213,842.0,221,0.2957,0.42,0.4307,0.474,45.1423,41.9993,47.3995,0.0,0.0,0.0,10.35,6.68,3.68,None,2.0512120723724365,138.357,True,None,sfc_cache_p6_44,0,None,4.33,0.0,0.0,9,38,0,0,0,False,69.90424076607387,11.0,4.386052631578947,16.5,0.3195,0.7474,0.2268,0.2263,2646.7542349172622,190.0,2836.7542349172622
0,1762654569.9251668,842.0,221,0.2957,0.42,0.4307,0.474,45.1423,41.9993,47.3995,0.0,0.0,0.0,13.24,7.42,5.82,None,2.0512120723724365,100.552,True,None,sfc_unique_p6_44,0,None,4.33,0.0,0.0,9,38,0,0,0,False,69.94535519125684,11.0,4.386052631578947,16.5,0.3195,0.7474,0.2268,0.2263,2646.7542349172622,190.0,2836.7542349172622
0,1762654592.9891586,865.1,221,0.3037,0.4553,0.4528,0.4989,46.9783,45.5272,49.8942,0.0,0.0,0.0,5.61,2.71,2.9,None,0.00018262863159179688,141.633,True,None,sfc_cache_p1_45,0,None,4.33,0.0,0.0,9,40,0,0,0,False,69.98635743519782,10.875,4.51675,16.5,0.3148,0.7731,0.2292,0.2268,2691.4872483826703,200.0,2891.4872483826703
0,1762654592.990078,865.1,221,0.3037,0.4553,0.4528,0.4989,46.9783,45.5272,49.8942,0.0,0.0,0.0,8.7,4.48,4.21,None,0.00018262863159179688,172.721,True,None,sfc_unique_p1_45,0,None,4.33,0.0,0.0,9,40,0,0,0,False,70.02724795640327,10.875,4.51675,16.5,0.3148,0.7731,0.2292,0.2268,2691.4872483826703,200.0,2891.4872483826703
0,1762654593.283973,865.4,222,0.3124,0.4771,0.4841,0.4989,48.9578,47.7119,49.8942,0.0,0.0,0.0,10.64,5.88,4.76,None,0.37298107147216797,126.094,True,None,sfc_cache_p2_45,0,None,8.33,0.0,33.0,10,42,0,0,0,False,70.06802721088435,10.793571428571429,4.508095238095239,15.714285714285714,0.3046,0.7748,0.2241,0.2266,2710.05882553791,210.0,2920.05882553791
0,1762654593.2845225,865.4,222,0.3124,0.4771,0.4841,0.4989,48.9578,47.7119,49.8942,0.0,0.0,0.0,9.21,4.32,4.89,None,0.37298107147216797,110.788,True,None,sfc_unique_p2_45,0,None,8.33,0.0,33.0,10,42,0,0,0,False,70.1086956521739,10.793571428571429,4.508095238095239,15.714285714285714,0.3046,0.7748,0.2241,0.2266,2710.05882553791,210.0,2920.05882553791
0,1762654593.584094,865.7,223,0.3234,0.4897,0.5069,0.4989,51.3338,48.9719,49.8942,0.0,0.0,0.0,11.0,6.81,4.19,None,0.6670684814453125,90.769,True,None,sfc_cache_p3_45,0,None,12.33,0.0,66.0,11,44,0,0,0,False,70.1492537313433,10.802954545454545,4.416818181818182,15.0,0.2982,0.7941,0.2193,0.2272,2723.7756921220303,220.0,2943.7756921220303
0,1762654593.5846343,865.7,223,0.3234,0.4897,0.5069,0.4989,51.3338,48.9719,49.8942,0.0,0.0,0.0,10.08,5.92,4.16,None,0.6670684814453125,107.58,True,None,sfc_unique_p3_45,0,None,12.33,0.0,66.0,11,44,0,0,0,False,70.18970189701898,10.802954545454545,4.416818181818182,15.0,0.2982,0.7941,0.2193,0.2272,2723.7756921220303,220.0,2943.7756921220303
0,1762654593.845445,865.9,224,0.3278,0.5309,0.5265,0.5239,52.9181,53.0869,52.3889,0.0,0.0,0.0,9.05,6.94,2.11,None,0.9671623706817627,101.392,True,None,sfc_cache_p4_45,0,None,12.33,0.0,66.0,12,46,0,0,0,False,70.23004059539919,10.652173913043478,4.579782608695652,15.065217391304348,0.2898,0.8355,0.2348,0.2286,2761.601493081634,230.0,2991.601493081634
0,1762654593.8460026,865.9,224,0.3278,0.5309,0.5265,0.5239,52.9181,53.0869,52.3889,0.0,0.0,0.0,8.76,5.32,3.44,None,0.9671623706817627,117.376,True,None,sfc_unique_p4_45,0,None,12.33,0.0,66.0,12,46,0,0,0,False,70.27027027027027,10.652173913043478,4.579782608695652,15.065217391304348,0.2898,0.8355,0.2348,0.2286,2761.601493081634,230.0,2991.601493081634
0,1762654594.1574667,866.2,225,0.3278,0.5309,0.5265,0.5239,52.9181,53.0869,52.3889,0.0,0.0,0.0,30.03,0,30.03,None,1.2285041809082031,61.421,False,None,sfc_cache_p5_45,0,None,12.33,0.0,66.0,12,46,0,0,0,False,70.17543859649122,10.652173913043478,4.579782608695652,15.065217391304348,0.2898,0.8355,0.2348,0.2286,2761.601493081634,230.0,2991.601493081634
0,1762654594.1580112,866.2,225,0.3278,0.5309,0.5265,0.5239,52.9181,53.0869,52.3889,0.0,0.0,0.0,8.1,4.76,3.34,None,1.2285041809082031,112.924,False,None,sfc_unique_p5_45,0,None,12.33,0.0,66.0,12,46,0,0,0,False,70.08086253369272,10.652173913043478,4.579782608695652,15.065217391304348,0.2898,0.8355,0.2348,0.2286,2761.601493081634,230.0,2991.601493081634
0,1762654594.4122143,866.5,226,0.3377,0.5351,0.545,0.5239,55.6536,53.5077,52.3889,0.0,0.0,0.0,6.35,3.43,2.92,None,1.5404763221740723,108.657,True,None,sfc_cache_p6_45,0,None,16.33,0.0,99.0,13,48,0,0,0,False,70.12113055181696,10.736041666666667,4.42375,14.4375,0.2903,0.8323,0.2299,0.2269,2779.1633790126048,240.0,3019.1633790126048
0,1762654594.4127393,866.5,226,0.3377,0.5351,0.545,0.5239,55.6536,53.5077,52.3889,0.0,0.0,0.0,11.27,6.57,4.7,None,1.5404763221740723,99.079,True,None,sfc_unique_p6_45,0,None,16.33,0.0,99.0,13,48,0,0,0,False,70.16129032258065,10.736041666666667,4.42375,14.4375,0.2903,0.8323,0.2299,0.2269,2779.1633790126048,240.0,3019.1633790126048
0,1762654596.1572294,868.2,226,0.3332,0.5578,0.5492,0.5239,54.6816,55.7756,52.3889,0.0,0.0,0.0,6.65,3.67,2.98,None,9.846687316894531e-05,136.954,True,None,sfc_cache_p3_42,0,None,16.33,0.0,99.0,12,48,0,0,0,False,70.20134228187919,10.548541666666667,4.61125,14.4375,0.2899,0.8539,0.2346,0.2288,2810.1369587976724,240.0,3050.1369587976724
0,1762654596.1578145,868.2,226,0.3332,0.5578,0.5492,0.5239,54.6816,55.7756,52.3889,0.0,0.0,0.0,13.51,8.05,5.46,None,9.846687316894531e-05,160.019,True,None,sfc_unique_p3_42,0,None,16.33,0.0,99.0,12,48,0,0,0,False,70.24128686327077,10.548541666666667,4.61125,14.4375,0.2899,0.8539,0.2346,0.2288,2810.1369587976724,240.0,3050.1369587976724
0,1762654607.8801532,880.0,226,0.3353,0.6065,0.5707,0.5488,55.9409,60.6491,54.8836,0.0,0.0,0.0,7.17,4.05,3.12,None,0.0001652240753173828,97.212,True,None,sfc_cache_p1_46,0,None,16.33,0.0,99.0,13,50,0,0,0,False,70.28112449799197,10.3598,4.8136,14.52,0.2821,0.9009,0.232,0.2293,2843.077451137662,250.0,3093.077451137662
0,1762654607.8806934,880.0,226,0.3353,0.6065,0.5707,0.5488,55.9409,60.6491,54.8836,0.0,0.0,0.0,13.01,8.72,4.3,None,0.0001652240753173828,99.265,True,None,sfc_unique_p1_46,0,None,16.33,0.0,99.0,13,50,0,0,0,False,70.32085561497327,10.3598,4.8136,14.52,0.2821,0.9009,0.232,0.2293,2843.077451137662,250.0,3093.077451137662
0,1762654608.120957,880.2,227,0.3371,0.651,0.598,0.5738,57.3804,65.1018,57.3783,0.0,0.0,0.0,7.44,3.72,3.72,None,0.23735547065734863,88.749,True,None,sfc_cache_p2_46,0,None,16.33,0.0,99.0,13,52,0,0,0,False,70.36048064085448,10.217692307692309,4.9682692307692315,14.596153846153847,0.2779,0.9223,0.2297,0.229,2885.002849682779,260.0,3145.002849682779
0,1762654608.1215131,880.2,227,0.3371,0.651,0.598,0.5738,57.3804,65.1018,57.3783,0.0,0.0,0.0,9.32,4.09,5.23,None,0.23735547065734863,112.632,True,None,sfc_unique_p2_46,0,None,16.33,0.0,99.0,13,52,0,0,0,False,70.39999999999999,10.217692307692309,4.9682692307692315,14.596153846153847,0.2779,0.9223,0.2297,0.229,2885.002849682779,260.0,3145.002849682779
0,1762654608.345151,880.4,228,0.3371,0.651,0.598,0.5738,57.3804,65.1018,57.3783,0.0,0.0,0.0,30.14,0,30.14,None,0.4781527519226074,95.355,False,None,sfc_cache_p3_46,0,None,16.33,0.0,99.0,13,52,0,0,0,False,70.30625832223701,10.217692307692309,4.9682692307692315,14.596153846153847,0.2779,0.9223,0.2297,0.229,2885.002849682779,260.0,3145.002849682779
0,1762654608.3456929,880.4,228,0.3371,0.651,0.598,0.5738,57.3804,65.1018,57.3783,0.0,0.0,0.0,12.22,7.11,5.1,None,0.4781527519226074,81.983,False,None,sfc_unique_p3_46,0,None,16.33,0.0,99.0,13,52,0,0,0,False,70.2127659574468,10.217692307692309,4.9682692307692315,14.596153846153847,0.2779,0.9223,0.2297,0.229,2885.002849682779,260.0,3145.002849682779
0,1762654608.5892355,880.7,229,0.3371,0.651,0.598,0.5738,57.3804,65.1018,57.3783,0.0,0.0,0.0,30.51,0,30.51,None,0.7022984027862549,90.937,False,None,sfc_cache_p4_46,0,None,16.33,0.0,99.0,13,52,0,0,0,False,70.1195219123506,10.217692307692309,4.9682692307692315,14.596153846153847,0.2779,0.9223,0.2297,0.229,2885.002849682779,260.0,3145.002849682779
0,1762654608.5897841,880.7,229,0.3371,0.651,0.598,0.5738,57.3804,65.1018,57.3783,0.0,0.0,0.0,8.56,3.76,4.81,None,0.7022984027862549,109.745,False,None,sfc_unique_p4_46,0,None,16.33,0.0,99.0,13,52,0,0,0,False,70.026525198939,10.217692307692309,4.9682692307692315,14.596153846153847,0.2779,0.9223,0.2297,0.229,2885.002849682779,260.0,3145.002849682779
0,1762654608.8705103,881.0,230,0.3371,0.651,0.598,0.5738,57.3804,65.1018,57.3783,0.0,0.0,0.0,30.14,0,30.14,None,0.9463744163513184,147.004,False,None,sfc_cache_p5_46,0,None,16.33,0.0,99.0,13,52,0,0,0,False,69.93377483443709,10.217692307692309,4.9682692307692315,14.596153846153847,0.2779,0.9223,0.2297,0.229,2885.002849682779,260.0,3145.002849682779
0,1762654608.871088,881.0,230,0.3371,0.651,0.598,0.5738,57.3804,65.1018,57.3783,0.0,0.0,0.0,10.79,6.11,4.68,None,0.9463744163513184,86.34,False,None,sfc_unique_p5_46,0,None,16.33,0.0,99.0,13,52,0,0,0,False,69.84126984126983,10.217692307692309,4.9682692307692315,14.596153846153847,0.2779,0.9223,0.2297,0.229,2885.002849682779,260.0,3145.002849682779
0,1762654609.2599068,881.3,231,0.3371,0.651,0.598,0.5738,57.3804,65.1018,57.3783,0.0,0.0,0.0,30.14,0,30.14,None,1.2276732921600342,138.401,False,None,sfc_cache_p6_46,0,None,16.33,0.0,99.0,13,52,0,0,0,False,69.74900924702774,10.217692307692309,4.9682692307692315,14.596153846153847,0.2779,0.9223,0.2297,0.229,2885.002849682779,260.0,3145.002849682779
0,1762654609.2608166,881.4,231,0.3371,0.651,0.598,0.5738,57.3804,65.1018,57.3783,0.0,0.0,0.0,31.59,0,31.59,None,1.2276732921600342,159.556,False,None,sfc_unique_p6_46,0,None,16.33,0.0,99.0,13,52,0,0,0,False,69.65699208443272,10.217692307692309,4.9682692307692315,14.596153846153847,0.2779,0.9223,0.2297,0.229,2885.002849682779,260.0,3145.002849682779
0,1762654611.1373656,883.2,231,0.2877,0.583,0.5196,0.474,46.4372,58.2981,47.3995,0.0,0.0,0.0,7.69,4.35,3.34,None,7.367134094238281e-05,167.15,True,None,sfc_cache_p2_42,0,None,20.66,0.0,99.0,11,44,0,0,0,False,69.6969696969697,9.7725,5.257954545454545,14.25,0.2874,0.9117,0.218,0.2247,2803.42309271615,230.0,3033.42309271615
0,1762654611.1379185,883.2,231,0.2877,0.583,0.5196,0.474,46.4372,58.2981,47.3995,0.0,0.0,0.0,12.93,9.2,3.74,None,7.367134094238281e-05,112.823,True,None,sfc_unique_p2_42,0,None,20.66,0.0,99.0,11,44,0,0,0,False,69.73684210526315,9.7725,5.257954545454545,14.25,0.2874,0.9117,0.218,0.2247,2803.42309271615,230.0,3033.42309271615
0,1762654611.363202,883.5,231,0.3076,0.5956,0.5415,0.4989,49.2451,59.558,49.8942,0.0,0.0,0.0,8.13,5.47,2.66,None,0.31345152854919434,91.256,True,None,sfc_cache_p1_42,0,None,20.66,0.0,99.0,13,46,0,0,0,False,69.77660972404732,9.912826086956523,5.13804347826087,14.347826086956522,0.2984,0.9014,0.2199,0.2242,2823.1123049124044,230.0,3053.1123049124044
0,1762654611.363757,883.5,231,0.3076,0.5956,0.5415,0.4989,49.2451,59.558,49.8942,0.0,0.0,0.0,11.19,6.8,4.4,None,0.31345152854919434,102.926,True,None,sfc_unique_p1_42,0,None,20.66,0.0,99.0,13,46,0,0,0,False,69.81627296587926,9.912826086956523,5.13804347826087,14.347826086956522,0.2984,0.9014,0.2199,0.2242,2823.1123049124044,230.0,3053.1123049124044
0,1762654630.057297,902.1,231,0.2868,0.609,0.5137,0.474,45.3205,60.9036,47.3995,0.0,0.0,0.0,8.68,5.21,3.48,None,6.937980651855469e-05,162.265,True,None,sfc_cache_p1_47,0,None,20.66,0.0,99.0,14,44,0,0,0,False,69.85583224115334,9.5375,5.492954545454546,14.25,0.3119,0.9154,0.2446,0.2218,2820.650530071804,220.0,3040.650530071804
0,1762654630.0581906,902.1,231,0.2868,0.609,0.5137,0.474,45.3205,60.9036,47.3995,0.0,0.0,0.0,13.16,9.42,3.74,None,6.937980651855469e-05,170.699,True,None,sfc_unique_p1_47,0,None,20.66,0.0,99.0,14,44,0,0,0,False,69.89528795811518,9.5375,5.492954545454546,14.25,0.3119,0.9154,0.2446,0.2218,2820.650530071804,220.0,3040.650530071804
0,1762654630.5404313,902.6,232,0.2971,0.6351,0.53,0.4989,47.5517,63.5092,49.8942,0.0,0.0,0.0,5.95,3.48,2.47,None,0.38928794860839844,155.165,True,None,sfc_cache_p2_47,0,None,20.66,0.0,99.0,14,46,0,0,0,False,69.93464052287581,9.57195652173913,5.4789130434782605,14.347826086956522,0.3038,0.9334,0.2404,0.224,2854.8846394301067,230.0,3084.8846394301067
0,1762654630.5413318,902.6,232,0.2971,0.6351,0.53,0.4989,47.5517,63.5092,49.8942,0.0,0.0,0.0,13.38,8.52,4.86,None,0.38928794860839844,175.614,True,None,sfc_unique_p2_47,0,None,20.66,0.0,99.0,14,46,0,0,0,False,69.9738903394256,9.57195652173913,5.4789130434782605,14.347826086956522,0.3038,0.9334,0.2404,0.224,2854.8846394301067,230.0,3084.8846394301067
0,1762654630.893538,903.0,233,0.3089,0.6544,0.5502,0.5239,50.0724,65.4395,52.3889,0.0,0.0,0.0,10.83,7.25,3.58,None,0.8723793029785156,134.475,True,None,sfc_cache_p3_47,0,None,20.66,0.0,99.0,16,48,0,0,0,False,70.01303780964798,9.659374999999999,5.410208333333333,14.4375,0.2975,0.9553,0.2354,0.2248,2889.311549463643,240.0,3129.311549463643
0,1762654630.8944445,903.0,233,0.3089,0.6544,0.5502,0.5239,50.0724,65.4395,52.3889,0.0,0.0,0.0,12.13,6.94,5.18,None,0.8723793029785156,160.819,True,None,sfc_unique_p3_47,0,None,20.66,0.0,99.0,16,48,0,0,0,False,70.05208333333334,9.659374999999999,5.410208333333333,14.4375,0.2975,0.9553,0.2354,0.2248,2889.311549463643,240.0,3129.311549463643
0,1762654631.3378284,903.4,234,0.3097,0.6989,0.5771,0.5488,51.0443,69.8921,54.8836,0.0,0.0,0.0,10.48,5.73,4.76,None,1.2280023097991943,226.925,True,None,sfc_cache_p4_47,0,None,24.99,0.0,99.0,17,50,0,0,0,False,70.09102730819245,9.453,5.5472,14.52,0.2886,0.9447,0.232,0.2262,2895.865835177929,250.0,3145.865835177929
0,1762654631.3383858,903.4,234,0.3097,0.6989,0.5771,0.5488,51.0443,69.8921,54.8836,0.0,0.0,0.0,9.87,4.86,5.01,None,1.2280023097991943,157.371,True,None,sfc_unique_p4_47,0,None,24.99,0.0,99.0,17,50,0,0,0,False,70.12987012987013,9.453,5.5472,14.52,0.2886,0.9447,0.232,0.2262,2895.865835177929,250.0,3145.865835177929
0,1762654631.5091593,903.6,235,0.3097,0.6989,0.5771,0.5488,51.0443,69.8921,54.8836,0.0,0.0,0.0,29.93,0,29.93,None,1.6690409183502197,38.69,False,None,sfc_cache_p5_47,0,None,24.99,0.0,99.0,17,50,0,0,0,False,70.03891050583657,9.453,5.5472,14.52,0.2886,0.9447,0.232,0.2262,2895.865835177929,250.0,3145.865835177929
0,1762654631.509735,903.6,235,0.3097,0.6989,0.5771,0.5488,51.0443,69.8921,54.8836,0.0,0.0,0.0,31.48,0,31.48,None,1.6690409183502197,74.245,False,None,sfc_unique_p5_47,0,None,24.99,0.0,99.0,17,50,0,0,0,False,69.94818652849742,9.453,5.5472,14.52,0.2886,0.9447,0.232,0.2262,2895.865835177929,250.0,3145.865835177929
0,1762654631.8070092,903.9,236,0.3097,0.6989,0.5771,0.5488,51.0443,69.8921,54.8836,0.0,0.0,0.0,29.93,0,29.93,None,1.8403618335723877,139.02,False,None,sfc_cache_p6_47,0,None,24.99,0.0,99.0,17,50,0,0,0,False,69.85769728331177,9.453,5.5472,14.52,0.2886,0.9447,0.232,0.2262,2895.865835177929,250.0,3145.865835177929
0,1762654631.807578,903.9,236,0.3097,0.6989,0.5771,0.5488,51.0443,69.8921,54.8836,0.0,0.0,0.0,17.11,10.65,6.46,None,1.8403618335723877,100.276,False,None,sfc_unique_p6_47,0,None,24.99,0.0,99.0,17,50,0,0,0,False,69.76744186046511,9.453,5.5472,14.52,0.2886,0.9447,0.232,0.2262,2895.865835177929,250.0,3145.865835177929
0,1762654643.8948553,916.0,236,0.3097,0.6989,0.5771,0.5488,51.0443,69.8921,54.8836,0.0,0.0,0.0,10.97,6.72,4.25,None,0.00015783309936523438,54.096,False,None,sfc_cache_p1_48,0,None,24.99,0.0,99.0,17,50,0,0,0,False,69.6774193548387,9.453,5.5472,14.52,0.2886,0.9447,0.232,0.2262,2895.865835177929,250.0,3145.865835177929
0,1762654643.895413,916.0,236,0.3097,0.6989,0.5771,0.5488,51.0443,69.8921,54.8836,0.0,0.0,0.0,31.74,0,31.74,None,0.00015783309936523438,101.593,False,None,sfc_unique_p1_48,0,None,24.99,0.0,99.0,17,50,0,0,0,False,69.58762886597938,9.453,5.5472,14.52,0.2886,0.9447,0.232,0.2262,2895.865835177929,250.0,3145.865835177929
0,1762654644.145553,916.2,237,0.3097,0.6989,0.5771,0.5488,51.0443,69.8921,54.8836,0.0,0.0,0.0,30.86,0,30.86,None,0.20028901100158691,38.413,False,None,sfc_cache_p2_48,0,None,24.99,0.0,99.0,17,50,0,0,0,False,69.4980694980695,9.453,5.5472,14.52,0.2886,0.9447,0.232,0.2262,2895.865835177929,250.0,3145.865835177929
0,1762654644.1460817,916.2,237,0.3097,0.6989,0.5771,0.5488,51.0443,69.8921,54.8836,0.0,0.0,0.0,14.5,8.1,6.4,None,0.20028901100158691,113.683,False,None,sfc_unique_p2_48,0,None,24.99,0.0,99.0,17,50,0,0,0,False,69.40874035989717,9.453,5.5472,14.52,0.2886,0.9447,0.232,0.2262,2895.865835177929,250.0,3145.865835177929
0,1762654644.3629866,916.5,238,0.3097,0.6989,0.5771,0.5488,51.0443,69.8921,54.8836,0.0,0.0,0.0,30.35,0,30.35,None,0.45093560218811035,72.682,False,None,sfc_cache_p3_48,0,None,24.99,0.0,99.0,17,50,0,0,0,False,69.3196405648267,9.453,5.5472,14.52,0.2886,0.9447,0.232,0.2262,2895.865835177929,250.0,3145.865835177929
0,1762654644.3635387,916.5,238,0.3097,0.6989,0.5771,0.5488,51.0443,69.8921,54.8836,0.0,0.0,0.0,32.08,0,32.08,None,0.45093560218811035,89.253,False,None,sfc_unique_p3_48,0,None,24.99,0.0,99.0,17,50,0,0,0,False,69.23076923076923,9.453,5.5472,14.52,0.2886,0.9447,0.232,0.2262,2895.865835177929,250.0,3145.865835177929
0,1762654644.7890904,916.9,239,0.3097,0.6989,0.5771,0.5488,51.0443,69.8921,54.8836,0.0,0.0,0.0,8.71,4.48,4.23,None,0.6683802604675293,97.553,False,None,sfc_cache_p4_48,0,None,24.99,0.0,99.0,17,50,0,0,0,False,69.14212548015365,9.453,5.5472,14.52,0.2886,0.9447,0.232,0.2262,2895.865835177929,250.0,3145.865835177929
0,1762654644.7900162,916.9,239,0.3097,0.6989,0.5771,0.5488,51.0443,69.8921,54.8836,0.0,0.0,0.0,31.53,0,31.53,None,0.6683802604675293,266.657,False,None,sfc_unique_p4_48,0,None,24.99,0.0,99.0,17,50,0,0,0,False,69.0537084398977,9.453,5.5472,14.52,0.2886,0.9447,0.232,0.2262,2895.865835177929,250.0,3145.865835177929
0,1762654645.0604088,917.2,240,0.2844,0.6779,0.5347,0.4989,45.7158,67.7931,49.8942,0.0,0.0,0.0,8.81,4.06,4.74,None,1.095411777496338,93.632,False,None,sfc_cache_p5_48,0,None,20.66,0.0,99.0,13,46,0,0,0,False,68.96551724137932,9.202391304347826,5.848478260869564,14.347826086956522,0.303,0.9524,0.2387,0.2255,2862.405921851818,230.0,3092.405921851818
0,1762654645.0609567,917.2,240,0.2844,0.6779,0.5347,0.4989,45.7158,67.7931,49.8942,0.0,0.0,0.0,31.53,0,31.53,None,1.095411777496338,123.002,False,None,sfc_unique_p5_48,0,None,20.66,0.0,99.0,13,46,0,0,0,False,68.87755102040816,9.202391304347826,5.848478260869564,14.347826086956522,0.303,0.9524,0.2387,0.2255,2862.405921851818,230.0,3092.405921851818
0,1762654645.4318545,917.5,241,0.2968,0.6863,0.5513,0.5239,48.704,68.6322,52.3889,0.0,0.0,0.0,10.29,6.03,4.27,None,1.3657329082489014,139.671,True,None,sfc_cache_p6_48,0,None,20.66,0.0,99.0,13,48,0,0,0,False,68.91719745222929,9.395416666666668,5.674166666666667,14.4375,0.2984,0.9529,0.2346,0.228,2887.28729315657,240.0,3127.28729315657
0,1762654645.4327724,917.5,241,0.2968,0.6863,0.5513,0.5239,48.704,68.6322,52.3889,0.0,0.0,0.0,11.11,6.75,4.36,None,1.3657329082489014,171.807,True,None,sfc_unique_p6_48,0,None,20.66,0.0,99.0,13,48,0,0,0,False,68.95674300254453,9.395416666666668,5.674166666666667,14.4375,0.2984,0.9529,0.2346,0.228,2887.28729315657,240.0,3127.28729315657
0,1762654662.1046565,934.2,241,0.2633,0.5217,0.4215,0.3992,39.4887,52.1671,39.9153,0.0,0.0,0.0,9.3,5.4,3.91,None,0.00018072128295898438,120.618,True,None,sfc_cache_p1_49,0,None,16.33,0.0,99.0,12,38,0,0,0,False,68.99618805590852,9.62236842105263,5.447894736842105,13.894736842105264,0.3382,0.925,0.2346,0.224,2723.629742217698,190.0,2913.629742217698
0,1762654662.105341,934.2,241,0.2633,0.5217,0.4215,0.3992,39.4887,52.1671,39.9153,0.0,0.0,0.0,11.58,5.47,6.11,None,0.00018072128295898438,157.099,True,None,sfc_unique_p1_49,0,None,16.33,0.0,99.0,12,38,0,0,0,False,69.03553299492386,9.62236842105263,5.447894736842105,13.894736842105264,0.3382,0.925,0.2346,0.224,2723.629742217698,190.0,2913.629742217698
0,1762654662.383347,934.5,242,0.2759,0.5343,0.4421,0.4241,42.2966,53.4271,42.41,0.0,0.0,0.0,9.04,5.11,3.93,None,0.38448619842529297,95.375,True,None,sfc_cache_p2_49,0,None,16.33,0.0,99.0,12,40,0,0,0,False,69.07477820025349,9.79125,5.3005,14.025,0.322,0.9174,0.2364,0.2226,2743.3563822447454,200.0,2943.3563822447454
0,1762654662.3838978,934.5,242,0.2759,0.5343,0.4421,0.4241,42.2966,53.4271,42.41,0.0,0.0,0.0,11.84,6.65,5.19,None,0.38448619842529297,117.753,True,None,sfc_unique_p2_49,0,None,16.33,0.0,99.0,12,40,0,0,0,False,69.11392405063292,9.79125,5.3005,14.025,0.322,0.9174,0.2364,0.2226,2743.3563822447454,200.0,2943.3563822447454
0,1762654662.7103786,934.8,243,0.2872,0.5536,0.4574,0.449,44.8173,55.3573,44.9047,0.0,0.0,0.0,7.59,5.04,2.55,None,0.6628749370574951,174.716,True,None,sfc_cache_p3_49,0,None,16.33,0.0,99.0,12,42,0,0,0,False,69.15297092288243,9.880714285714285,5.230476190476191,14.142857142857142,0.325,0.9149,0.2281,0.2231,2772.3390692628996,210.0,2982.3390692628996
0,1762654662.7109451,934.8,243,0.2872,0.5536,0.4574,0.449,44.8173,55.3573,44.9047,0.0,0.0,0.0,15.8,10.72,5.08,None,0.6628749370574951,105.654,True,None,sfc_unique_p3_49,0,None,16.33,0.0,99.0,12,42,0,0,0,False,69.1919191919192,9.880714285714285,5.230476190476191,14.142857142857142,0.325,0.9149,0.2281,0.2231,2772.3390692628996,210.0,2982.3390692628996
0,1762654663.0048027,935.1,244,0.2918,0.5914,0.4813,0.449,46.1132,59.1372,44.9047,0.0,0.0,0.0,7.21,3.49,3.72,None,0.9899396896362305,125.712,True,None,sfc_cache_p4_49,0,None,20.33,0.0,132.0,13,44,0,0,0,False,69.23076923076923,9.704318181818183,5.333636363636364,13.5,0.3187,0.927,0.2232,0.2226,2816.7457462478865,220.0,3036.7457462478865
0,1762654663.005342,935.1,244,0.2918,0.5914,0.4813,0.449,46.1132,59.1372,44.9047,0.0,0.0,0.0,8.85,4.77,4.07,None,0.9899396896362305,116.914,True,None,sfc_unique_p4_49,0,None,20.33,0.0,132.0,13,44,0,0,0,False,69.26952141057934,9.704318181818183,5.333636363636364,13.5,0.3187,0.927,0.2232,0.2226,2816.7457462478865,220.0,3036.7457462478865
0,1762654663.242297,935.3,245,0.3011,0.6098,0.5049,0.474,48.2019,60.9843,47.3995,0.0,0.0,0.0,6.93,3.55,3.38,None,1.2842929363250732,99.024,True,None,sfc_cache_p5_49,0,None,24.66,0.0,132.0,15,46,0,0,0,False,69.30817610062893,9.702826086956522,5.261086956521739,13.630434782608695,0.3115,0.9302,0.2394,0.2219,2844.7619852201815,230.0,3074.7619852201815
0,1762654663.2428591,935.3,245,0.3011,0.6098,0.5049,0.474,48.2019,60.9843,47.3995,0.0,0.0,0.0,13.42,8.44,4.99,None,1.2842929363250732,89.486,True,None,sfc_unique_p5_49,0,None,24.66,0.0,132.0,15,46,0,0,0,False,69.34673366834171,9.702826086956522,5.261086956521739,13.630434782608695,0.3115,0.9302,0.2394,0.2219,2844.7619852201815,230.0,3074.7619852201815
0,1762654663.5849128,935.7,246,0.3062,0.6443,0.5294,0.474,49.6415,64.429,47.3995,0.0,0.0,0.0,5.78,3.16,2.62,None,1.5217692852020264,94.251,True,None,sfc_cache_p6_49,0,None,28.66,0.0,165.0,17,48,0,0,0,False,69.38519447929737,9.57625,5.326666666666667,13.0625,0.3053,0.928,0.2345,0.2212,2865.5076995058957,240.0,3105.5076995058957
0,1762654663.5854666,935.7,246,0.3062,0.6443,0.5294,0.474,49.6415,64.429,47.3995,0.0,0.0,0.0,11.02,5.83,5.2,None,1.5217692852020264,103.61,True,None,sfc_unique_p6_49,0,None,28.66,0.0,165.0,17,48,0,0,0,False,69.42355889724311,9.57625,5.326666666666667,13.0625,0.3053,0.928,0.2345,0.2212,2865.5076995058957,240.0,3105.5076995058957
