timestamp;(0,34);(14,17);(25,24);(8,13);(8,22);(14,10);(14,11);(28,27);(28,29);(28,30);(2,3);(2,32);(5,4);(9,12);(23,15);(23,19);(23,20);(18,21);(6,7);(2,16);(25,26);(33,1);(33,31);(34,9);(9,18);(18,2);(2,5);(5,23);(23,25);(25,28);(28,14);(14,8);(8,6);(6,33);(33,34);(25,25.1);(8,8.1);(14,14.1);(28,28.1);(2,2.1);(5,5.1);(9,9.1);(23,23.1);(18,18.1);(6,6.1);(33,33.1);(34,34.1)
1763417777.452982;0.00;0.00;0.00;0.00;0.00;0.00;0.00;0.00;0.00;0.00;0.00;0.00;0.00;0.00;0.00;0.00;0.00;0.00;0.00;0.00;0.00;0.00;97.00;0.00;0.00;0.00;0.00;0.00;0.00;0.00;0.00;0.00;97.00;97.00;0.00;0.00;0.00;0.00;0.00;0.00;0.00;0.00;0.00;0.00;0.00;0.00;0.00
1763417777.4535332;0.00;0.00;0.00;0.00;0.00;0.00;0.00;0.00;0.00;0.00;0.00;0.00;0.00;0.00;0.00;0.00;0.00;0.00;0.00;0.00;0.00;0.00;97.00;0.00;0.00;0.00;0.00;0.00;0.00;0.00;0.00;0.00;97.00;97.00;0.00;0.00;0.00;0.00;0.00;0.00;0.00;0.00;0.00;0.00;0.00;0.00;0.00
1763417777.473903;0.00;0.00;0.00;0.00;0.00;0.00;0.00;0.00;0.00;0.00;0.00;0.00;0.00;0.00;0.00;0.00;0.00;0.00;0.00;0.00;0.00;0.00;194.00;0.00;0.00;0.00;0.00;0.00;0.00;0.00;0.00;0.00;194.00;194.00;0.00;0.00;0.00;0.00;0.00;0.00;0.00;0.00;0.00;0.00;0.00;0.00;0.00
1763417777.4743354;0.00;0.00;0.00;0.00;0.00;0.00;0.00;0.00;0.00;0.00;0.00;0.00;0.00;0.00;0.00;0.00;0.00;0.00;0.00;0.00;0.00;0.00;194.00;0.00;0.00;0.00;0.00;0.00;0.00;0.00;0.00;0.00;194.00;194.00;0.00;0.00;0.00;0.00;0.00;0.00;0.00;0.00;0.00;0.00;0.00;0.00;0.00
1763417777.4924154;0.00;0.00;0.00;0.00;0.00;0.00;0.00;0.00;0.00;0.00;0.00;0.00;0.00;0.00;0.00;0.00;0.00;0.00;0.00;0.00;0.00;0.00;291.00;0.00;0.00;0.00;0.00;0.00;0.00;0.00;0.00;0.00;291.00;291.00;0.00;0.00;0.00;0.00;0.00;0.00;0.00;0.00;0.00;0.00;0.00;0.00;0.00
1763417777.4928374;0.00;0.00;0.00;0.00;0.00;0.00;0.00;0.00;0.00;0.00;0.00;0.00;0.00;0.00;0.00;0.00;0.00;0.00;0.00;0.00;0.00;0.00;291.00;0.00;0.00;0.00;0.00;0.00;0.00;0.00;0.00;0.00;291.00;291.00;0.00;0.00;0.00;0.00;0.00;0.00;0.00;0.00;0.00;0.00;0.00;0.00;0.00
1763417777.5197508;0.00;0.00;0.00;0.00;0.00;0.00;0.00;0.00;0.00;0.00;0.00;0.00;0.00;0.00;0.00;0.00;0.00;0.00;0.00;0.00;0.00;0.00;388.00;0.00;0.00;0.00;0.00;0.00;0.00;0.00;0.00;0.00;388.00;388.00;0.00;0.00;0.00;0.00;0.00;0.00;0.00;0.00;0.00;0.00;0.00;0.00;0.00
1763417777.520486;0.00;0.00;0.00;0.00;0.00;0.00;0.00;0.00;0.00;0.00;0.00;0.00;0.00;0.00;0.00;0.00;0.00;0.00;0.00;0.00;0.00;0.00;388.00;0.00;0.00;0.00;0.00;0.00;0.00;0.00;0.00;0.00;388.00;388.00;0.00;0.00;0.00;0.00;0.00;0.00;0.00;0.00;0.00;0.00;0.00;0.00;0.00
1763417777.5384045;0.00;0.00;0.00;0.00;0.00;0.00;0.00;0.00;0.00;0.00;0.00;0.00;0.00;0.00;0.00;0.00;0.00;0.00;0.00;0.00;0.00;0.00;485.00;0.00;0.00;0.00;0.00;0.00;0.00;0.00;0.00;0.00;485.00;485.00;0.00;0.00;0.00;0.00;0.00;0.00;0.00;0.00;0.00;0.00;0.00;0.00;0.00
1763417777.5388298;0.00;0.00;0.00;0.00;0.00;0.00;0.00;0.00;0.00;0.00;0.00;0.00;0.00;0.00;0.00;0.00;0.00;0.00;0.00;0.00;0.00;0.00;485.00;0.00;0.00;0.00;0.00;0.00;0.00;0.00;0.00;0.00;485.00;485.00;0.00;0.00;0.00;0.00;0.00;0.00;0.00;0.00;0.00;0.00;0.00;0.00;0.00
1763417777.562257;0.00;0.00;0.00;0.00;0.00;0.00;0.00;0.00;0.00;0.00;0.00;0.00;0.00;0.00;0.00;0.00;0.00;0.00;0.00;0.00;0.00;0.00;582.00;0.00;0.00;0.00;0.00;0.00;0.00;0.00;160.00;160.00;582.00;582.00;0.00;0.00;160.00;0.00;0.00;0.00;0.00;0.00;0.00;0.00;0.00;0.00;0.00
1763417777.5627;0.00;0.00;0.00;0.00;0.00;0.00;0.00;0.00;0.00;0.00;0.00;0.00;0.00;0.00;0.00;0.00;0.00;0.00;0.00;0.00;0.00;0.00;582.00;0.00;0.00;0.00;0.00;0.00;0.00;0.00;160.00;160.00;582.00;582.00;0.00;0.00;160.00;0.00;0.00;0.00;0.00;0.00;0.00;0.00;0.00;0.00;0.00
1763417793.448465;0.00;0.00;0.00;0.00;0.00;0.00;0.00;0.00;97.00;0.00;0.00;0.00;0.00;0.00;0.00;0.00;0.00;0.00;0.00;0.00;0.00;0.00;582.00;0.00;0.00;0.00;0.00;0.00;0.00;0.00;160.00;160.00;582.00;582.00;0.00;0.00;160.00;0.00;0.00;0.00;0.00;0.00;0.00;0.00;0.00;0.00;0.00
1763417793.4492564;0.00;0.00;0.00;0.00;0.00;0.00;0.00;0.00;97.00;0.00;0.00;0.00;0.00;0.00;0.00;0.00;0.00;0.00;0.00;0.00;0.00;0.00;582.00;0.00;0.00;0.00;0.00;0.00;0.00;0.00;160.00;160.00;582.00;582.00;0.00;0.00;160.00;0.00;0.00;0.00;0.00;0.00;0.00;0.00;0.00;0.00;0.00
1763417793.4769309;0.00;0.00;0.00;0.00;0.00;0.00;0.00;0.00;194.00;0.00;0.00;0.00;0.00;0.00;0.00;0.00;0.00;0.00;0.00;0.00;0.00;0.00;582.00;0.00;0.00;0.00;0.00;0.00;0.00;0.00;160.00;160.00;582.00;582.00;0.00;0.00;160.00;0.00;0.00;0.00;0.00;0.00;0.00;0.00;0.00;0.00;0.00
1763417793.4776843;0.00;0.00;0.00;0.00;0.00;0.00;0.00;0.00;194.00;0.00;0.00;0.00;0.00;0.00;0.00;0.00;0.00;0.00;0.00;0.00;0.00;0.00;582.00;0.00;0.00;0.00;0.00;0.00;0.00;0.00;160.00;160.00;582.00;582.00;0.00;0.00;160.00;0.00;0.00;0.00;0.00;0.00;0.00;0.00;0.00;0.00;0.00
1763417793.4961684;0.00;0.00;0.00;0.00;0.00;0.00;0.00;0.00;291.00;0.00;0.00;0.00;0.00;0.00;0.00;0.00;0.00;0.00;0.00;0.00;0.00;0.00;582.00;0.00;0.00;0.00;0.00;0.00;0.00;0.00;160.00;160.00;582.00;582.00;0.00;0.00;160.00;0.00;0.00;0.00;0.00;0.00;0.00;0.00;0.00;0.00;0.00
1763417793.496597;0.00;0.00;0.00;0.00;0.00;0.00;0.00;0.00;291.00;0.00;0.00;0.00;0.00;0.00;0.00;0.00;0.00;0.00;0.00;0.00;0.00;0.00;582.00;0.00;0.00;0.00;0.00;0.00;0.00;0.00;160.00;160.00;582.00;582.00;0.00;0.00;160.00;0.00;0.00;0.00;0.00;0.00;0.00;0.00;0.00;0.00;0.00
1763417793.5222154;0.00;0.00;0.00;0.00;0.00;0.00;0.00;0.00;388.00;0.00;0.00;0.00;0.00;0.00;0.00;0.00;0.00;0.00;0.00;0.00;0.00;0.00;582.00;0.00;0.00;0.00;0.00;0.00;0.00;0.00;160.00;160.00;582.00;582.00;0.00;0.00;160.00;0.00;0.00;0.00;0.00;0.00;0.00;0.00;0.00;0.00;0.00
1763417793.522663;0.00;0.00;0.00;0.00;0.00;0.00;0.00;0.00;388.00;0.00;0.00;0.00;0.00;0.00;0.00;0.00;0.00;0.00;0.00;0.00;0.00;0.00;582.00;0.00;0.00;0.00;0.00;0.00;0.00;0.00;160.00;160.00;582.00;582.00;0.00;0.00;160.00;0.00;0.00;0.00;0.00;0.00;0.00;0.00;0.00;0.00;0.00
1763417793.5503702;0.00;0.00;0.00;0.00;0.00;0.00;0.00;0.00;485.00;0.00;0.00;0.00;0.00;0.00;0.00;0.00;0.00;0.00;0.00;0.00;0.00;0.00;582.00;0.00;0.00;0.00;0.00;0.00;0.00;0.00;160.00;160.00;582.00;582.00;0.00;0.00;160.00;0.00;310.00;0.00;0.00;0.00;0.00;0.00;0.00;0.00;0.00
1763417793.5511274;0.00;0.00;0.00;0.00;0.00;0.00;0.00;0.00;485.00;0.00;0.00;0.00;0.00;0.00;0.00;0.00;0.00;0.00;0.00;0.00;0.00;0.00;582.00;0.00;0.00;0.00;0.00;0.00;0.00;0.00;160.00;160.00;582.00;582.00;0.00;0.00;160.00;0.00;310.00;0.00;0.00;0.00;0.00;0.00;0.00;0.00;0.00
1763417793.5828545;0.00;0.00;0.00;0.00;0.00;0.00;0.00;0.00;582.00;0.00;0.00;0.00;0.00;0.00;0.00;0.00;0.00;0.00;0.00;0.00;0.00;0.00;582.00;0.00;0.00;0.00;0.00;0.00;0.00;0.00;160.00;160.00;582.00;582.00;0.00;0.00;160.00;0.00;620.00;0.00;0.00;0.00;0.00;0.00;0.00;0.00;0.00
1763417793.5836363;0.00;0.00;0.00;0.00;0.00;0.00;0.00;0.00;582.00;0.00;0.00;0.00;0.00;0.00;0.00;0.00;0.00;0.00;0.00;0.00;0.00;0.00;582.00;0.00;0.00;0.00;0.00;0.00;0.00;0.00;160.00;160.00;582.00;582.00;0.00;0.00;160.00;0.00;620.00;0.00;0.00;0.00;0.00;0.00;0.00;0.00;0.00
1763417818.45804;0.00;0.00;0.00;0.00;0.00;0.00;0.00;0.00;582.00;0.00;0.00;0.00;0.00;0.00;0.00;97.00;0.00;0.00;0.00;0.00;0.00;0.00;582.00;0.00;0.00;0.00;0.00;0.00;97.00;0.00;160.00;160.00;582.00;582.00;0.00;0.00;160.00;0.00;620.00;0.00;0.00;0.00;0.00;0.00;0.00;0.00;0.00
1763417818.4588861;0.00;0.00;0.00;0.00;0.00;0.00;0.00;0.00;582.00;0.00;0.00;0.00;0.00;0.00;0.00;97.00;0.00;0.00;0.00;0.00;0.00;0.00;582.00;0.00;0.00;0.00;0.00;0.00;97.00;0.00;160.00;160.00;582.00;582.00;0.00;0.00;160.00;0.00;620.00;0.00;0.00;0.00;0.00;0.00;0.00;0.00;0.00
1763417818.4882739;0.00;0.00;0.00;0.00;0.00;0.00;0.00;0.00;582.00;0.00;0.00;0.00;0.00;0.00;0.00;194.00;0.00;0.00;0.00;0.00;0.00;0.00;582.00;0.00;0.00;0.00;0.00;0.00;194.00;0.00;160.00;160.00;582.00;582.00;0.00;0.00;160.00;0.00;620.00;0.00;0.00;0.00;0.00;0.00;0.00;0.00;0.00
1763417818.489064;0.00;0.00;0.00;0.00;0.00;0.00;0.00;0.00;582.00;0.00;0.00;0.00;0.00;0.00;0.00;194.00;0.00;0.00;0.00;0.00;0.00;0.00;582.00;0.00;0.00;0.00;0.00;0.00;194.00;0.00;160.00;160.00;582.00;582.00;0.00;0.00;160.00;0.00;620.00;0.00;0.00;0.00;0.00;0.00;0.00;0.00;0.00
1763417818.5202456;0.00;0.00;0.00;0.00;0.00;0.00;0.00;0.00;582.00;0.00;0.00;0.00;0.00;0.00;0.00;291.00;0.00;0.00;0.00;0.00;0.00;0.00;582.00;0.00;0.00;0.00;0.00;0.00;291.00;0.00;160.00;160.00;582.00;582.00;0.00;0.00;160.00;0.00;620.00;0.00;0.00;0.00;0.00;0.00;0.00;0.00;0.00
1763417818.521062;0.00;0.00;0.00;0.00;0.00;0.00;0.00;0.00;582.00;0.00;0.00;0.00;0.00;0.00;0.00;291.00;0.00;0.00;0.00;0.00;0.00;0.00;582.00;0.00;0.00;0.00;0.00;0.00;291.00;0.00;160.00;160.00;582.00;582.00;0.00;0.00;160.00;0.00;620.00;0.00;0.00;0.00;0.00;0.00;0.00;0.00;0.00
1763417818.5493426;0.00;0.00;0.00;0.00;0.00;0.00;0.00;0.00;582.00;0.00;0.00;0.00;0.00;0.00;0.00;388.00;0.00;0.00;0.00;0.00;0.00;0.00;582.00;0.00;0.00;0.00;0.00;0.00;388.00;0.00;160.00;160.00;582.00;582.00;0.00;0.00;160.00;0.00;620.00;0.00;0.00;0.00;0.00;0.00;0.00;0.00;0.00
1763417818.550165;0.00;0.00;0.00;0.00;0.00;0.00;0.00;0.00;582.00;0.00;0.00;0.00;0.00;0.00;0.00;388.00;0.00;0.00;0.00;0.00;0.00;0.00;582.00;0.00;0.00;0.00;0.00;0.00;388.00;0.00;160.00;160.00;582.00;582.00;0.00;0.00;160.00;0.00;620.00;0.00;0.00;0.00;0.00;0.00;0.00;0.00;0.00
1763417818.583629;0.00;0.00;0.00;0.00;0.00;0.00;0.00;0.00;582.00;0.00;0.00;0.00;0.00;0.00;0.00;485.00;0.00;0.00;0.00;0.00;0.00;0.00;582.00;0.00;0.00;0.00;0.00;0.00;485.00;0.00;160.00;160.00;582.00;582.00;0.00;0.00;160.00;0.00;620.00;0.00;0.00;0.00;0.00;0.00;0.00;0.00;0.00
1763417818.584426;0.00;0.00;0.00;0.00;0.00;0.00;0.00;0.00;582.00;0.00;0.00;0.00;0.00;0.00;0.00;485.00;0.00;0.00;0.00;0.00;0.00;0.00;582.00;0.00;0.00;0.00;0.00;0.00;485.00;0.00;160.00;160.00;582.00;582.00;0.00;0.00;160.00;0.00;620.00;0.00;0.00;0.00;0.00;0.00;0.00;0.00;0.00
1763417818.6178718;0.00;0.00;0.00;0.00;0.00;0.00;0.00;0.00;582.00;0.00;0.00;0.00;0.00;0.00;0.00;582.00;0.00;0.00;0.00;0.00;0.00;0.00;582.00;0.00;0.00;0.00;0.00;0.00;582.00;160.00;160.00;160.00;582.00;582.00;0.00;0.00;160.00;0.00;930.00;0.00;0.00;0.00;0.00;0.00;0.00;0.00;0.00
1763417818.6186633;0.00;0.00;0.00;0.00;0.00;0.00;0.00;0.00;582.00;0.00;0.00;0.00;0.00;0.00;0.00;582.00;0.00;0.00;0.00;0.00;0.00;0.00;582.00;0.00;0.00;0.00;0.00;0.00;582.00;160.00;160.00;160.00;582.00;582.00;0.00;0.00;160.00;0.00;930.00;0.00;0.00;0.00;0.00;0.00;0.00;0.00;0.00
1763417843.4661238;0.00;0.00;0.00;0.00;0.00;0.00;0.00;0.00;582.00;0.00;0.00;0.00;0.00;0.00;0.00;582.00;0.00;0.00;0.00;0.00;0.00;97.00;582.00;0.00;0.00;0.00;0.00;0.00;582.00;160.00;630.00;454.67;679.00;679.00;0.00;0.00;320.00;0.00;1250.00;0.00;0.00;0.00;0.00;0.00;0.00;0.00;0.00
1763417843.466602;0.00;0.00;0.00;0.00;0.00;0.00;0.00;0.00;582.00;0.00;0.00;0.00;0.00;0.00;0.00;582.00;0.00;0.00;0.00;0.00;0.00;97.00;582.00;0.00;0.00;0.00;0.00;0.00;582.00;160.00;630.00;454.67;679.00;679.00;0.00;0.00;320.00;0.00;1250.00;0.00;0.00;0.00;0.00;0.00;0.00;0.00;0.00
1763417843.4953556;0.00;0.00;0.00;0.00;0.00;0.00;0.00;0.00;582.00;0.00;0.00;0.00;0.00;0.00;0.00;582.00;0.00;0.00;0.00;0.00;0.00;194.00;582.00;0.00;0.00;0.00;0.00;0.00;582.00;160.00;930.00;551.67;776.00;776.00;0.00;0.00;320.00;0.00;1250.00;0.00;0.00;0.00;0.00;0.00;0.00;0.00;0.00
1763417843.4961562;0.00;0.00;0.00;0.00;0.00;0.00;0.00;0.00;582.00;0.00;0.00;0.00;0.00;0.00;0.00;582.00;0.00;0.00;0.00;0.00;0.00;194.00;582.00;0.00;0.00;0.00;0.00;0.00;582.00;160.00;930.00;551.67;776.00;776.00;0.00;0.00;320.00;0.00;1250.00;0.00;0.00;0.00;0.00;0.00;0.00;0.00;0.00
1763417843.5278075;0.00;0.00;0.00;0.00;0.00;0.00;0.00;0.00;582.00;0.00;0.00;0.00;0.00;0.00;0.00;582.00;0.00;0.00;0.00;0.00;0.00;291.00;582.00;0.00;0.00;0.00;0.00;0.00;582.00;160.00;1230.00;648.67;873.00;873.00;0.00;0.00;320.00;0.00;1250.00;0.00;0.00;0.00;0.00;0.00;0.00;0.00;0.00
1763417843.528609;0.00;0.00;0.00;0.00;0.00;0.00;0.00;0.00;582.00;0.00;0.00;0.00;0.00;0.00;0.00;582.00;0.00;0.00;0.00;0.00;0.00;291.00;582.00;0.00;0.00;0.00;0.00;0.00;582.00;160.00;1230.00;648.67;873.00;873.00;0.00;0.00;320.00;0.00;1250.00;0.00;0.00;0.00;0.00;0.00;0.00;0.00;0.00
1763417843.5605938;0.00;0.00;0.00;0.00;0.00;0.00;0.00;0.00;582.00;0.00;0.00;0.00;0.00;0.00;0.00;582.00;0.00;0.00;0.00;0.00;0.00;388.00;582.00;0.00;0.00;0.00;0.00;0.00;582.00;160.00;1530.00;841.00;970.00;970.00;0.00;0.00;544.67;0.00;1250.00;0.00;0.00;0.00;0.00;0.00;0.00;0.00;0.00
1763417843.5614212;0.00;0.00;0.00;0.00;0.00;0.00;0.00;0.00;582.00;0.00;0.00;0.00;0.00;0.00;0.00;582.00;0.00;0.00;0.00;0.00;0.00;388.00;582.00;0.00;0.00;0.00;0.00;0.00;582.00;160.00;1530.00;841.00;970.00;970.00;0.00;0.00;544.67;0.00;1250.00;0.00;0.00;0.00;0.00;0.00;0.00;0.00;0.00
1763417843.5937042;0.00;0.00;0.00;0.00;0.00;0.00;0.00;0.00;582.00;0.00;0.00;0.00;0.00;0.00;0.00;582.00;0.00;0.00;0.00;0.00;0.00;485.00;582.00;0.00;0.00;0.00;0.00;0.00;582.00;160.00;1830.00;1081.00;1067.00;1067.00;0.00;0.00;881.67;0.00;1250.00;0.00;0.00;0.00;0.00;0.00;0.00;0.00;0.00
1763417843.5945203;0.00;0.00;0.00;0.00;0.00;0.00;0.00;0.00;582.00;0.00;0.00;0.00;0.00;0.00;0.00;582.00;0.00;0.00;0.00;0.00;0.00;485.00;582.00;0.00;0.00;0.00;0.00;0.00;582.00;160.00;1830.00;1081.00;1067.00;1067.00;0.00;0.00;881.67;0.00;1250.00;0.00;0.00;0.00;0.00;0.00;0.00;0.00;0.00
1763417843.6244147;0.00;0.00;0.00;0.00;0.00;0.00;0.00;0.00;582.00;0.00;0.00;0.00;0.00;0.00;0.00;582.00;0.00;0.00;0.00;0.00;0.00;582.00;582.00;0.00;0.00;0.00;0.00;0.00;582.00;160.00;1980.00;1433.33;1164.00;1164.00;0.00;0.00;1416.34;0.00;1250.00;0.00;0.00;0.00;0.00;0.00;0.00;0.00;0.00
1763417843.6252413;0.00;0.00;0.00;0.00;0.00;0.00;0.00;0.00;582.00;0.00;0.00;0.00;0.00;0.00;0.00;582.00;0.00;0.00;0.00;0.00;0.00;582.00;582.00;0.00;0.00;0.00;0.00;0.00;582.00;160.00;1980.00;1433.33;1164.00;1164.00;0.00;0.00;1416.34;0.00;1250.00;0.00;0.00;0.00;0.00;0.00;0.00;0.00;0.00
1763417844.6626334;0.00;0.00;0.00;0.00;0.00;0.00;0.00;97.00;485.00;0.00;0.00;0.00;0.00;0.00;0.00;582.00;0.00;0.00;0.00;0.00;0.00;582.00;582.00;0.00;0.00;0.00;0.00;0.00;582.00;320.00;1980.00;1433.33;1164.00;1164.00;0.00;310.00;1416.34;0.00;1250.00;0.00;0.00;0.00;0.00;0.00;0.00;0.00;0.00
1763417844.6634548;0.00;0.00;0.00;0.00;0.00;0.00;0.00;97.00;485.00;0.00;0.00;0.00;0.00;0.00;0.00;582.00;0.00;0.00;0.00;0.00;0.00;582.00;582.00;0.00;0.00;0.00;0.00;0.00;582.00;320.00;1980.00;1433.33;1164.00;1164.00;0.00;310.00;1416.34;0.00;1250.00;0.00;0.00;0.00;0.00;0.00;0.00;0.00;0.00
1763417849.6661286;0.00;0.00;0.00;0.00;0.00;0.00;0.00;97.00;388.00;0.00;0.00;0.00;0.00;0.00;0.00;485.00;0.00;97.00;0.00;0.00;0.00;582.00;582.00;0.00;0.00;97.00;97.00;240.00;725.00;320.00;1980.00;1433.33;1164.00;1164.00;0.00;310.00;1416.34;0.00;1250.00;0.00;0.00;0.00;0.00;0.00;0.00;0.00;0.00
1763417849.6669855;0.00;0.00;0.00;0.00;0.00;0.00;0.00;97.00;388.00;0.00;0.00;0.00;0.00;0.00;0.00;485.00;0.00;97.00;0.00;0.00;0.00;582.00;582.00;0.00;0.00;97.00;97.00;240.00;725.00;320.00;1980.00;1433.33;1164.00;1164.00;0.00;310.00;1416.34;0.00;1250.00;0.00;0.00;0.00;0.00;0.00;0.00;0.00;0.00
1763417849.6946533;0.00;0.00;0.00;0.00;0.00;0.00;0.00;194.00;388.00;0.00;0.00;0.00;0.00;0.00;0.00;485.00;0.00;97.00;0.00;0.00;0.00;582.00;582.00;0.00;0.00;97.00;97.00;240.00;725.00;320.00;1980.00;1433.33;1164.00;1164.00;0.00;310.00;1416.34;0.00;1250.00;0.00;0.00;0.00;0.00;0.00;0.00;0.00;0.00
1763417849.6954725;0.00;0.00;0.00;0.00;0.00;0.00;0.00;194.00;388.00;0.00;0.00;0.00;0.00;0.00;0.00;485.00;0.00;97.00;0.00;0.00;0.00;582.00;582.00;0.00;0.00;97.00;97.00;240.00;725.00;320.00;1980.00;1433.33;1164.00;1164.00;0.00;310.00;1416.34;0.00;1250.00;0.00;0.00;0.00;0.00;0.00;0.00;0.00;0.00
1763417854.6736195;0.00;0.00;0.00;0.00;0.00;0.00;0.00;194.00;388.00;0.00;0.00;0.00;0.00;0.00;0.00;291.00;97.00;97.00;0.00;0.00;0.00;582.00;582.00;0.00;0.00;97.00;97.00;240.00;628.00;160.00;1980.00;1433.33;1164.00;1164.00;0.00;310.00;1416.34;0.00;940.00;0.00;0.00;0.00;0.00;0.00;0.00;0.00;0.00
1763417854.6744318;0.00;0.00;0.00;0.00;0.00;0.00;0.00;194.00;388.00;0.00;0.00;0.00;0.00;0.00;0.00;291.00;97.00;97.00;0.00;0.00;0.00;582.00;582.00;0.00;0.00;97.00;97.00;240.00;628.00;160.00;1980.00;1433.33;1164.00;1164.00;0.00;310.00;1416.34;0.00;940.00;0.00;0.00;0.00;0.00;0.00;0.00;0.00;0.00
1763417854.7019725;0.00;0.00;0.00;0.00;0.00;0.00;0.00;194.00;388.00;0.00;0.00;0.00;0.00;0.00;0.00;291.00;194.00;97.00;0.00;0.00;0.00;582.00;582.00;0.00;0.00;97.00;97.00;240.00;810.33;240.00;1980.00;1433.33;1164.00;1164.00;0.00;310.00;1416.34;0.00;1170.00;0.00;0.00;0.00;0.00;0.00;0.00;0.00;0.00
1763417854.702788;0.00;0.00;0.00;0.00;0.00;0.00;0.00;194.00;388.00;0.00;0.00;0.00;0.00;0.00;0.00;291.00;194.00;97.00;0.00;0.00;0.00;582.00;582.00;0.00;0.00;97.00;97.00;240.00;810.33;240.00;1980.00;1433.33;1164.00;1164.00;0.00;310.00;1416.34;0.00;1170.00;0.00;0.00;0.00;0.00;0.00;0.00;0.00;0.00
1763417859.4808683;0.00;0.00;0.00;0.00;0.00;0.00;0.00;194.00;388.00;0.00;0.00;0.00;0.00;0.00;0.00;291.00;194.00;97.00;0.00;97.00;0.00;582.00;582.00;0.00;0.00;97.00;194.00;470.00;1110.33;240.00;1980.00;1433.33;1164.00;1164.00;0.00;310.00;1416.34;0.00;1170.00;0.00;0.00;0.00;0.00;0.00;0.00;0.00;0.00
1763417859.48172;0.00;0.00;0.00;0.00;0.00;0.00;0.00;194.00;388.00;0.00;0.00;0.00;0.00;0.00;0.00;291.00;194.00;97.00;0.00;97.00;0.00;582.00;582.00;0.00;0.00;97.00;194.00;470.00;1110.33;240.00;1980.00;1433.33;1164.00;1164.00;0.00;310.00;1416.34;0.00;1170.00;0.00;0.00;0.00;0.00;0.00;0.00;0.00;0.00
1763417859.5137944;0.00;0.00;0.00;0.00;0.00;0.00;0.00;194.00;388.00;0.00;0.00;0.00;0.00;0.00;0.00;291.00;194.00;97.00;0.00;194.00;0.00;582.00;582.00;0.00;0.00;97.00;291.00;470.00;1110.33;240.00;1980.00;1433.33;1164.00;1164.00;0.00;310.00;1416.34;0.00;1170.00;0.00;0.00;0.00;0.00;0.00;0.00;0.00;0.00
1763417859.514622;0.00;0.00;0.00;0.00;0.00;0.00;0.00;194.00;388.00;0.00;0.00;0.00;0.00;0.00;0.00;291.00;194.00;97.00;0.00;194.00;0.00;582.00;582.00;0.00;0.00;97.00;291.00;470.00;1110.33;240.00;1980.00;1433.33;1164.00;1164.00;0.00;310.00;1416.34;0.00;1170.00;0.00;0.00;0.00;0.00;0.00;0.00;0.00;0.00
1763417859.5530896;0.00;0.00;0.00;0.00;0.00;0.00;0.00;194.00;388.00;0.00;0.00;0.00;0.00;0.00;0.00;291.00;194.00;97.00;0.00;338.67;0.00;582.00;582.00;0.00;144.67;241.67;291.00;470.00;1110.33;240.00;1980.00;1433.33;1164.00;1164.00;0.00;310.00;1416.34;0.00;1170.00;0.00;0.00;0.00;0.00;0.00;0.00;0.00;0.00
1763417859.5539312;0.00;0.00;0.00;0.00;0.00;0.00;0.00;194.00;388.00;0.00;0.00;0.00;0.00;0.00;0.00;291.00;194.00;97.00;0.00;338.67;0.00;582.00;582.00;0.00;144.67;241.67;291.00;470.00;1110.33;240.00;1980.00;1433.33;1164.00;1164.00;0.00;310.00;1416.34;0.00;1170.00;0.00;0.00;0.00;0.00;0.00;0.00;0.00;0.00
1763417859.5893917;0.00;0.00;0.00;0.00;0.00;0.00;0.00;194.00;388.00;0.00;0.00;0.00;0.00;0.00;0.00;291.00;194.00;97.00;0.00;483.34;0.00;582.00;582.00;0.00;384.67;481.67;291.00;470.00;1110.33;240.00;1980.00;1433.33;1164.00;1164.00;0.00;310.00;1416.34;0.00;1170.00;0.00;0.00;0.00;0.00;0.00;0.00;0.00;0.00
1763417859.5902543;0.00;0.00;0.00;0.00;0.00;0.00;0.00;194.00;388.00;0.00;0.00;0.00;0.00;0.00;0.00;291.00;194.00;97.00;0.00;483.34;0.00;582.00;582.00;0.00;384.67;481.67;291.00;470.00;1110.33;240.00;1980.00;1433.33;1164.00;1164.00;0.00;310.00;1416.34;0.00;1170.00;0.00;0.00;0.00;0.00;0.00;0.00;0.00;0.00
1763417859.6237452;0.00;0.00;0.00;0.00;0.00;0.00;0.00;194.00;388.00;0.00;0.00;0.00;0.00;0.00;0.00;291.00;194.00;97.00;0.00;628.01;0.00;582.00;582.00;0.00;464.67;561.67;355.67;534.67;1260.33;240.00;1980.00;1433.33;1164.00;1164.00;0.00;310.00;1416.34;0.00;1170.00;0.00;0.00;0.00;0.00;0.00;0.00;0.00;0.00
1763417859.6245942;0.00;0.00;0.00;0.00;0.00;0.00;0.00;194.00;388.00;0.00;0.00;0.00;0.00;0.00;0.00;291.00;194.00;97.00;0.00;628.01;0.00;582.00;582.00;0.00;464.67;561.67;355.67;534.67;1260.33;240.00;1980.00;1433.33;1164.00;1164.00;0.00;310.00;1416.34;0.00;1170.00;0.00;0.00;0.00;0.00;0.00;0.00;0.00;0.00
1763417859.6629488;0.00;0.00;0.00;0.00;0.00;0.00;0.00;194.00;388.00;0.00;0.00;0.00;0.00;0.00;0.00;291.00;194.00;97.00;0.00;772.68;0.00;582.00;582.00;0.00;464.67;561.67;655.67;534.67;1260.33;240.00;1980.00;1433.33;1164.00;1164.00;0.00;310.00;1416.34;0.00;1170.00;0.00;0.00;0.00;0.00;0.00;0.00;0.00;0.00
1763417859.663799;0.00;0.00;0.00;0.00;0.00;0.00;0.00;194.00;388.00;0.00;0.00;0.00;0.00;0.00;0.00;291.00;194.00;97.00;0.00;772.68;0.00;582.00;582.00;0.00;464.67;561.67;655.67;534.67;1260.33;240.00;1980.00;1433.33;1164.00;1164.00;0.00;310.00;1416.34;0.00;1170.00;0.00;0.00;0.00;0.00;0.00;0.00;0.00;0.00
1763417859.6984239;0.00;0.00;0.00;0.00;0.00;0.00;0.00;338.67;291.00;0.00;0.00;0.00;0.00;0.00;0.00;291.00;194.00;97.00;0.00;772.68;0.00;582.00;582.00;0.00;464.67;561.67;655.67;534.67;1260.33;240.00;1980.00;1433.33;1164.00;1164.00;0.00;310.00;1416.34;0.00;1170.00;0.00;0.00;0.00;0.00;0.00;0.00;0.00;0.00
1763417859.6992807;0.00;0.00;0.00;0.00;0.00;0.00;0.00;338.67;291.00;0.00;0.00;0.00;0.00;0.00;0.00;291.00;194.00;97.00;0.00;772.68;0.00;582.00;582.00;0.00;464.67;561.67;655.67;534.67;1260.33;240.00;1980.00;1433.33;1164.00;1164.00;0.00;310.00;1416.34;0.00;1170.00;0.00;0.00;0.00;0.00;0.00;0.00;0.00;0.00
1763417864.7047937;0.00;0.00;0.00;0.00;0.00;0.00;0.00;483.34;194.00;0.00;0.00;0.00;0.00;0.00;0.00;291.00;194.00;97.00;0.00;772.68;0.00;582.00;582.00;0.00;464.67;561.67;655.67;534.67;1570.33;400.00;1980.00;1433.33;1164.00;1164.00;0.00;630.00;1416.34;0.00;860.00;0.00;0.00;0.00;0.00;0.00;0.00;0.00;0.00
1763417864.7056446;0.00;0.00;0.00;0.00;0.00;0.00;0.00;483.34;194.00;0.00;0.00;0.00;0.00;0.00;0.00;291.00;194.00;97.00;0.00;772.68;0.00;582.00;582.00;0.00;464.67;561.67;655.67;534.67;1570.33;400.00;1980.00;1433.33;1164.00;1164.00;0.00;630.00;1416.34;0.00;860.00;0.00;0.00;0.00;0.00;0.00;0.00;0.00;0.00
1763417869.7072732;0.00;0.00;0.00;0.00;0.00;0.00;0.00;628.01;97.00;0.00;0.00;0.00;0.00;0.00;0.00;291.00;194.00;97.00;0.00;772.68;0.00;582.00;582.00;0.00;464.67;561.67;655.67;534.67;1570.33;400.00;1980.00;1433.33;1164.00;1164.00;0.00;630.00;1416.34;0.00;860.00;0.00;0.00;0.00;0.00;0.00;0.00;0.00;0.00
1763417869.7077618;0.00;0.00;0.00;0.00;0.00;0.00;0.00;628.01;97.00;0.00;0.00;0.00;0.00;0.00;0.00;291.00;194.00;97.00;0.00;772.68;0.00;582.00;582.00;0.00;464.67;561.67;655.67;534.67;1570.33;400.00;1980.00;1433.33;1164.00;1164.00;0.00;630.00;1416.34;0.00;860.00;0.00;0.00;0.00;0.00;0.00;0.00;0.00;0.00
1763417871.4941998;0.00;0.00;0.00;0.00;0.00;0.00;0.00;628.01;97.00;0.00;0.00;0.00;0.00;0.00;0.00;291.00;194.00;97.00;144.67;772.68;0.00;582.00;582.00;0.00;464.67;561.67;655.67;534.67;1570.33;400.00;2194.67;1578.00;1308.67;1164.00;0.00;630.00;1416.34;0.00;1170.00;0.00;0.00;0.00;0.00;0.00;0.00;0.00;0.00
1763417871.4950502;0.00;0.00;0.00;0.00;0.00;0.00;0.00;628.01;97.00;0.00;0.00;0.00;0.00;0.00;0.00;291.00;194.00;97.00;144.67;772.68;0.00;582.00;582.00;0.00;464.67;561.67;655.67;534.67;1570.33;400.00;2194.67;1578.00;1308.67;1164.00;0.00;630.00;1416.34;0.00;1170.00;0.00;0.00;0.00;0.00;0.00;0.00;0.00;0.00
1763417871.6480217;0.00;0.00;0.00;0.00;0.00;0.00;0.00;628.01;97.00;0.00;0.00;0.00;0.00;0.00;0.00;291.00;194.00;97.00;289.34;772.68;0.00;582.00;582.00;0.00;464.67;561.67;655.67;534.67;1570.33;400.00;2194.67;1578.00;1453.34;1164.00;0.00;630.00;1861.01;0.00;1170.00;0.00;0.00;0.00;0.00;0.00;0.00;0.00;0.00
1763417871.6488495;0.00;0.00;0.00;0.00;0.00;0.00;0.00;628.01;97.00;0.00;0.00;0.00;0.00;0.00;0.00;291.00;194.00;97.00;289.34;772.68;0.00;582.00;582.00;0.00;464.67;561.67;655.67;534.67;1570.33;400.00;2194.67;1578.00;1453.34;1164.00;0.00;630.00;1861.01;0.00;1170.00;0.00;0.00;0.00;0.00;0.00;0.00;0.00;0.00
1763417871.6814198;0.00;0.00;0.00;0.00;0.00;0.00;0.00;628.01;97.00;0.00;0.00;0.00;0.00;0.00;0.00;291.00;194.00;97.00;529.34;772.68;0.00;582.00;582.00;0.00;464.67;561.67;655.67;534.67;1570.33;560.00;2434.67;1818.00;1693.34;1164.00;0.00;940.00;1861.01;0.00;1490.00;0.00;0.00;0.00;0.00;0.00;0.00;0.00;0.00
1763417871.6822515;0.00;0.00;0.00;0.00;0.00;0.00;0.00;628.01;97.00;0.00;0.00;0.00;0.00;0.00;0.00;291.00;194.00;97.00;529.34;772.68;0.00;582.00;582.00;0.00;464.67;561.67;655.67;534.67;1570.33;560.00;2434.67;1818.00;1693.34;1164.00;0.00;940.00;1861.01;0.00;1490.00;0.00;0.00;0.00;0.00;0.00;0.00;0.00;0.00
1763417871.7174962;0.00;0.00;0.00;0.00;0.00;0.00;0.00;628.01;97.00;0.00;0.00;0.00;0.00;0.00;0.00;291.00;194.00;97.00;769.34;772.68;0.00;582.00;582.00;160.00;464.67;561.67;655.67;534.67;1570.33;560.00;2584.67;1898.00;1773.34;1324.00;160.00;940.00;1861.01;230.00;1490.00;0.00;0.00;0.00;0.00;0.00;0.00;0.00;0.00
1763417871.718332;0.00;0.00;0.00;0.00;0.00;0.00;0.00;628.01;97.00;0.00;0.00;0.00;0.00;0.00;0.00;291.00;194.00;97.00;769.34;772.68;0.00;582.00;582.00;160.00;464.67;561.67;655.67;534.67;1570.33;560.00;2584.67;1898.00;1773.34;1324.00;160.00;940.00;1861.01;230.00;1490.00;0.00;0.00;0.00;0.00;0.00;0.00;0.00;0.00
1763417871.7526782;0.00;0.00;0.00;0.00;0.00;0.00;0.00;628.01;97.00;0.00;0.00;0.00;0.00;0.00;0.00;291.00;194.00;97.00;1009.34;772.68;0.00;582.00;582.00;320.00;464.67;561.67;655.67;534.67;1570.33;560.00;2734.67;1978.00;1853.34;1484.00;320.00;940.00;1861.01;460.00;1490.00;0.00;0.00;0.00;0.00;0.00;0.00;0.00;0.00
1763417871.7535326;0.00;0.00;0.00;0.00;0.00;0.00;0.00;628.01;97.00;0.00;0.00;0.00;0.00;0.00;0.00;291.00;194.00;97.00;1009.34;772.68;0.00;582.00;582.00;320.00;464.67;561.67;655.67;534.67;1570.33;560.00;2734.67;1978.00;1853.34;1484.00;320.00;940.00;1861.01;460.00;1490.00;0.00;0.00;0.00;0.00;0.00;0.00;0.00;0.00
1763417871.7943892;0.00;0.00;0.00;0.00;0.00;0.00;0.00;628.01;97.00;0.00;0.00;0.00;0.00;0.00;0.00;291.00;194.00;97.00;1249.34;772.68;0.00;582.00;582.00;480.00;464.67;561.67;655.67;534.67;1570.33;640.00;2814.67;2058.00;1933.34;1644.00;480.00;1170.00;1861.01;460.00;1490.00;0.00;0.00;310.00;0.00;0.00;0.00;0.00;0.00
1763417871.79527;0.00;0.00;0.00;0.00;0.00;0.00;0.00;628.01;97.00;0.00;0.00;0.00;0.00;0.00;0.00;291.00;194.00;97.00;1249.34;772.68;0.00;582.00;582.00;480.00;464.67;561.67;655.67;534.67;1570.33;640.00;2814.67;2058.00;1933.34;1644.00;480.00;1170.00;1861.01;460.00;1490.00;0.00;0.00;310.00;0.00;0.00;0.00;0.00;0.00
1763417874.7148254;0.00;240.00;0.00;0.00;0.00;0.00;0.00;628.01;97.00;0.00;0.00;0.00;0.00;0.00;0.00;291.00;97.00;97.00;1249.34;772.68;0.00;582.00;582.00;480.00;464.67;561.67;655.67;534.67;1473.33;880.00;3054.67;2058.00;1933.34;1644.00;480.00;1170.00;1861.01;460.00;1490.00;0.00;0.00;310.00;0.00;0.00;0.00;0.00;0.00
1763417874.7156918;0.00;240.00;0.00;0.00;0.00;0.00;0.00;628.01;97.00;0.00;0.00;0.00;0.00;0.00;0.00;291.00;97.00;97.00;1249.34;772.68;0.00;582.00;582.00;480.00;464.67;561.67;655.67;534.67;1473.33;880.00;3054.67;2058.00;1933.34;1644.00;480.00;1170.00;1861.01;460.00;1490.00;0.00;0.00;310.00;0.00;0.00;0.00;0.00;0.00
1763417879.721503;0.00;480.00;0.00;0.00;0.00;0.00;0.00;531.01;97.00;0.00;0.00;0.00;0.00;0.00;0.00;291.00;0.00;97.00;1249.34;772.68;0.00;582.00;582.00;480.00;464.67;561.67;655.67;534.67;1291.00;800.00;3294.67;2058.00;1933.34;1644.00;480.00;860.00;1861.01;460.00;1490.00;0.00;0.00;310.00;0.00;0.00;0.00;0.00;0.00
1763417879.722379;0.00;480.00;0.00;0.00;0.00;0.00;0.00;531.01;97.00;0.00;0.00;0.00;0.00;0.00;0.00;291.00;0.00;97.00;1249.34;772.68;0.00;582.00;582.00;480.00;464.67;561.67;655.67;534.67;1291.00;800.00;3294.67;2058.00;1933.34;1644.00;480.00;860.00;1861.01;460.00;1490.00;0.00;0.00;310.00;0.00;0.00;0.00;0.00;0.00
1763417879.7549229;0.00;480.00;0.00;0.00;0.00;0.00;0.00;531.01;97.00;0.00;0.00;0.00;0.00;0.00;0.00;291.00;0.00;97.00;1249.34;772.68;240.00;582.00;582.00;480.00;464.67;561.67;655.67;534.67;1831.00;800.00;3294.67;2058.00;1933.34;1644.00;480.00;860.00;1861.01;460.00;1490.00;0.00;0.00;310.00;0.00;0.00;0.00;0.00;0.00
1763417879.7557561;0.00;480.00;0.00;0.00;0.00;0.00;0.00;531.01;97.00;0.00;0.00;0.00;0.00;0.00;0.00;291.00;0.00;97.00;1249.34;772.68;240.00;582.00;582.00;480.00;464.67;561.67;655.67;534.67;1831.00;800.00;3294.67;2058.00;1933.34;1644.00;480.00;860.00;1861.01;460.00;1490.00;0.00;0.00;310.00;0.00;0.00;0.00;0.00;0.00
1763417894.5006933;0.00;480.00;0.00;0.00;0.00;144.67;0.00;531.01;97.00;0.00;0.00;0.00;0.00;0.00;0.00;291.00;0.00;97.00;1249.34;772.68;240.00;582.00;0.00;480.00;464.67;561.67;655.67;534.67;1831.00;800.00;3359.34;2138.00;1661.34;1062.00;480.00;860.00;1701.01;460.00;1714.67;0.00;0.00;310.00;0.00;0.00;0.00;0.00;0.00
1763417894.5015337;0.00;480.00;0.00;0.00;0.00;144.67;0.00;531.01;97.00;0.00;0.00;0.00;0.00;0.00;0.00;291.00;0.00;97.00;1249.34;772.68;240.00;582.00;0.00;480.00;464.67;561.67;655.67;534.67;1831.00;800.00;3359.34;2138.00;1661.34;1062.00;480.00;860.00;1701.01;460.00;1714.67;0.00;0.00;310.00;0.00;0.00;0.00;0.00;0.00
1763417894.5413537;0.00;480.00;0.00;0.00;0.00;289.34;0.00;531.01;97.00;0.00;0.00;0.00;0.00;0.00;0.00;291.00;0.00;97.00;1249.34;772.68;240.00;582.00;0.00;480.00;464.67;561.67;655.67;534.67;1831.00;800.00;3359.34;2352.67;1661.34;1062.00;480.00;860.00;1701.01;460.00;1714.67;0.00;0.00;310.00;0.00;0.00;0.00;0.00;0.00
1763417894.5421891;0.00;480.00;0.00;0.00;0.00;289.34;0.00;531.01;97.00;0.00;0.00;0.00;0.00;0.00;0.00;291.00;0.00;97.00;1249.34;772.68;240.00;582.00;0.00;480.00;464.67;561.67;655.67;534.67;1831.00;800.00;3359.34;2352.67;1661.34;1062.00;480.00;860.00;1701.01;460.00;1714.67;0.00;0.00;310.00;0.00;0.00;0.00;0.00;0.00
1763417894.5771785;0.00;480.00;0.00;0.00;0.00;434.01;0.00;531.01;97.00;0.00;0.00;0.00;0.00;0.00;0.00;291.00;0.00;97.00;1249.34;772.68;240.00;582.00;0.00;480.00;464.67;561.67;655.67;534.67;1831.00;800.00;3359.34;2497.34;1661.34;1062.00;480.00;860.00;1701.01;460.00;1714.67;0.00;0.00;310.00;0.00;0.00;0.00;0.00;0.00
1763417894.578017;0.00;480.00;0.00;0.00;0.00;434.01;0.00;531.01;97.00;0.00;0.00;0.00;0.00;0.00;0.00;291.00;0.00;97.00;1249.34;772.68;240.00;582.00;0.00;480.00;464.67;561.67;655.67;534.67;1831.00;800.00;3359.34;2497.34;1661.34;1062.00;480.00;860.00;1701.01;460.00;1714.67;0.00;0.00;310.00;0.00;0.00;0.00;0.00;0.00
1763417894.613284;0.00;480.00;0.00;0.00;0.00;674.01;0.00;531.01;97.00;0.00;0.00;0.00;0.00;0.00;0.00;291.00;0.00;97.00;1249.34;772.68;240.00;582.00;0.00;480.00;464.67;561.67;655.67;534.67;1831.00;800.00;3359.34;2737.34;1661.34;1062.00;480.00;860.00;1701.01;460.00;1714.67;0.00;0.00;310.00;0.00;0.00;0.00;0.00;0.00
1763417894.6143446;0.00;480.00;0.00;0.00;0.00;674.01;0.00;531.01;97.00;0.00;0.00;0.00;0.00;0.00;0.00;291.00;0.00;97.00;1249.34;772.68;240.00;582.00;0.00;480.00;464.67;561.67;655.67;534.67;1831.00;800.00;3359.34;2737.34;1661.34;1062.00;480.00;860.00;1701.01;460.00;1714.67;0.00;0.00;310.00;0.00;0.00;0.00;0.00;0.00
1763417894.65061;0.00;480.00;0.00;0.00;0.00;914.01;0.00;531.01;97.00;0.00;0.00;0.00;0.00;0.00;0.00;291.00;0.00;97.00;1249.34;772.68;240.00;582.00;0.00;480.00;464.67;561.67;655.67;534.67;1831.00;800.00;3359.34;2977.34;1661.34;1062.00;480.00;860.00;1701.01;460.00;1714.67;0.00;0.00;310.00;0.00;0.00;0.00;0.00;0.00
1763417894.651472;0.00;480.00;0.00;0.00;0.00;914.01;0.00;531.01;97.00;0.00;0.00;0.00;0.00;0.00;0.00;291.00;0.00;97.00;1249.34;772.68;240.00;582.00;0.00;480.00;464.67;561.67;655.67;534.67;1831.00;800.00;3359.34;2977.34;1661.34;1062.00;480.00;860.00;1701.01;460.00;1714.67;0.00;0.00;310.00;0.00;0.00;0.00;0.00;0.00
1763417894.6891646;0.00;480.00;0.00;0.00;0.00;1154.01;0.00;531.01;97.00;0.00;0.00;0.00;0.00;0.00;0.00;291.00;0.00;97.00;1249.34;772.68;240.00;582.00;0.00;480.00;464.67;561.67;655.67;534.67;1831.00;800.00;3359.34;3217.34;1661.34;1062.00;480.00;860.00;1701.01;460.00;1714.67;0.00;0.00;310.00;0.00;0.00;0.00;0.00;0.00
1763417894.6900294;0.00;480.00;0.00;0.00;0.00;1154.01;0.00;531.01;97.00;0.00;0.00;0.00;0.00;0.00;0.00;291.00;0.00;97.00;1249.34;772.68;240.00;582.00;0.00;480.00;464.67;561.67;655.67;534.67;1831.00;800.00;3359.34;3217.34;1661.34;1062.00;480.00;860.00;1701.01;460.00;1714.67;0.00;0.00;310.00;0.00;0.00;0.00;0.00;0.00
1763417913.5118692;0.00;480.00;0.00;0.00;0.00;1154.01;0.00;531.01;97.00;0.00;0.00;0.00;0.00;0.00;0.00;291.00;0.00;97.00;1249.34;1012.68;240.00;582.00;0.00;480.00;464.67;561.67;955.67;534.67;1831.00;800.00;3359.34;3217.34;1661.34;1062.00;480.00;860.00;1701.01;460.00;1714.67;320.00;0.00;310.00;0.00;0.00;0.00;0.00;0.00
1763417913.512737;0.00;480.00;0.00;0.00;0.00;1154.01;0.00;531.01;97.00;0.00;0.00;0.00;0.00;0.00;0.00;291.00;0.00;97.00;1249.34;1012.68;240.00;582.00;0.00;480.00;464.67;561.67;955.67;534.67;1831.00;800.00;3359.34;3217.34;1661.34;1062.00;480.00;860.00;1701.01;460.00;1714.67;320.00;0.00;310.00;0.00;0.00;0.00;0.00;0.00
1763417913.5547235;0.00;480.00;0.00;0.00;0.00;1154.01;0.00;531.01;97.00;0.00;0.00;0.00;0.00;0.00;0.00;291.00;0.00;97.00;1249.34;1252.68;240.00;582.00;0.00;480.00;464.67;561.67;1265.67;694.67;1991.00;800.00;3359.34;3217.34;1661.34;1062.00;480.00;1170.00;1701.01;460.00;1714.67;320.00;0.00;310.00;0.00;0.00;0.00;0.00;0.00
1763417913.5555935;0.00;480.00;0.00;0.00;0.00;1154.01;0.00;531.01;97.00;0.00;0.00;0.00;0.00;0.00;0.00;291.00;0.00;97.00;1249.34;1252.68;240.00;582.00;0.00;480.00;464.67;561.67;1265.67;694.67;1991.00;800.00;3359.34;3217.34;1661.34;1062.00;480.00;1170.00;1701.01;460.00;1714.67;320.00;0.00;310.00;0.00;0.00;0.00;0.00;0.00
1763417913.5896945;0.00;480.00;0.00;0.00;0.00;1154.01;0.00;531.01;97.00;0.00;0.00;0.00;0.00;0.00;0.00;291.00;0.00;97.00;1249.34;1492.68;240.00;582.00;0.00;480.00;464.67;561.67;1565.67;694.67;1991.00;800.00;3359.34;3217.34;1661.34;1062.00;480.00;1170.00;1701.01;460.00;1714.67;320.00;0.00;310.00;0.00;0.00;0.00;0.00;0.00
1763417913.5902202;0.00;480.00;0.00;0.00;0.00;1154.01;0.00;531.01;97.00;0.00;0.00;0.00;0.00;0.00;0.00;291.00;0.00;97.00;1249.34;1492.68;240.00;582.00;0.00;480.00;464.67;561.67;1565.67;694.67;1991.00;800.00;3359.34;3217.34;1661.34;1062.00;480.00;1170.00;1701.01;460.00;1714.67;320.00;0.00;310.00;0.00;0.00;0.00;0.00;0.00
1763417913.6317477;0.00;480.00;0.00;0.00;0.00;1154.01;0.00;531.01;97.00;0.00;0.00;0.00;0.00;0.00;0.00;291.00;0.00;97.00;1249.34;1732.68;240.00;582.00;0.00;480.00;464.67;561.67;1875.67;694.67;1991.00;800.00;3359.34;3217.34;1661.34;1062.00;480.00;1170.00;1701.01;460.00;1714.67;320.00;310.00;310.00;0.00;0.00;0.00;0.00;0.00
1763417913.632629;0.00;480.00;0.00;0.00;0.00;1154.01;0.00;531.01;97.00;0.00;0.00;0.00;0.00;0.00;0.00;291.00;0.00;97.00;1249.34;1732.68;240.00;582.00;0.00;480.00;464.67;561.67;1875.67;694.67;1991.00;800.00;3359.34;3217.34;1661.34;1062.00;480.00;1170.00;1701.01;460.00;1714.67;320.00;310.00;310.00;0.00;0.00;0.00;0.00;0.00
1763417913.6584558;0.00;480.00;0.00;0.00;0.00;1154.01;0.00;531.01;97.00;0.00;0.00;0.00;0.00;0.00;0.00;291.00;0.00;97.00;1249.34;1972.68;240.00;582.00;0.00;560.00;544.67;641.67;2035.67;854.67;2151.00;960.00;3519.34;3377.34;1741.34;1142.00;560.00;1170.00;1701.01;460.00;1714.67;320.00;310.00;470.00;0.00;0.00;0.00;0.00;0.00
1763417913.6589875;0.00;480.00;0.00;0.00;0.00;1154.01;0.00;531.01;97.00;0.00;0.00;0.00;0.00;0.00;0.00;291.00;0.00;97.00;1249.34;1972.68;240.00;582.00;0.00;560.00;544.67;641.67;2035.67;854.67;2151.00;960.00;3519.34;3377.34;1741.34;1142.00;560.00;1170.00;1701.01;460.00;1714.67;320.00;310.00;470.00;0.00;0.00;0.00;0.00;0.00
1763417913.6881478;0.00;480.00;0.00;0.00;0.00;1154.01;0.00;531.01;97.00;0.00;0.00;0.00;0.00;0.00;0.00;291.00;0.00;97.00;1249.34;1972.68;240.00;582.00;0.00;560.00;544.67;641.67;2035.67;854.67;2151.00;960.00;3519.34;3377.34;1741.34;1142.00;560.00;1170.00;1701.01;460.00;1714.67;320.00;310.00;470.00;0.00;0.00;0.00;0.00;0.00
1763417913.6886773;0.00;480.00;0.00;0.00;0.00;1154.01;0.00;531.01;97.00;0.00;0.00;0.00;0.00;0.00;0.00;291.00;0.00;97.00;1249.34;1972.68;240.00;582.00;0.00;560.00;544.67;641.67;2035.67;854.67;2151.00;960.00;3519.34;3377.34;1741.34;1142.00;560.00;1170.00;1701.01;460.00;1714.67;320.00;310.00;470.00;0.00;0.00;0.00;0.00;0.00
1763417929.523194;0.00;0.00;0.00;0.00;0.00;1154.01;0.00;97.00;0.00;0.00;0.00;0.00;0.00;0.00;0.00;0.00;0.00;0.00;1249.34;1972.68;0.00;582.00;0.00;560.00;544.67;544.67;1938.67;614.67;770.00;497.00;3039.34;3377.34;1741.34;1142.00;560.00;850.00;1701.01;460.00;1174.67;320.00;310.00;470.00;0.00;0.00;0.00;0.00;0.00
1763417929.5240586;0.00;0.00;0.00;0.00;0.00;1154.01;0.00;97.00;0.00;0.00;0.00;0.00;0.00;0.00;0.00;0.00;0.00;0.00;1249.34;1972.68;0.00;582.00;0.00;560.00;544.67;544.67;1938.67;614.67;770.00;497.00;3039.34;3377.34;1741.34;1142.00;560.00;850.00;1701.01;460.00;1174.67;320.00;310.00;470.00;0.00;0.00;0.00;0.00;0.00
1763417929.559829;0.00;0.00;0.00;0.00;0.00;1154.01;0.00;241.67;0.00;0.00;0.00;0.00;0.00;0.00;0.00;0.00;0.00;0.00;1249.34;1972.68;0.00;582.00;0.00;560.00;544.67;544.67;1938.67;614.67;770.00;561.67;3039.34;3377.34;1741.34;1142.00;560.00;850.00;1701.01;460.00;1324.67;320.00;310.00;470.00;0.00;0.00;0.00;0.00;0.00
1763417929.5607069;0.00;0.00;0.00;0.00;0.00;1154.01;0.00;241.67;0.00;0.00;0.00;0.00;0.00;0.00;0.00;0.00;0.00;0.00;1249.34;1972.68;0.00;582.00;0.00;560.00;544.67;544.67;1938.67;614.67;770.00;561.67;3039.34;3377.34;1741.34;1142.00;560.00;850.00;1701.01;460.00;1324.67;320.00;310.00;470.00;0.00;0.00;0.00;0.00;0.00
1763417929.6013114;0.00;0.00;0.00;0.00;0.00;1154.01;0.00;386.34;0.00;0.00;0.00;0.00;0.00;0.00;0.00;0.00;0.00;0.00;1249.34;1972.68;0.00;582.00;0.00;560.00;544.67;544.67;1938.67;614.67;770.00;776.34;3039.34;3377.34;1741.34;1142.00;560.00;850.00;1701.01;460.00;1324.67;320.00;310.00;470.00;0.00;0.00;0.00;0.00;0.00
1763417929.6021779;0.00;0.00;0.00;0.00;0.00;1154.01;0.00;386.34;0.00;0.00;0.00;0.00;0.00;0.00;0.00;0.00;0.00;0.00;1249.34;1972.68;0.00;582.00;0.00;560.00;544.67;544.67;1938.67;614.67;770.00;776.34;3039.34;3377.34;1741.34;1142.00;560.00;850.00;1701.01;460.00;1324.67;320.00;310.00;470.00;0.00;0.00;0.00;0.00;0.00
1763417929.6376848;0.00;0.00;0.00;0.00;0.00;1154.01;0.00;531.01;0.00;0.00;0.00;0.00;0.00;0.00;0.00;0.00;0.00;0.00;1249.34;1972.68;0.00;582.00;0.00;560.00;544.67;544.67;1938.67;614.67;770.00;921.01;3039.34;3377.34;1741.34;1142.00;560.00;850.00;1701.01;460.00;1324.67;320.00;310.00;470.00;0.00;0.00;0.00;0.00;0.00
1763417929.6385863;0.00;0.00;0.00;0.00;0.00;1154.01;0.00;531.01;0.00;0.00;0.00;0.00;0.00;0.00;0.00;0.00;0.00;0.00;1249.34;1972.68;0.00;582.00;0.00;560.00;544.67;544.67;1938.67;614.67;770.00;921.01;3039.34;3377.34;1741.34;1142.00;560.00;850.00;1701.01;460.00;1324.67;320.00;310.00;470.00;0.00;0.00;0.00;0.00;0.00
1763417929.676064;0.00;0.00;0.00;0.00;0.00;1154.01;0.00;675.68;0.00;0.00;0.00;0.00;0.00;0.00;0.00;0.00;0.00;0.00;1249.34;1972.68;0.00;582.00;0.00;560.00;544.67;544.67;1938.67;614.67;770.00;1081.01;3039.34;3377.34;1741.34;1142.00;560.00;850.00;1701.01;460.00;1324.67;320.00;310.00;470.00;0.00;0.00;0.00;0.00;0.00
1763417929.6769416;0.00;0.00;0.00;0.00;0.00;1154.01;0.00;675.68;0.00;0.00;0.00;0.00;0.00;0.00;0.00;0.00;0.00;0.00;1249.34;1972.68;0.00;582.00;0.00;560.00;544.67;544.67;1938.67;614.67;770.00;1081.01;3039.34;3377.34;1741.34;1142.00;560.00;850.00;1701.01;460.00;1324.67;320.00;310.00;470.00;0.00;0.00;0.00;0.00;0.00
1763417929.7184591;0.00;0.00;0.00;0.00;0.00;1154.01;0.00;820.35;0.00;0.00;0.00;0.00;0.00;0.00;0.00;0.00;0.00;0.00;1249.34;1972.68;0.00;582.00;0.00;560.00;544.67;544.67;1938.67;614.67;770.00;1145.68;3039.34;3377.34;1741.34;1142.00;560.00;1160.00;1701.01;460.00;1324.67;320.00;310.00;470.00;0.00;0.00;0.00;0.00;0.00
1763417929.719313;0.00;0.00;0.00;0.00;0.00;1154.01;0.00;820.35;0.00;0.00;0.00;0.00;0.00;0.00;0.00;0.00;0.00;0.00;1249.34;1972.68;0.00;582.00;0.00;560.00;544.67;544.67;1938.67;614.67;770.00;1145.68;3039.34;3377.34;1741.34;1142.00;560.00;1160.00;1701.01;460.00;1324.67;320.00;310.00;470.00;0.00;0.00;0.00;0.00;0.00
1763417929.77003;0.00;0.00;0.00;0.00;0.00;1009.34;144.67;820.35;0.00;0.00;0.00;0.00;0.00;0.00;0.00;0.00;0.00;0.00;1249.34;1972.68;0.00;485.00;0.00;560.00;544.67;544.67;1938.67;614.67;770.00;1145.68;2659.34;3040.34;1334.34;1045.00;560.00;1160.00;1701.01;460.00;1100.00;320.00;310.00;470.00;0.00;0.00;0.00;0.00;0.00
1763417929.7705522;0.00;0.00;0.00;0.00;0.00;1009.34;144.67;820.35;0.00;0.00;0.00;0.00;0.00;0.00;0.00;0.00;0.00;0.00;1249.34;1972.68;0.00;485.00;0.00;560.00;544.67;544.67;1938.67;614.67;770.00;1145.68;2659.34;3040.34;1334.34;1045.00;560.00;1160.00;1701.01;460.00;1100.00;320.00;310.00;470.00;0.00;0.00;0.00;0.00;0.00
1763417929.800312;0.00;0.00;0.00;0.00;0.00;1009.34;144.67;820.35;0.00;0.00;0.00;0.00;0.00;0.00;0.00;0.00;0.00;0.00;1249.34;1972.68;0.00;485.00;144.67;560.00;544.67;544.67;1938.67;614.67;770.00;1295.68;2819.34;3105.01;1479.01;1189.67;560.00;1160.00;1701.01;460.00;1100.00;320.00;310.00;470.00;0.00;0.00;0.00;0.00;0.00
1763417929.8008165;0.00;0.00;0.00;0.00;0.00;1009.34;144.67;820.35;0.00;0.00;0.00;0.00;0.00;0.00;0.00;0.00;0.00;0.00;1249.34;1972.68;0.00;485.00;144.67;560.00;544.67;544.67;1938.67;614.67;770.00;1295.68;2819.34;3105.01;1479.01;1189.67;560.00;1160.00;1701.01;460.00;1100.00;320.00;310.00;470.00;0.00;0.00;0.00;0.00;0.00
1763417941.5347033;0.00;0.00;0.00;0.00;0.00;1009.34;144.67;820.35;0.00;0.00;0.00;0.00;240.00;0.00;0.00;0.00;0.00;0.00;1249.34;1972.68;0.00;485.00;144.67;560.00;544.67;544.67;1938.67;854.67;1000.00;1295.68;2819.34;3105.01;1479.01;1189.67;560.00;1160.00;1701.01;460.00;1100.00;320.00;310.00;470.00;0.00;0.00;0.00;0.00;0.00
1763417941.5352077;0.00;0.00;0.00;0.00;0.00;1009.34;144.67;820.35;0.00;0.00;0.00;0.00;240.00;0.00;0.00;0.00;0.00;0.00;1249.34;1972.68;0.00;485.00;144.67;560.00;544.67;544.67;1938.67;854.67;1000.00;1295.68;2819.34;3105.01;1479.01;1189.67;560.00;1160.00;1701.01;460.00;1100.00;320.00;310.00;470.00;0.00;0.00;0.00;0.00;0.00
1763417941.5710113;0.00;0.00;0.00;0.00;0.00;1009.34;144.67;820.35;0.00;0.00;0.00;0.00;480.00;0.00;0.00;0.00;0.00;0.00;1249.34;1972.68;0.00;485.00;144.67;560.00;544.67;544.67;1938.67;1094.67;1300.00;1295.68;2819.34;3105.01;1479.01;1189.67;560.00;1160.00;1701.01;460.00;1100.00;320.00;310.00;470.00;0.00;0.00;0.00;0.00;0.00
1763417941.571509;0.00;0.00;0.00;0.00;0.00;1009.34;144.67;820.35;0.00;0.00;0.00;0.00;480.00;0.00;0.00;0.00;0.00;0.00;1249.34;1972.68;0.00;485.00;144.67;560.00;544.67;544.67;1938.67;1094.67;1300.00;1295.68;2819.34;3105.01;1479.01;1189.67;560.00;1160.00;1701.01;460.00;1100.00;320.00;310.00;470.00;0.00;0.00;0.00;0.00;0.00
1763417941.6044827;0.00;0.00;0.00;0.00;0.00;1009.34;144.67;820.35;0.00;0.00;0.00;0.00;720.00;0.00;0.00;0.00;0.00;0.00;1249.34;1972.68;0.00;485.00;144.67;560.00;544.67;544.67;1938.67;1404.67;1610.00;1605.68;2819.34;3105.01;1479.01;1189.67;560.00;1160.00;1701.01;460.00;1100.00;320.00;310.00;470.00;0.00;0.00;0.00;0.00;0.00
1763417941.604998;0.00;0.00;0.00;0.00;0.00;1009.34;144.67;820.35;0.00;0.00;0.00;0.00;720.00;0.00;0.00;0.00;0.00;0.00;1249.34;1972.68;0.00;485.00;144.67;560.00;544.67;544.67;1938.67;1404.67;1610.00;1605.68;2819.34;3105.01;1479.01;1189.67;560.00;1160.00;1701.01;460.00;1100.00;320.00;310.00;470.00;0.00;0.00;0.00;0.00;0.00
1763417941.6415114;0.00;0.00;0.00;0.00;0.00;1009.34;144.67;820.35;0.00;0.00;0.00;0.00;960.00;0.00;0.00;0.00;0.00;0.00;1249.34;1972.68;0.00;485.00;144.67;560.00;544.67;544.67;1938.67;1644.67;1850.00;1845.68;3139.34;3105.01;1479.01;1189.67;560.00;1160.00;1701.01;780.00;1330.00;320.00;310.00;470.00;0.00;0.00;0.00;0.00;0.00
1763417941.6423752;0.00;0.00;0.00;0.00;0.00;1009.34;144.67;820.35;0.00;0.00;0.00;0.00;960.00;0.00;0.00;0.00;0.00;0.00;1249.34;1972.68;0.00;485.00;144.67;560.00;544.67;544.67;1938.67;1644.67;1850.00;1845.68;3139.34;3105.01;1479.01;1189.67;560.00;1160.00;1701.01;780.00;1330.00;320.00;310.00;470.00;0.00;0.00;0.00;0.00;0.00
1763417941.6848202;0.00;0.00;0.00;0.00;0.00;1009.34;144.67;820.35;0.00;0.00;0.00;0.00;1200.00;0.00;0.00;0.00;0.00;0.00;1249.34;1972.68;0.00;485.00;144.67;560.00;544.67;544.67;1938.67;1884.67;2090.00;2085.68;3449.34;3425.01;1799.01;1509.67;560.00;1160.00;1701.01;780.00;1560.00;320.00;310.00;470.00;0.00;0.00;0.00;0.00;0.00
1763417941.68573;0.00;0.00;0.00;0.00;0.00;1009.34;144.67;820.35;0.00;0.00;0.00;0.00;1200.00;0.00;0.00;0.00;0.00;0.00;1249.34;1972.68;0.00;485.00;144.67;560.00;544.67;544.67;1938.67;1884.67;2090.00;2085.68;3449.34;3425.01;1799.01;1509.67;560.00;1160.00;1701.01;780.00;1560.00;320.00;310.00;470.00;0.00;0.00;0.00;0.00;0.00
1763417941.7256534;0.00;0.00;0.00;0.00;0.00;1009.34;144.67;820.35;0.00;0.00;0.00;0.00;1440.00;0.00;0.00;0.00;0.00;0.00;1249.34;1972.68;0.00;485.00;144.67;560.00;544.67;544.67;1938.67;2124.67;2330.00;2325.68;3449.34;3425.01;1799.01;1509.67;560.00;1160.00;1701.01;780.00;1790.00;320.00;310.00;470.00;0.00;0.00;0.00;0.00;0.00
1763417941.7265532;0.00;0.00;0.00;0.00;0.00;1009.34;144.67;820.35;0.00;0.00;0.00;0.00;1440.00;0.00;0.00;0.00;0.00;0.00;1249.34;1972.68;0.00;485.00;144.67;560.00;544.67;544.67;1938.67;2124.67;2330.00;2325.68;3449.34;3425.01;1799.01;1509.67;560.00;1160.00;1701.01;780.00;1790.00;320.00;310.00;470.00;0.00;0.00;0.00;0.00;0.00
1763417944.792298;0.00;0.00;0.00;0.00;0.00;1249.34;144.67;820.35;0.00;0.00;0.00;0.00;1440.00;0.00;0.00;0.00;0.00;0.00;769.34;1972.68;0.00;485.00;144.67;400.00;544.67;544.67;1938.67;2124.67;2330.00;2165.68;3299.34;3105.01;1479.01;1349.67;400.00;850.00;1701.01;550.00;1470.00;320.00;310.00;470.00;0.00;0.00;0.00;0.00;0.00
1763417944.7932017;0.00;0.00;0.00;0.00;0.00;1249.34;144.67;820.35;0.00;0.00;0.00;0.00;1440.00;0.00;0.00;0.00;0.00;0.00;769.34;1972.68;0.00;485.00;144.67;400.00;544.67;544.67;1938.67;2124.67;2330.00;2165.68;3299.34;3105.01;1479.01;1349.67;400.00;850.00;1701.01;550.00;1470.00;320.00;310.00;470.00;0.00;0.00;0.00;0.00;0.00
1763417944.8291366;0.00;0.00;0.00;0.00;0.00;1489.34;144.67;820.35;0.00;0.00;0.00;0.00;1440.00;0.00;0.00;0.00;0.00;0.00;769.34;1972.68;0.00;485.00;144.67;400.00;544.67;544.67;1938.67;2124.67;2330.00;2165.68;3379.34;3255.01;1479.01;1349.67;400.00;850.00;1701.01;550.00;1470.00;320.00;310.00;470.00;0.00;0.00;0.00;0.00;0.00
1763417944.8300364;0.00;0.00;0.00;0.00;0.00;1489.34;144.67;820.35;0.00;0.00;0.00;0.00;1440.00;0.00;0.00;0.00;0.00;0.00;769.34;1972.68;0.00;485.00;144.67;400.00;544.67;544.67;1938.67;2124.67;2330.00;2165.68;3379.34;3255.01;1479.01;1349.67;400.00;850.00;1701.01;550.00;1470.00;320.00;310.00;470.00;0.00;0.00;0.00;0.00;0.00
1763417956.5406134;0.00;0.00;0.00;0.00;0.00;1489.34;144.67;820.35;0.00;0.00;0.00;0.00;1440.00;0.00;0.00;0.00;0.00;0.00;769.34;1972.68;144.67;0.00;0.00;400.00;544.67;544.67;1938.67;2124.67;2330.00;2160.35;1929.34;2014.01;849.34;720.00;400.00;850.00;444.67;550.00;1374.67;320.00;310.00;470.00;0.00;0.00;0.00;0.00;0.00
1763417956.5411344;0.00;0.00;0.00;0.00;0.00;1489.34;144.67;820.35;0.00;0.00;0.00;0.00;1440.00;0.00;0.00;0.00;0.00;0.00;769.34;1972.68;144.67;0.00;0.00;400.00;544.67;544.67;1938.67;2124.67;2330.00;2160.35;1929.34;2014.01;849.34;720.00;400.00;850.00;444.67;550.00;1374.67;320.00;310.00;470.00;0.00;0.00;0.00;0.00;0.00
1763417956.5682218;0.00;0.00;0.00;0.00;0.00;1489.34;144.67;820.35;0.00;0.00;0.00;0.00;1440.00;0.00;0.00;0.00;0.00;0.00;769.34;1972.68;289.34;0.00;0.00;400.00;544.67;544.67;1938.67;2124.67;2330.00;2305.02;2009.34;2164.01;849.34;720.00;400.00;850.00;444.67;550.00;1684.67;320.00;310.00;470.00;0.00;0.00;0.00;0.00;0.00
1763417956.568713;0.00;0.00;0.00;0.00;0.00;1489.34;144.67;820.35;0.00;0.00;0.00;0.00;1440.00;0.00;0.00;0.00;0.00;0.00;769.34;1972.68;289.34;0.00;0.00;400.00;544.67;544.67;1938.67;2124.67;2330.00;2305.02;2009.34;2164.01;849.34;720.00;400.00;850.00;444.67;550.00;1684.67;320.00;310.00;470.00;0.00;0.00;0.00;0.00;0.00
1763417956.6813436;0.00;0.00;0.00;0.00;0.00;1489.34;144.67;820.35;0.00;0.00;0.00;0.00;1440.00;0.00;0.00;0.00;0.00;0.00;769.34;1972.68;529.34;0.00;0.00;400.00;544.67;544.67;1938.67;2124.67;2330.00;2705.02;2089.34;2314.01;849.34;720.00;400.00;1160.00;444.67;550.00;2004.67;320.00;310.00;470.00;0.00;0.00;0.00;0.00;0.00
1763417956.6818721;0.00;0.00;0.00;0.00;0.00;1489.34;144.67;820.35;0.00;0.00;0.00;0.00;1440.00;0.00;0.00;0.00;0.00;0.00;769.34;1972.68;529.34;0.00;0.00;400.00;544.67;544.67;1938.67;2124.67;2330.00;2705.02;2089.34;2314.01;849.34;720.00;400.00;1160.00;444.67;550.00;2004.67;320.00;310.00;470.00;0.00;0.00;0.00;0.00;0.00
1763417956.7136223;0.00;0.00;0.00;0.00;0.00;1489.34;144.67;820.35;0.00;0.00;0.00;0.00;1440.00;0.00;0.00;0.00;0.00;0.00;769.34;1972.68;769.34;0.00;0.00;400.00;544.67;544.67;1938.67;2124.67;2330.00;2945.02;2329.34;2614.01;849.34;720.00;400.00;1480.00;444.67;550.00;2004.67;320.00;310.00;470.00;0.00;0.00;0.00;0.00;0.00
1763417956.7141445;0.00;0.00;0.00;0.00;0.00;1489.34;144.67;820.35;0.00;0.00;0.00;0.00;1440.00;0.00;0.00;0.00;0.00;0.00;769.34;1972.68;769.34;0.00;0.00;400.00;544.67;544.67;1938.67;2124.67;2330.00;2945.02;2329.34;2614.01;849.34;720.00;400.00;1480.00;444.67;550.00;2004.67;320.00;310.00;470.00;0.00;0.00;0.00;0.00;0.00
1763417956.7556298;0.00;0.00;0.00;0.00;0.00;1489.34;144.67;820.35;0.00;0.00;0.00;0.00;1440.00;0.00;0.00;0.00;0.00;0.00;769.34;1972.68;1009.34;0.00;0.00;400.00;544.67;544.67;1938.67;2124.67;2640.00;3025.02;2409.34;2764.01;849.34;720.00;400.00;1800.00;444.67;550.00;2004.67;320.00;310.00;470.00;310.00;0.00;0.00;0.00;0.00
1763417956.756493;0.00;0.00;0.00;0.00;0.00;1489.34;144.67;820.35;0.00;0.00;0.00;0.00;1440.00;0.00;0.00;0.00;0.00;0.00;769.34;1972.68;1009.34;0.00;0.00;400.00;544.67;544.67;1938.67;2124.67;2640.00;3025.02;2409.34;2764.01;849.34;720.00;400.00;1800.00;444.67;550.00;2004.67;320.00;310.00;470.00;310.00;0.00;0.00;0.00;0.00
1763417956.8006146;0.00;0.00;0.00;0.00;0.00;1489.34;144.67;820.35;0.00;0.00;0.00;0.00;1440.00;0.00;0.00;0.00;0.00;0.00;769.34;1972.68;1249.34;0.00;0.00;400.00;544.67;544.67;1938.67;2124.67;2640.00;3265.02;2649.34;3384.01;849.34;720.00;400.00;1800.00;764.67;550.00;2004.67;320.00;310.00;470.00;310.00;0.00;0.00;0.00;0.00
1763417956.801498;0.00;0.00;0.00;0.00;0.00;1489.34;144.67;820.35;0.00;0.00;0.00;0.00;1440.00;0.00;0.00;0.00;0.00;0.00;769.34;1972.68;1249.34;0.00;0.00;400.00;544.67;544.67;1938.67;2124.67;2640.00;3265.02;2649.34;3384.01;849.34;720.00;400.00;1800.00;764.67;550.00;2004.67;320.00;310.00;470.00;310.00;0.00;0.00;0.00;0.00
1763417959.8077703;0.00;0.00;0.00;0.00;0.00;1729.34;144.67;820.35;0.00;0.00;0.00;0.00;1440.00;0.00;0.00;0.00;0.00;0.00;144.67;1972.68;1249.34;0.00;0.00;80.00;544.67;544.67;1938.67;2124.67;2640.00;3185.02;2569.34;3624.01;544.67;400.00;80.00;1570.00;640.00;320.00;2004.67;320.00;310.00;160.00;310.00;0.00;0.00;0.00;0.00
1763417959.8086722;0.00;0.00;0.00;0.00;0.00;1729.34;144.67;820.35;0.00;0.00;0.00;0.00;1440.00;0.00;0.00;0.00;0.00;0.00;144.67;1972.68;1249.34;0.00;0.00;80.00;544.67;544.67;1938.67;2124.67;2640.00;3185.02;2569.34;3624.01;544.67;400.00;80.00;1570.00;640.00;320.00;2004.67;320.00;310.00;160.00;310.00;0.00;0.00;0.00;0.00
1763417959.844643;0.00;0.00;0.00;0.00;0.00;1969.34;144.67;820.35;0.00;0.00;0.00;0.00;1440.00;0.00;0.00;0.00;0.00;0.00;144.67;1972.68;1249.34;0.00;0.00;80.00;544.67;544.67;1938.67;2124.67;2640.00;3185.02;2729.34;4174.01;544.67;400.00;80.00;1570.00;960.00;320.00;2004.67;320.00;310.00;160.00;310.00;0.00;0.00;0.00;0.00
1763417959.8455389;0.00;0.00;0.00;0.00;0.00;1969.34;144.67;820.35;0.00;0.00;0.00;0.00;1440.00;0.00;0.00;0.00;0.00;0.00;144.67;1972.68;1249.34;0.00;0.00;80.00;544.67;544.67;1938.67;2124.67;2640.00;3185.02;2729.34;4174.01;544.67;400.00;80.00;1570.00;960.00;320.00;2004.67;320.00;310.00;160.00;310.00;0.00;0.00;0.00;0.00
1763417959.8811572;0.00;0.00;0.00;0.00;0.00;1969.34;144.67;820.35;0.00;0.00;0.00;0.00;1440.00;0.00;0.00;0.00;0.00;0.00;144.67;1972.68;1249.34;0.00;0.00;80.00;544.67;544.67;1938.67;2124.67;2640.00;3185.02;2729.34;4174.01;544.67;400.00;80.00;1570.00;960.00;320.00;2004.67;320.00;310.00;160.00;310.00;0.00;0.00;0.00;0.00
1763417959.882068;0.00;0.00;0.00;0.00;0.00;1969.34;144.67;820.35;0.00;0.00;0.00;0.00;1440.00;0.00;0.00;0.00;0.00;0.00;144.67;1972.68;1249.34;0.00;0.00;80.00;544.67;544.67;1938.67;2124.67;2640.00;3185.02;2729.34;4174.01;544.67;400.00;80.00;1570.00;960.00;320.00;2004.67;320.00;310.00;160.00;310.00;0.00;0.00;0.00;0.00
1763417969.818448;0.00;0.00;0.00;0.00;240.00;1969.34;0.00;820.35;0.00;0.00;0.00;0.00;1440.00;0.00;0.00;0.00;0.00;0.00;144.67;1972.68;1249.34;0.00;0.00;80.00;544.67;544.67;1938.67;2124.67;2640.00;3335.02;2824.67;4414.01;544.67;400.00;80.00;1570.00;960.00;320.00;2004.67;320.00;310.00;160.00;310.00;0.00;0.00;0.00;0.00
1763417969.819334;0.00;0.00;0.00;0.00;240.00;1969.34;0.00;820.35;0.00;0.00;0.00;0.00;1440.00;0.00;0.00;0.00;0.00;0.00;144.67;1972.68;1249.34;0.00;0.00;80.00;544.67;544.67;1938.67;2124.67;2640.00;3335.02;2824.67;4414.01;544.67;400.00;80.00;1570.00;960.00;320.00;2004.67;320.00;310.00;160.00;310.00;0.00;0.00;0.00;0.00
1763417974.824776;0.00;0.00;0.00;0.00;240.00;1729.34;240.00;820.35;0.00;0.00;0.00;0.00;1440.00;0.00;0.00;0.00;0.00;0.00;144.67;1972.68;1249.34;0.00;0.00;80.00;544.67;544.67;1938.67;2124.67;2640.00;3565.02;2824.67;4414.01;544.67;400.00;80.00;1800.00;960.00;320.00;2004.67;320.00;310.00;160.00;310.00;0.00;0.00;0.00;0.00
1763417974.8256671;0.00;0.00;0.00;0.00;240.00;1729.34;240.00;820.35;0.00;0.00;0.00;0.00;1440.00;0.00;0.00;0.00;0.00;0.00;144.67;1972.68;1249.34;0.00;0.00;80.00;544.67;544.67;1938.67;2124.67;2640.00;3565.02;2824.67;4414.01;544.67;400.00;80.00;1800.00;960.00;320.00;2004.67;320.00;310.00;160.00;310.00;0.00;0.00;0.00;0.00
1763417982.5622766;0.00;0.00;0.00;0.00;240.00;1729.34;240.00;820.35;0.00;0.00;0.00;0.00;1440.00;0.00;0.00;0.00;0.00;0.00;144.67;1200.00;1249.34;0.00;144.67;160.00;80.00;80.00;1380.00;1830.00;2190.00;3715.02;2974.67;4574.01;609.34;464.67;160.00;1800.00;1280.00;320.00;2004.67;320.00;310.00;160.00;310.00;0.00;0.00;0.00;0.00
1763417982.5631564;0.00;0.00;0.00;0.00;240.00;1729.34;240.00;820.35;0.00;0.00;0.00;0.00;1440.00;0.00;0.00;0.00;0.00;0.00;144.67;1200.00;1249.34;0.00;144.67;160.00;80.00;80.00;1380.00;1830.00;2190.00;3715.02;2974.67;4574.01;609.34;464.67;160.00;1800.00;1280.00;320.00;2004.67;320.00;310.00;160.00;310.00;0.00;0.00;0.00;0.00
1763417982.6054676;0.00;0.00;0.00;0.00;240.00;1729.34;240.00;820.35;0.00;0.00;0.00;0.00;1440.00;0.00;0.00;0.00;0.00;0.00;144.67;1200.00;1249.34;0.00;289.34;240.00;80.00;80.00;1380.00;1830.00;2500.00;3875.02;3134.67;4638.68;674.01;529.34;240.00;1800.00;1280.00;320.00;2004.67;320.00;310.00;160.00;310.00;0.00;0.00;0.00;0.00
1763417982.6063333;0.00;0.00;0.00;0.00;240.00;1729.34;240.00;820.35;0.00;0.00;0.00;0.00;1440.00;0.00;0.00;0.00;0.00;0.00;144.67;1200.00;1249.34;0.00;289.34;240.00;80.00;80.00;1380.00;1830.00;2500.00;3875.02;3134.67;4638.68;674.01;529.34;240.00;1800.00;1280.00;320.00;2004.67;320.00;310.00;160.00;310.00;0.00;0.00;0.00;0.00
1763417982.6496792;0.00;0.00;0.00;0.00;240.00;1729.34;240.00;820.35;0.00;0.00;0.00;0.00;1440.00;0.00;0.00;0.00;0.00;0.00;144.67;1200.00;1249.34;0.00;434.01;304.67;80.00;80.00;1380.00;1830.00;2500.00;3875.02;3134.67;4638.68;754.01;609.34;304.67;1800.00;1510.00;320.00;2004.67;320.00;310.00;160.00;310.00;0.00;0.00;0.00;0.00
1763417982.6505642;0.00;0.00;0.00;0.00;240.00;1729.34;240.00;820.35;0.00;0.00;0.00;0.00;1440.00;0.00;0.00;0.00;0.00;0.00;144.67;1200.00;1249.34;0.00;434.01;304.67;80.00;80.00;1380.00;1830.00;2500.00;3875.02;3134.67;4638.68;754.01;609.34;304.67;1800.00;1510.00;320.00;2004.67;320.00;310.00;160.00;310.00;0.00;0.00;0.00;0.00
1763417982.6956708;0.00;0.00;0.00;0.00;240.00;1729.34;240.00;820.35;0.00;0.00;0.00;0.00;1440.00;0.00;0.00;0.00;0.00;0.00;144.67;1200.00;1249.34;0.00;578.68;384.67;80.00;80.00;1380.00;1830.00;2810.00;4035.02;3294.67;4798.68;818.68;674.01;384.67;1800.00;1734.67;320.00;2004.67;320.00;310.00;160.00;310.00;0.00;0.00;0.00;0.00
1763417982.6965497;0.00;0.00;0.00;0.00;240.00;1729.34;240.00;820.35;0.00;0.00;0.00;0.00;1440.00;0.00;0.00;0.00;0.00;0.00;144.67;1200.00;1249.34;0.00;578.68;384.67;80.00;80.00;1380.00;1830.00;2810.00;4035.02;3294.67;4798.68;818.68;674.01;384.67;1800.00;1734.67;320.00;2004.67;320.00;310.00;160.00;310.00;0.00;0.00;0.00;0.00
1763417982.7415948;0.00;0.00;0.00;0.00;240.00;1729.34;240.00;820.35;0.00;0.00;0.00;0.00;1440.00;0.00;0.00;0.00;0.00;0.00;144.67;1200.00;1249.34;0.00;818.68;544.67;80.00;80.00;1380.00;1830.00;2810.00;4035.02;3294.67;4798.68;898.68;754.01;544.67;1800.00;1964.67;320.00;2004.67;320.00;310.00;160.00;310.00;0.00;0.00;0.00;0.00
1763417982.7424889;0.00;0.00;0.00;0.00;240.00;1729.34;240.00;820.35;0.00;0.00;0.00;0.00;1440.00;0.00;0.00;0.00;0.00;0.00;144.67;1200.00;1249.34;0.00;818.68;544.67;80.00;80.00;1380.00;1830.00;2810.00;4035.02;3294.67;4798.68;898.68;754.01;544.67;1800.00;1964.67;320.00;2004.67;320.00;310.00;160.00;310.00;0.00;0.00;0.00;0.00
1763417982.7877617;0.00;0.00;0.00;0.00;240.00;1729.34;240.00;820.35;0.00;0.00;0.00;0.00;1440.00;0.00;0.00;0.00;0.00;0.00;144.67;1200.00;1249.34;0.00;1058.68;544.67;80.00;80.00;1380.00;1830.00;2810.00;4035.02;3444.67;4958.68;1138.68;994.01;544.67;1800.00;2194.67;320.00;2004.67;320.00;310.00;160.00;310.00;0.00;0.00;0.00;0.00
1763417982.78864;0.00;0.00;0.00;0.00;240.00;1729.34;240.00;820.35;0.00;0.00;0.00;0.00;1440.00;0.00;0.00;0.00;0.00;0.00;144.67;1200.00;1249.34;0.00;1058.68;544.67;80.00;80.00;1380.00;1830.00;2810.00;4035.02;3444.67;4958.68;1138.68;994.01;544.67;1800.00;2194.67;320.00;2004.67;320.00;310.00;160.00;310.00;0.00;0.00;0.00;0.00
1763417999.8487718;0.00;0.00;0.00;0.00;240.00;1009.34;0.00;820.35;0.00;0.00;0.00;144.67;1200.00;0.00;0.00;0.00;0.00;0.00;0.00;1200.00;1249.34;0.00;1058.68;544.67;80.00;80.00;1524.67;1890.00;2880.00;3805.02;2600.00;3714.01;994.01;994.01;544.67;1570.00;1554.67;320.00;1694.67;320.00;310.00;160.00;310.00;0.00;0.00;0.00;0.00
1763417999.849683;0.00;0.00;0.00;0.00;240.00;1009.34;0.00;820.35;0.00;0.00;0.00;144.67;1200.00;0.00;0.00;0.00;0.00;0.00;0.00;1200.00;1249.34;0.00;1058.68;544.67;80.00;80.00;1524.67;1890.00;2880.00;3805.02;2600.00;3714.01;994.01;994.01;544.67;1570.00;1554.67;320.00;1694.67;320.00;310.00;160.00;310.00;0.00;0.00;0.00;0.00
1763418001.5664833;0.00;0.00;0.00;0.00;240.00;1009.34;144.67;820.35;0.00;0.00;0.00;144.67;1200.00;0.00;0.00;0.00;0.00;0.00;0.00;1200.00;1249.34;0.00;1058.68;544.67;80.00;80.00;1524.67;1890.00;2880.00;3805.02;2664.67;3794.01;994.01;994.01;544.67;1570.00;1554.67;320.00;1694.67;320.00;310.00;160.00;310.00;0.00;0.00;0.00;0.00
1763418001.566998;0.00;0.00;0.00;0.00;240.00;1009.34;144.67;820.35;0.00;0.00;0.00;144.67;1200.00;0.00;0.00;0.00;0.00;0.00;0.00;1200.00;1249.34;0.00;1058.68;544.67;80.00;80.00;1524.67;1890.00;2880.00;3805.02;2664.67;3794.01;994.01;994.01;544.67;1570.00;1554.67;320.00;1694.67;320.00;310.00;160.00;310.00;0.00;0.00;0.00;0.00
1763418001.611272;0.00;0.00;0.00;0.00;240.00;1009.34;289.34;820.35;0.00;0.00;0.00;144.67;1200.00;0.00;0.00;0.00;0.00;0.00;0.00;1200.00;1249.34;0.00;1058.68;544.67;80.00;80.00;1524.67;1890.00;2880.00;3805.02;2809.34;3794.01;994.01;994.01;544.67;1570.00;1554.67;320.00;2004.67;320.00;310.00;160.00;310.00;0.00;0.00;0.00;0.00
1763418001.6117802;0.00;0.00;0.00;0.00;240.00;1009.34;289.34;820.35;0.00;0.00;0.00;144.67;1200.00;0.00;0.00;0.00;0.00;0.00;0.00;1200.00;1249.34;0.00;1058.68;544.67;80.00;80.00;1524.67;1890.00;2880.00;3805.02;2809.34;3794.01;994.01;994.01;544.67;1570.00;1554.67;320.00;2004.67;320.00;310.00;160.00;310.00;0.00;0.00;0.00;0.00
1763418001.6572654;0.00;0.00;0.00;0.00;240.00;1009.34;434.01;820.35;0.00;0.00;0.00;144.67;1200.00;0.00;0.00;0.00;0.00;0.00;0.00;1200.00;1249.34;0.00;1058.68;544.67;80.00;80.00;1524.67;2040.00;3040.00;3965.02;2874.01;3944.01;994.01;994.01;544.67;1890.00;1554.67;320.00;2004.67;320.00;310.00;160.00;310.00;0.00;0.00;0.00;0.00
1763418001.6581373;0.00;0.00;0.00;0.00;240.00;1009.34;434.01;820.35;0.00;0.00;0.00;144.67;1200.00;0.00;0.00;0.00;0.00;0.00;0.00;1200.00;1249.34;0.00;1058.68;544.67;80.00;80.00;1524.67;2040.00;3040.00;3965.02;2874.01;3944.01;994.01;994.01;544.67;1890.00;1554.67;320.00;2004.67;320.00;310.00;160.00;310.00;0.00;0.00;0.00;0.00
1763418001.6897528;0.00;0.00;0.00;0.00;240.00;1009.34;674.01;820.35;0.00;0.00;0.00;144.67;1200.00;0.00;0.00;0.00;0.00;0.00;0.00;1200.00;1249.34;0.00;1058.68;544.67;80.00;80.00;1524.67;2040.00;3040.00;3965.02;3024.01;4094.01;994.01;994.01;544.67;1890.00;1554.67;320.00;2004.67;320.00;310.00;160.00;310.00;0.00;0.00;0.00;0.00
1763418001.6902995;0.00;0.00;0.00;0.00;240.00;1009.34;674.01;820.35;0.00;0.00;0.00;144.67;1200.00;0.00;0.00;0.00;0.00;0.00;0.00;1200.00;1249.34;0.00;1058.68;544.67;80.00;80.00;1524.67;2040.00;3040.00;3965.02;3024.01;4094.01;994.01;994.01;544.67;1890.00;1554.67;320.00;2004.67;320.00;310.00;160.00;310.00;0.00;0.00;0.00;0.00
1763418001.727357;0.00;0.00;0.00;0.00;240.00;1009.34;914.01;820.35;0.00;0.00;0.00;144.67;1200.00;0.00;0.00;0.00;0.00;0.00;0.00;1200.00;1249.34;0.00;1058.68;544.67;80.00;80.00;1524.67;2040.00;3040.00;3965.02;3324.01;4094.01;994.01;994.01;544.67;1890.00;1554.67;320.00;2004.67;320.00;310.00;160.00;310.00;0.00;0.00;0.00;0.00
1763418001.7278814;0.00;0.00;0.00;0.00;240.00;1009.34;914.01;820.35;0.00;0.00;0.00;144.67;1200.00;0.00;0.00;0.00;0.00;0.00;0.00;1200.00;1249.34;0.00;1058.68;544.67;80.00;80.00;1524.67;2040.00;3040.00;3965.02;3324.01;4094.01;994.01;994.01;544.67;1890.00;1554.67;320.00;2004.67;320.00;310.00;160.00;310.00;0.00;0.00;0.00;0.00
1763418001.843503;0.00;0.00;0.00;0.00;240.00;1009.34;1154.01;820.35;0.00;0.00;0.00;144.67;1200.00;0.00;0.00;0.00;0.00;0.00;0.00;1200.00;1249.34;0.00;1058.68;544.67;80.00;80.00;1524.67;2040.00;3040.00;3965.02;3474.01;4254.01;994.01;994.01;544.67;1890.00;1864.67;320.00;2004.67;320.00;310.00;160.00;310.00;0.00;0.00;0.00;0.00
1763418001.8440273;0.00;0.00;0.00;0.00;240.00;1009.34;1154.01;820.35;0.00;0.00;0.00;144.67;1200.00;0.00;0.00;0.00;0.00;0.00;0.00;1200.00;1249.34;0.00;1058.68;544.67;80.00;80.00;1524.67;2040.00;3040.00;3965.02;3474.01;4254.01;994.01;994.01;544.67;1890.00;1864.67;320.00;2004.67;320.00;310.00;160.00;310.00;0.00;0.00;0.00;0.00
1763418004.8644106;0.00;0.00;0.00;0.00;240.00;1009.34;1154.01;820.35;0.00;0.00;0.00;289.34;480.00;0.00;0.00;0.00;0.00;0.00;0.00;1200.00;1249.34;0.00;1058.68;544.67;80.00;80.00;1669.34;1250.00;2190.00;3415.02;3164.01;3934.01;674.01;674.01;544.67;1890.00;1864.67;320.00;1774.67;320.00;310.00;160.00;310.00;0.00;0.00;0.00;0.00
1763418004.8653123;0.00;0.00;0.00;0.00;240.00;1009.34;1154.01;820.35;0.00;0.00;0.00;289.34;480.00;0.00;0.00;0.00;0.00;0.00;0.00;1200.00;1249.34;0.00;1058.68;544.67;80.00;80.00;1669.34;1250.00;2190.00;3415.02;3164.01;3934.01;674.01;674.01;544.67;1890.00;1864.67;320.00;1774.67;320.00;310.00;160.00;310.00;0.00;0.00;0.00;0.00
1763418004.903409;0.00;0.00;0.00;0.00;240.00;1009.34;1154.01;820.35;0.00;0.00;0.00;529.34;480.00;0.00;0.00;0.00;0.00;0.00;0.00;1200.00;1249.34;0.00;1058.68;544.67;80.00;80.00;1909.34;1400.00;2340.00;3415.02;3164.01;3934.01;674.01;674.01;544.67;1890.00;1864.67;320.00;1774.67;320.00;310.00;160.00;310.00;0.00;0.00;0.00;0.00
1763418004.9042556;0.00;0.00;0.00;0.00;240.00;1009.34;1154.01;820.35;0.00;0.00;0.00;529.34;480.00;0.00;0.00;0.00;0.00;0.00;0.00;1200.00;1249.34;0.00;1058.68;544.67;80.00;80.00;1909.34;1400.00;2340.00;3415.02;3164.01;3934.01;674.01;674.01;544.67;1890.00;1864.67;320.00;1774.67;320.00;310.00;160.00;310.00;0.00;0.00;0.00;0.00
1763418004.9421432;0.00;0.00;0.00;0.00;240.00;1009.34;1154.01;820.35;0.00;0.00;0.00;769.34;480.00;0.00;0.00;0.00;0.00;0.00;0.00;1200.00;1249.34;0.00;1058.68;544.67;80.00;80.00;2149.34;1710.00;2640.00;3415.02;3164.01;3934.01;674.01;674.01;544.67;1890.00;1864.67;320.00;1774.67;320.00;310.00;160.00;310.00;0.00;0.00;0.00;0.00
1763418004.9430535;0.00;0.00;0.00;0.00;240.00;1009.34;1154.01;820.35;0.00;0.00;0.00;769.34;480.00;0.00;0.00;0.00;0.00;0.00;0.00;1200.00;1249.34;0.00;1058.68;544.67;80.00;80.00;2149.34;1710.00;2640.00;3415.02;3164.01;3934.01;674.01;674.01;544.67;1890.00;1864.67;320.00;1774.67;320.00;310.00;160.00;310.00;0.00;0.00;0.00;0.00
1763418014.583002;0.00;0.00;144.67;0.00;0.00;0.00;1154.01;820.35;0.00;0.00;0.00;769.34;480.00;0.00;0.00;0.00;0.00;0.00;0.00;1200.00;1249.34;0.00;1058.68;544.67;80.00;80.00;2149.34;1710.00;2640.00;3329.69;2924.01;2614.67;674.01;674.01;544.67;1890.00;1864.67;320.00;1774.67;320.00;310.00;160.00;310.00;0.00;0.00;0.00;0.00
1763418014.583869;0.00;0.00;144.67;0.00;0.00;0.00;1154.01;820.35;0.00;0.00;0.00;769.34;480.00;0.00;0.00;0.00;0.00;0.00;0.00;1200.00;1249.34;0.00;1058.68;544.67;80.00;80.00;2149.34;1710.00;2640.00;3329.69;2924.01;2614.67;674.01;674.01;544.67;1890.00;1864.67;320.00;1774.67;320.00;310.00;160.00;310.00;0.00;0.00;0.00;0.00
1763418014.6219585;0.00;0.00;289.34;0.00;0.00;0.00;1154.01;820.35;0.00;0.00;0.00;769.34;480.00;0.00;0.00;0.00;0.00;0.00;0.00;1200.00;1249.34;0.00;1058.68;544.67;80.00;80.00;2149.34;1710.00;3094.67;3489.69;2924.01;2614.67;674.01;674.01;544.67;1890.00;1864.67;320.00;1774.67;320.00;310.00;160.00;310.00;0.00;0.00;0.00;0.00
1763418014.6225102;0.00;0.00;289.34;0.00;0.00;0.00;1154.01;820.35;0.00;0.00;0.00;769.34;480.00;0.00;0.00;0.00;0.00;0.00;0.00;1200.00;1249.34;0.00;1058.68;544.67;80.00;80.00;2149.34;1710.00;3094.67;3489.69;2924.01;2614.67;674.01;674.01;544.67;1890.00;1864.67;320.00;1774.67;320.00;310.00;160.00;310.00;0.00;0.00;0.00;0.00
1763418014.6640851;0.00;0.00;434.01;0.00;0.00;0.00;1154.01;820.35;0.00;0.00;0.00;769.34;480.00;0.00;0.00;0.00;0.00;0.00;0.00;1200.00;1249.34;0.00;1058.68;544.67;80.00;80.00;2149.34;1790.00;3174.67;3554.36;3084.01;2774.67;674.01;674.01;544.67;1890.00;1864.67;320.00;1774.67;320.00;310.00;160.00;310.00;0.00;0.00;0.00;0.00
1763418014.6649275;0.00;0.00;434.01;0.00;0.00;0.00;1154.01;820.35;0.00;0.00;0.00;769.34;480.00;0.00;0.00;0.00;0.00;0.00;0.00;1200.00;1249.34;0.00;1058.68;544.67;80.00;80.00;2149.34;1790.00;3174.67;3554.36;3084.01;2774.67;674.01;674.01;544.67;1890.00;1864.67;320.00;1774.67;320.00;310.00;160.00;310.00;0.00;0.00;0.00;0.00
1763418014.6933255;0.00;0.00;674.01;0.00;0.00;0.00;1154.01;820.35;0.00;0.00;0.00;769.34;480.00;0.00;0.00;0.00;0.00;0.00;0.00;1200.00;1249.34;0.00;1058.68;544.67;160.00;160.00;2229.34;1870.00;3254.67;3714.36;3244.01;2924.67;674.01;674.01;544.67;1890.00;1864.67;320.00;1774.67;320.00;310.00;160.00;310.00;0.00;0.00;0.00;0.00
1763418014.6938312;0.00;0.00;674.01;0.00;0.00;0.00;1154.01;820.35;0.00;0.00;0.00;769.34;480.00;0.00;0.00;0.00;0.00;0.00;0.00;1200.00;1249.34;0.00;1058.68;544.67;160.00;160.00;2229.34;1870.00;3254.67;3714.36;3244.01;2924.67;674.01;674.01;544.67;1890.00;1864.67;320.00;1774.67;320.00;310.00;160.00;310.00;0.00;0.00;0.00;0.00
1763418014.7248464;0.00;0.00;914.01;0.00;0.00;0.00;1154.01;820.35;0.00;0.00;0.00;769.34;480.00;0.00;0.00;0.00;0.00;0.00;0.00;1200.00;1249.34;0.00;1058.68;544.67;310.00;310.00;2309.34;1950.00;3334.67;3874.36;3404.01;3084.67;674.01;674.01;544.67;1890.00;1864.67;640.00;1774.67;320.00;310.00;160.00;310.00;0.00;0.00;0.00;0.00
1763418014.7253733;0.00;0.00;914.01;0.00;0.00;0.00;1154.01;820.35;0.00;0.00;0.00;769.34;480.00;0.00;0.00;0.00;0.00;0.00;0.00;1200.00;1249.34;0.00;1058.68;544.67;310.00;310.00;2309.34;1950.00;3334.67;3874.36;3404.01;3084.67;674.01;674.01;544.67;1890.00;1864.67;640.00;1774.67;320.00;310.00;160.00;310.00;0.00;0.00;0.00;0.00
1763418014.75827;0.00;0.00;1154.01;0.00;0.00;0.00;1154.01;820.35;0.00;0.00;0.00;769.34;480.00;0.00;0.00;0.00;0.00;0.00;0.00;1200.00;1249.34;0.00;1058.68;544.67;310.00;310.00;2619.34;2110.00;3494.67;3954.36;3484.01;3234.67;674.01;674.01;544.67;1890.00;1864.67;640.00;1774.67;630.00;310.00;160.00;310.00;0.00;0.00;0.00;0.00
1763418014.7588027;0.00;0.00;1154.01;0.00;0.00;0.00;1154.01;820.35;0.00;0.00;0.00;769.34;480.00;0.00;0.00;0.00;0.00;0.00;0.00;1200.00;1249.34;0.00;1058.68;544.67;310.00;310.00;2619.34;2110.00;3494.67;3954.36;3484.01;3234.67;674.01;674.01;544.67;1890.00;1864.67;640.00;1774.67;630.00;310.00;160.00;310.00;0.00;0.00;0.00;0.00
1763418019.8721428;0.00;0.00;1154.01;0.00;0.00;0.00;1154.01;578.68;0.00;0.00;0.00;769.34;480.00;0.00;0.00;0.00;0.00;0.00;0.00;1200.00;1489.34;0.00;1058.68;544.67;310.00;310.00;2619.34;2110.00;3494.67;3712.69;3484.01;3234.67;674.01;674.01;544.67;1890.00;1864.67;640.00;1774.67;630.00;310.00;160.00;310.00;0.00;0.00;0.00;0.00
1763418019.872694;0.00;0.00;1154.01;0.00;0.00;0.00;1154.01;578.68;0.00;0.00;0.00;769.34;480.00;0.00;0.00;0.00;0.00;0.00;0.00;1200.00;1489.34;0.00;1058.68;544.67;310.00;310.00;2619.34;2110.00;3494.67;3712.69;3484.01;3234.67;674.01;674.01;544.67;1890.00;1864.67;640.00;1774.67;630.00;310.00;160.00;310.00;0.00;0.00;0.00;0.00
1763418019.8965392;0.00;0.00;1154.01;0.00;0.00;0.00;1154.01;578.68;0.00;0.00;0.00;769.34;480.00;0.00;0.00;0.00;0.00;0.00;0.00;1200.00;1729.34;0.00;1058.68;544.67;310.00;310.00;2619.34;2110.00;3494.67;3712.69;3484.01;3234.67;674.01;674.01;544.67;1890.00;1864.67;640.00;1774.67;630.00;310.00;160.00;310.00;0.00;0.00;0.00;0.00
1763418019.8970842;0.00;0.00;1154.01;0.00;0.00;0.00;1154.01;578.68;0.00;0.00;0.00;769.34;480.00;0.00;0.00;0.00;0.00;0.00;0.00;1200.00;1729.34;0.00;1058.68;544.67;310.00;310.00;2619.34;2110.00;3494.67;3712.69;3484.01;3234.67;674.01;674.01;544.67;1890.00;1864.67;640.00;1774.67;630.00;310.00;160.00;310.00;0.00;0.00;0.00;0.00
1763418024.8942795;0.00;0.00;1154.01;0.00;0.00;0.00;1154.01;578.68;0.00;0.00;0.00;769.34;480.00;240.00;0.00;0.00;0.00;0.00;0.00;960.00;1729.34;0.00;1058.68;624.67;310.00;310.00;2309.34;1950.00;3334.67;3712.69;3484.01;3234.67;754.01;754.01;624.67;1580.00;1864.67;640.00;1774.67;630.00;310.00;160.00;310.00;0.00;0.00;0.00;0.00
1763418024.8951547;0.00;0.00;1154.01;0.00;0.00;0.00;1154.01;578.68;0.00;0.00;0.00;769.34;480.00;240.00;0.00;0.00;0.00;0.00;0.00;960.00;1729.34;0.00;1058.68;624.67;310.00;310.00;2309.34;1950.00;3334.67;3712.69;3484.01;3234.67;754.01;754.01;624.67;1580.00;1864.67;640.00;1774.67;630.00;310.00;160.00;310.00;0.00;0.00;0.00;0.00
1763418028.593752;0.00;0.00;1154.01;0.00;0.00;0.00;1154.01;578.68;0.00;0.00;0.00;1009.34;480.00;240.00;0.00;0.00;0.00;0.00;0.00;960.00;1729.34;0.00;1058.68;624.67;310.00;310.00;2539.34;2030.00;3414.67;3712.69;3484.01;3234.67;754.01;754.01;624.67;1580.00;1864.67;640.00;1774.67;630.00;310.00;160.00;310.00;0.00;0.00;0.00;0.00
1763418028.5946603;0.00;0.00;1154.01;0.00;0.00;0.00;1154.01;578.68;0.00;0.00;0.00;1009.34;480.00;240.00;0.00;0.00;0.00;0.00;0.00;960.00;1729.34;0.00;1058.68;624.67;310.00;310.00;2539.34;2030.00;3414.67;3712.69;3484.01;3234.67;754.01;754.01;624.67;1580.00;1864.67;640.00;1774.67;630.00;310.00;160.00;310.00;0.00;0.00;0.00;0.00
1763418028.6299143;0.00;0.00;1154.01;0.00;0.00;0.00;1154.01;578.68;0.00;0.00;0.00;1249.34;480.00;240.00;0.00;0.00;0.00;0.00;0.00;960.00;1729.34;0.00;1058.68;624.67;310.00;310.00;2779.34;2270.00;3964.67;3712.69;3484.01;3234.67;754.01;754.01;624.67;1580.00;1864.67;640.00;1774.67;630.00;310.00;160.00;310.00;0.00;0.00;0.00;0.00
1763418028.6304336;0.00;0.00;1154.01;0.00;0.00;0.00;1154.01;578.68;0.00;0.00;0.00;1249.34;480.00;240.00;0.00;0.00;0.00;0.00;0.00;960.00;1729.34;0.00;1058.68;624.67;310.00;310.00;2779.34;2270.00;3964.67;3712.69;3484.01;3234.67;754.01;754.01;624.67;1580.00;1864.67;640.00;1774.67;630.00;310.00;160.00;310.00;0.00;0.00;0.00;0.00
1763418028.6714764;0.00;0.00;1154.01;0.00;0.00;0.00;1154.01;578.68;0.00;0.00;0.00;1489.34;480.00;240.00;0.00;0.00;0.00;0.00;0.00;960.00;1729.34;0.00;1058.68;784.67;470.00;470.00;2859.34;2350.00;4044.67;3792.69;3564.01;3384.67;914.01;914.01;784.67;1580.00;1864.67;870.00;1774.67;630.00;310.00;480.00;310.00;0.00;0.00;0.00;0.00
1763418028.6720102;0.00;0.00;1154.01;0.00;0.00;0.00;1154.01;578.68;0.00;0.00;0.00;1489.34;480.00;240.00;0.00;0.00;0.00;0.00;0.00;960.00;1729.34;0.00;1058.68;784.67;470.00;470.00;2859.34;2350.00;4044.67;3792.69;3564.01;3384.67;914.01;914.01;784.67;1580.00;1864.67;870.00;1774.67;630.00;310.00;480.00;310.00;0.00;0.00;0.00;0.00
1763418028.7111294;0.00;0.00;1154.01;0.00;0.00;0.00;1154.01;578.68;0.00;0.00;0.00;1729.34;480.00;240.00;0.00;0.00;0.00;0.00;0.00;960.00;1729.34;0.00;1058.68;784.67;630.00;630.00;2939.34;2430.00;4124.67;3792.69;3564.01;3384.67;914.01;914.01;784.67;1810.00;1864.67;870.00;1774.67;630.00;310.00;790.00;310.00;0.00;0.00;0.00;0.00
1763418028.711655;0.00;0.00;1154.01;0.00;0.00;0.00;1154.01;578.68;0.00;0.00;0.00;1729.34;480.00;240.00;0.00;0.00;0.00;0.00;0.00;960.00;1729.34;0.00;1058.68;784.67;630.00;630.00;2939.34;2430.00;4124.67;3792.69;3564.01;3384.67;914.01;914.01;784.67;1810.00;1864.67;870.00;1774.67;630.00;310.00;790.00;310.00;0.00;0.00;0.00;0.00
1763418028.910908;0.00;0.00;1154.01;0.00;0.00;0.00;1154.01;578.68;0.00;0.00;0.00;1969.34;480.00;240.00;0.00;0.00;0.00;0.00;0.00;960.00;1729.34;0.00;1058.68;1024.67;870.00;870.00;2939.34;2430.00;4124.67;3792.69;3564.01;3614.67;1154.01;1154.01;1024.67;1810.00;1864.67;1100.00;1774.67;630.00;310.00;790.00;310.00;0.00;0.00;0.00;320.00
1763418028.9117846;0.00;0.00;1154.01;0.00;0.00;0.00;1154.01;578.68;0.00;0.00;0.00;1969.34;480.00;240.00;0.00;0.00;0.00;0.00;0.00;960.00;1729.34;0.00;1058.68;1024.67;870.00;870.00;2939.34;2430.00;4124.67;3792.69;3564.01;3614.67;1154.01;1154.01;1024.67;1810.00;1864.67;1100.00;1774.67;630.00;310.00;790.00;310.00;0.00;0.00;0.00;320.00
1763418028.9658146;0.00;0.00;1154.01;0.00;0.00;0.00;1154.01;578.68;0.00;0.00;0.00;1969.34;480.00;240.00;0.00;0.00;0.00;0.00;0.00;960.00;1729.34;0.00;1058.68;1024.67;870.00;870.00;2939.34;2430.00;4124.67;3792.69;3564.01;3614.67;1154.01;1154.01;1024.67;1810.00;1864.67;1100.00;1774.67;630.00;310.00;790.00;310.00;0.00;0.00;0.00;320.00
1763418028.966728;0.00;0.00;1154.01;0.00;0.00;0.00;1154.01;578.68;0.00;0.00;0.00;1969.34;480.00;240.00;0.00;0.00;0.00;0.00;0.00;960.00;1729.34;0.00;1058.68;1024.67;870.00;870.00;2939.34;2430.00;4124.67;3792.69;3564.01;3614.67;1154.01;1154.01;1024.67;1810.00;1864.67;1100.00;1774.67;630.00;310.00;790.00;310.00;0.00;0.00;0.00;320.00
1763418029.9038591;0.00;0.00;1154.01;0.00;0.00;0.00;1154.01;144.67;0.00;0.00;0.00;1969.34;480.00;240.00;0.00;0.00;0.00;0.00;0.00;960.00;1969.34;0.00;1058.68;1024.67;870.00;870.00;2939.34;2430.00;4124.67;3608.68;3724.01;3774.67;1154.01;1154.01;1024.67;1500.00;1864.67;1100.00;1624.67;630.00;310.00;790.00;310.00;0.00;0.00;0.00;320.00
1763418029.9044056;0.00;0.00;1154.01;0.00;0.00;0.00;1154.01;144.67;0.00;0.00;0.00;1969.34;480.00;240.00;0.00;0.00;0.00;0.00;0.00;960.00;1969.34;0.00;1058.68;1024.67;870.00;870.00;2939.34;2430.00;4124.67;3608.68;3724.01;3774.67;1154.01;1154.01;1024.67;1500.00;1864.67;1100.00;1624.67;630.00;310.00;790.00;310.00;0.00;0.00;0.00;320.00
1763418029.9524302;0.00;0.00;1154.01;0.00;0.00;0.00;1154.01;144.67;0.00;0.00;0.00;1969.34;480.00;240.00;0.00;0.00;0.00;0.00;0.00;960.00;1969.34;0.00;1058.68;1024.67;870.00;870.00;2939.34;2430.00;4124.67;3608.68;3724.01;3774.67;1154.01;1154.01;1024.67;1500.00;1864.67;1100.00;1624.67;630.00;310.00;790.00;310.00;0.00;0.00;0.00;320.00
1763418029.9533489;0.00;0.00;1154.01;0.00;0.00;0.00;1154.01;144.67;0.00;0.00;0.00;1969.34;480.00;240.00;0.00;0.00;0.00;0.00;0.00;960.00;1969.34;0.00;1058.68;1024.67;870.00;870.00;2939.34;2430.00;4124.67;3608.68;3724.01;3774.67;1154.01;1154.01;1024.67;1500.00;1864.67;1100.00;1624.67;630.00;310.00;790.00;310.00;0.00;0.00;0.00;320.00
1763418030.001149;0.00;0.00;1154.01;0.00;0.00;0.00;1154.01;144.67;0.00;0.00;0.00;1969.34;480.00;240.00;0.00;0.00;0.00;0.00;0.00;960.00;1969.34;0.00;1058.68;1024.67;870.00;870.00;2939.34;2430.00;4124.67;3608.68;3724.01;3774.67;1154.01;1154.01;1024.67;1500.00;1864.67;1100.00;1624.67;630.00;310.00;790.00;310.00;0.00;0.00;0.00;320.00
1763418030.002066;0.00;0.00;1154.01;0.00;0.00;0.00;1154.01;144.67;0.00;0.00;0.00;1969.34;480.00;240.00;0.00;0.00;0.00;0.00;0.00;960.00;1969.34;0.00;1058.68;1024.67;870.00;870.00;2939.34;2430.00;4124.67;3608.68;3724.01;3774.67;1154.01;1154.01;1024.67;1500.00;1864.67;1100.00;1624.67;630.00;310.00;790.00;310.00;0.00;0.00;0.00;320.00
1763418044.9339175;0.00;0.00;1154.01;0.00;0.00;0.00;1154.01;0.00;0.00;0.00;0.00;1824.67;480.00;0.00;0.00;0.00;0.00;144.67;0.00;0.00;1249.34;0.00;1058.68;1104.67;934.67;790.00;1724.67;2270.00;3964.67;3128.68;3404.01;3454.67;1234.01;1234.01;1104.67;1500.00;1864.67;1100.00;1624.67;310.00;0.00;630.00;310.00;0.00;0.00;0.00;320.00
1763418044.9348013;0.00;0.00;1154.01;0.00;0.00;0.00;1154.01;0.00;0.00;0.00;0.00;1824.67;480.00;0.00;0.00;0.00;0.00;144.67;0.00;0.00;1249.34;0.00;1058.68;1104.67;934.67;790.00;1724.67;2270.00;3964.67;3128.68;3404.01;3454.67;1234.01;1234.01;1104.67;1500.00;1864.67;1100.00;1624.67;310.00;0.00;630.00;310.00;0.00;0.00;0.00;320.00
1763418048.6074896;0.00;0.00;1154.01;0.00;0.00;0.00;1154.01;0.00;0.00;0.00;0.00;1824.67;480.00;0.00;0.00;0.00;0.00;144.67;0.00;0.00;1394.01;0.00;1058.68;1104.67;934.67;790.00;1724.67;2270.00;3964.67;3128.68;3404.01;3454.67;1234.01;1234.01;1104.67;1500.00;1864.67;1100.00;1624.67;310.00;0.00;630.00;310.00;0.00;0.00;0.00;320.00
1763418048.6083746;0.00;0.00;1154.01;0.00;0.00;0.00;1154.01;0.00;0.00;0.00;0.00;1824.67;480.00;0.00;0.00;0.00;0.00;144.67;0.00;0.00;1394.01;0.00;1058.68;1104.67;934.67;790.00;1724.67;2270.00;3964.67;3128.68;3404.01;3454.67;1234.01;1234.01;1104.67;1500.00;1864.67;1100.00;1624.67;310.00;0.00;630.00;310.00;0.00;0.00;0.00;320.00
1763418048.6543384;0.00;0.00;1154.01;0.00;0.00;0.00;1154.01;0.00;0.00;0.00;0.00;1824.67;480.00;0.00;0.00;0.00;0.00;144.67;0.00;0.00;1538.68;0.00;1058.68;1104.67;934.67;790.00;1724.67;2270.00;3964.67;3128.68;3404.01;3454.67;1234.01;1234.01;1104.67;1500.00;1864.67;1100.00;1624.67;310.00;0.00;630.00;310.00;0.00;0.00;0.00;320.00
1763418048.655236;0.00;0.00;1154.01;0.00;0.00;0.00;1154.01;0.00;0.00;0.00;0.00;1824.67;480.00;0.00;0.00;0.00;0.00;144.67;0.00;0.00;1538.68;0.00;1058.68;1104.67;934.67;790.00;1724.67;2270.00;3964.67;3128.68;3404.01;3454.67;1234.01;1234.01;1104.67;1500.00;1864.67;1100.00;1624.67;310.00;0.00;630.00;310.00;0.00;0.00;0.00;320.00
1763418048.7015808;0.00;0.00;1154.01;0.00;0.00;0.00;1154.01;0.00;0.00;0.00;0.00;1824.67;480.00;0.00;0.00;0.00;0.00;144.67;0.00;0.00;1683.35;0.00;1058.68;1104.67;934.67;790.00;1724.67;2270.00;3964.67;3128.68;3404.01;3454.67;1234.01;1234.01;1104.67;1500.00;1864.67;1100.00;1624.67;310.00;0.00;630.00;310.00;0.00;0.00;0.00;320.00
1763418048.702478;0.00;0.00;1154.01;0.00;0.00;0.00;1154.01;0.00;0.00;0.00;0.00;1824.67;480.00;0.00;0.00;0.00;0.00;144.67;0.00;0.00;1683.35;0.00;1058.68;1104.67;934.67;790.00;1724.67;2270.00;3964.67;3128.68;3404.01;3454.67;1234.01;1234.01;1104.67;1500.00;1864.67;1100.00;1624.67;310.00;0.00;630.00;310.00;0.00;0.00;0.00;320.00
1763418048.753736;0.00;0.00;1154.01;0.00;0.00;0.00;1154.01;0.00;0.00;0.00;0.00;1824.67;480.00;0.00;0.00;0.00;0.00;144.67;0.00;0.00;1828.02;0.00;1058.68;1104.67;934.67;790.00;1724.67;2270.00;3964.67;3128.68;3404.01;3454.67;1234.01;1234.01;1104.67;1500.00;1864.67;1100.00;1624.67;310.00;0.00;630.00;310.00;0.00;0.00;0.00;320.00
1763418048.7546675;0.00;0.00;1154.01;0.00;0.00;0.00;1154.01;0.00;0.00;0.00;0.00;1824.67;480.00;0.00;0.00;0.00;0.00;144.67;0.00;0.00;1828.02;0.00;1058.68;1104.67;934.67;790.00;1724.67;2270.00;3964.67;3128.68;3404.01;3454.67;1234.01;1234.01;1104.67;1500.00;1864.67;1100.00;1624.67;310.00;0.00;630.00;310.00;0.00;0.00;0.00;320.00
1763418048.8035088;0.00;0.00;1154.01;0.00;0.00;0.00;1154.01;0.00;0.00;0.00;0.00;1824.67;480.00;0.00;0.00;0.00;0.00;144.67;0.00;0.00;1972.69;0.00;1058.68;1104.67;934.67;790.00;1724.67;2270.00;3964.67;3438.68;3714.01;3764.67;1234.01;1234.01;1104.67;1500.00;1864.67;1100.00;1624.67;310.00;0.00;630.00;310.00;0.00;0.00;0.00;320.00
1763418048.8044224;0.00;0.00;1154.01;0.00;0.00;0.00;1154.01;0.00;0.00;0.00;0.00;1824.67;480.00;0.00;0.00;0.00;0.00;144.67;0.00;0.00;1972.69;0.00;1058.68;1104.67;934.67;790.00;1724.67;2270.00;3964.67;3438.68;3714.01;3764.67;1234.01;1234.01;1104.67;1500.00;1864.67;1100.00;1624.67;310.00;0.00;630.00;310.00;0.00;0.00;0.00;320.00
1763418048.8626463;0.00;0.00;1154.01;0.00;0.00;0.00;1154.01;0.00;0.00;0.00;0.00;1824.67;480.00;0.00;0.00;0.00;0.00;144.67;0.00;0.00;1972.69;0.00;1058.68;1104.67;934.67;790.00;1724.67;2270.00;3964.67;3438.68;3714.01;3764.67;1234.01;1234.01;1104.67;1500.00;1864.67;1100.00;1624.67;310.00;0.00;630.00;310.00;0.00;0.00;0.00;320.00
1763418048.863572;0.00;0.00;1154.01;0.00;0.00;0.00;1154.01;0.00;0.00;0.00;0.00;1824.67;480.00;0.00;0.00;0.00;0.00;144.67;0.00;0.00;1972.69;0.00;1058.68;1104.67;934.67;790.00;1724.67;2270.00;3964.67;3438.68;3714.01;3764.67;1234.01;1234.01;1104.67;1500.00;1864.67;1100.00;1624.67;310.00;0.00;630.00;310.00;0.00;0.00;0.00;320.00
1763418055.0330827;0.00;0.00;1298.68;0.00;0.00;0.00;1154.01;0.00;0.00;0.00;0.00;1680.00;480.00;0.00;0.00;0.00;0.00;144.67;0.00;0.00;1732.69;0.00;1058.68;1104.67;934.67;790.00;1580.00;2130.00;3514.67;3438.68;3634.01;3614.67;1234.01;1234.01;1104.67;1180.00;1864.67;1100.00;1624.67;310.00;0.00;630.00;0.00;0.00;0.00;0.00;320.00
1763418055.033602;0.00;0.00;1298.68;0.00;0.00;0.00;1154.01;0.00;0.00;0.00;0.00;1680.00;480.00;0.00;0.00;0.00;0.00;144.67;0.00;0.00;1732.69;0.00;1058.68;1104.67;934.67;790.00;1580.00;2130.00;3514.67;3438.68;3634.01;3614.67;1234.01;1234.01;1104.67;1180.00;1864.67;1100.00;1624.67;310.00;0.00;630.00;0.00;0.00;0.00;0.00;320.00
1763418055.058151;0.00;0.00;1298.68;0.00;0.00;0.00;1154.01;0.00;0.00;0.00;0.00;1680.00;480.00;0.00;0.00;0.00;0.00;144.67;0.00;240.00;1732.69;0.00;1058.68;1104.67;934.67;790.00;1890.00;2130.00;3514.67;3438.68;3634.01;3614.67;1234.01;1234.01;1104.67;1180.00;1864.67;1100.00;1624.67;310.00;0.00;630.00;0.00;0.00;0.00;0.00;320.00
1763418055.0586867;0.00;0.00;1298.68;0.00;0.00;0.00;1154.01;0.00;0.00;0.00;0.00;1680.00;480.00;0.00;0.00;0.00;0.00;144.67;0.00;240.00;1732.69;0.00;1058.68;1104.67;934.67;790.00;1890.00;2130.00;3514.67;3438.68;3634.01;3614.67;1234.01;1234.01;1104.67;1180.00;1864.67;1100.00;1624.67;310.00;0.00;630.00;0.00;0.00;0.00;0.00;320.00
1763418070.6123435;0.00;0.00;1154.01;0.00;0.00;0.00;1154.01;0.00;0.00;0.00;0.00;1200.00;0.00;0.00;0.00;0.00;97.00;0.00;0.00;0.00;723.35;0.00;1058.68;864.67;790.00;790.00;1100.00;1030.00;2521.67;1949.34;2444.01;2394.67;994.01;994.01;864.67;550.00;1544.67;780.00;310.00;310.00;0.00;630.00;0.00;0.00;0.00;0.00;320.00
1763418070.6129003;0.00;0.00;1154.01;0.00;0.00;0.00;1154.01;0.00;0.00;0.00;0.00;1200.00;0.00;0.00;0.00;0.00;97.00;0.00;0.00;0.00;723.35;0.00;1058.68;864.67;790.00;790.00;1100.00;1030.00;2521.67;1949.34;2444.01;2394.67;994.01;994.01;864.67;550.00;1544.67;780.00;310.00;310.00;0.00;630.00;0.00;0.00;0.00;0.00;320.00
1763418070.6478658;0.00;0.00;1154.01;0.00;0.00;0.00;1154.01;0.00;0.00;0.00;0.00;1200.00;0.00;0.00;0.00;0.00;194.00;0.00;0.00;0.00;723.35;0.00;1058.68;864.67;790.00;790.00;1100.00;1030.00;2618.67;2189.34;2444.01;2394.67;994.01;994.01;864.67;550.00;1544.67;780.00;310.00;310.00;0.00;630.00;0.00;0.00;0.00;0.00;320.00
1763418070.6484485;0.00;0.00;1154.01;0.00;0.00;0.00;1154.01;0.00;0.00;0.00;0.00;1200.00;0.00;0.00;0.00;0.00;194.00;0.00;0.00;0.00;723.35;0.00;1058.68;864.67;790.00;790.00;1100.00;1030.00;2618.67;2189.34;2444.01;2394.67;994.01;994.01;864.67;550.00;1544.67;780.00;310.00;310.00;0.00;630.00;0.00;0.00;0.00;0.00;320.00
1763418070.681339;0.00;0.00;1154.01;0.00;0.00;0.00;1154.01;0.00;0.00;0.00;0.00;1200.00;0.00;0.00;0.00;0.00;291.00;0.00;0.00;0.00;723.35;0.00;1058.68;864.67;790.00;790.00;1100.00;1094.67;2651.00;2269.34;2444.01;2394.67;994.01;994.01;864.67;550.00;1544.67;780.00;310.00;310.00;0.00;630.00;0.00;0.00;0.00;0.00;320.00
1763418070.6818526;0.00;0.00;1154.01;0.00;0.00;0.00;1154.01;0.00;0.00;0.00;0.00;1200.00;0.00;0.00;0.00;0.00;291.00;0.00;0.00;0.00;723.35;0.00;1058.68;864.67;790.00;790.00;1100.00;1094.67;2651.00;2269.34;2444.01;2394.67;994.01;994.01;864.67;550.00;1544.67;780.00;310.00;310.00;0.00;630.00;0.00;0.00;0.00;0.00;320.00
1763418070.7262228;0.00;0.00;1154.01;0.00;0.00;0.00;1154.01;0.00;0.00;0.00;0.00;1200.00;0.00;0.00;0.00;0.00;388.00;0.00;0.00;0.00;723.35;0.00;1058.68;864.67;790.00;790.00;1100.00;1254.67;2683.33;2349.34;2444.01;2394.67;994.01;994.01;864.67;662.33;1544.67;780.00;310.00;310.00;0.00;630.00;0.00;0.00;0.00;0.00;320.00
1763418070.7267342;0.00;0.00;1154.01;0.00;0.00;0.00;1154.01;0.00;0.00;0.00;0.00;1200.00;0.00;0.00;0.00;0.00;388.00;0.00;0.00;0.00;723.35;0.00;1058.68;864.67;790.00;790.00;1100.00;1254.67;2683.33;2349.34;2444.01;2394.67;994.01;994.01;864.67;662.33;1544.67;780.00;310.00;310.00;0.00;630.00;0.00;0.00;0.00;0.00;320.00
1763418070.7600486;0.00;0.00;1154.01;0.00;0.00;0.00;1154.01;0.00;0.00;0.00;0.00;1200.00;0.00;0.00;0.00;0.00;532.67;0.00;0.00;0.00;723.35;0.00;1058.68;864.67;790.00;790.00;1100.00;1469.34;2983.33;2349.34;2444.01;2394.67;994.01;994.01;864.67;662.33;1544.67;780.00;310.00;310.00;0.00;630.00;0.00;0.00;0.00;0.00;320.00
1763418070.760559;0.00;0.00;1154.01;0.00;0.00;0.00;1154.01;0.00;0.00;0.00;0.00;1200.00;0.00;0.00;0.00;0.00;532.67;0.00;0.00;0.00;723.35;0.00;1058.68;864.67;790.00;790.00;1100.00;1469.34;2983.33;2349.34;2444.01;2394.67;994.01;994.01;864.67;662.33;1544.67;780.00;310.00;310.00;0.00;630.00;0.00;0.00;0.00;0.00;320.00
1763418070.7974815;0.00;0.00;1154.01;0.00;0.00;0.00;1154.01;0.00;0.00;0.00;0.00;1200.00;0.00;0.00;0.00;0.00;677.34;0.00;0.00;0.00;723.35;0.00;1058.68;864.67;790.00;790.00;1100.00;1469.34;3128.00;2494.01;2444.01;2394.67;994.01;994.01;864.67;662.33;1544.67;780.00;620.00;310.00;0.00;630.00;0.00;0.00;0.00;0.00;320.00
1763418070.7980027;0.00;0.00;1154.01;0.00;0.00;0.00;1154.01;0.00;0.00;0.00;0.00;1200.00;0.00;0.00;0.00;0.00;677.34;0.00;0.00;0.00;723.35;0.00;1058.68;864.67;790.00;790.00;1100.00;1469.34;3128.00;2494.01;2444.01;2394.67;994.01;994.01;864.67;662.33;1544.67;780.00;620.00;310.00;0.00;630.00;0.00;0.00;0.00;0.00;320.00
1763418074.9671664;0.00;0.00;1154.01;0.00;0.00;0.00;1154.01;0.00;0.00;0.00;0.00;1200.00;0.00;0.00;0.00;0.00;677.34;0.00;0.00;0.00;723.35;144.67;914.01;800.00;790.00;790.00;1100.00;1469.34;3128.00;2494.01;2444.01;2394.67;1058.68;1058.68;800.00;662.33;1314.67;780.00;620.00;310.00;0.00;630.00;0.00;0.00;0.00;0.00;320.00
1763418074.9680545;0.00;0.00;1154.01;0.00;0.00;0.00;1154.01;0.00;0.00;0.00;0.00;1200.00;0.00;0.00;0.00;0.00;677.34;0.00;0.00;0.00;723.35;144.67;914.01;800.00;790.00;790.00;1100.00;1469.34;3128.00;2494.01;2444.01;2394.67;1058.68;1058.68;800.00;662.33;1314.67;780.00;620.00;310.00;0.00;630.00;0.00;0.00;0.00;0.00;320.00
1763418092.6312454;0.00;0.00;1154.01;0.00;0.00;0.00;1154.01;144.67;0.00;0.00;0.00;1200.00;0.00;0.00;0.00;0.00;677.34;0.00;0.00;0.00;723.35;144.67;914.01;800.00;790.00;790.00;1100.00;1469.34;3128.00;2494.01;2444.01;2394.67;1058.68;1058.68;800.00;662.33;1314.67;780.00;930.00;310.00;0.00;630.00;0.00;0.00;0.00;0.00;320.00
1763418092.6321335;0.00;0.00;1154.01;0.00;0.00;0.00;1154.01;144.67;0.00;0.00;0.00;1200.00;0.00;0.00;0.00;0.00;677.34;0.00;0.00;0.00;723.35;144.67;914.01;800.00;790.00;790.00;1100.00;1469.34;3128.00;2494.01;2444.01;2394.67;1058.68;1058.68;800.00;662.33;1314.67;780.00;930.00;310.00;0.00;630.00;0.00;0.00;0.00;0.00;320.00
1763418092.6792927;0.00;0.00;1154.01;0.00;0.00;0.00;1154.01;289.34;0.00;0.00;0.00;1200.00;0.00;0.00;0.00;0.00;677.34;0.00;0.00;0.00;723.35;144.67;914.01;800.00;790.00;790.00;1100.00;1469.34;3128.00;2494.01;2588.68;2704.67;1058.68;1058.68;800.00;662.33;1314.67;780.00;930.00;310.00;0.00;630.00;0.00;0.00;0.00;0.00;320.00
1763418092.6801922;0.00;0.00;1154.01;0.00;0.00;0.00;1154.01;289.34;0.00;0.00;0.00;1200.00;0.00;0.00;0.00;0.00;677.34;0.00;0.00;0.00;723.35;144.67;914.01;800.00;790.00;790.00;1100.00;1469.34;3128.00;2494.01;2588.68;2704.67;1058.68;1058.68;800.00;662.33;1314.67;780.00;930.00;310.00;0.00;630.00;0.00;0.00;0.00;0.00;320.00
1763418092.7290397;0.00;0.00;1154.01;0.00;0.00;0.00;1154.01;434.01;0.00;0.00;0.00;1200.00;0.00;0.00;0.00;0.00;677.34;0.00;0.00;0.00;723.35;144.67;914.01;800.00;790.00;790.00;1100.00;1469.34;3128.00;2494.01;2733.35;3014.67;1058.68;1058.68;800.00;662.33;1314.67;780.00;930.00;310.00;0.00;630.00;0.00;0.00;0.00;0.00;320.00
1763418092.729937;0.00;0.00;1154.01;0.00;0.00;0.00;1154.01;434.01;0.00;0.00;0.00;1200.00;0.00;0.00;0.00;0.00;677.34;0.00;0.00;0.00;723.35;144.67;914.01;800.00;790.00;790.00;1100.00;1469.34;3128.00;2494.01;2733.35;3014.67;1058.68;1058.68;800.00;662.33;1314.67;780.00;930.00;310.00;0.00;630.00;0.00;0.00;0.00;0.00;320.00
1763418092.7818909;0.00;0.00;1154.01;0.00;0.00;0.00;1154.01;674.01;0.00;0.00;0.00;1200.00;0.00;0.00;0.00;0.00;677.34;0.00;0.00;0.00;723.35;144.67;914.01;800.00;790.00;790.00;1100.00;1469.34;3128.00;2494.01;3123.35;3164.67;1058.68;1058.68;800.00;662.33;1314.67;780.00;930.00;310.00;0.00;630.00;0.00;0.00;0.00;0.00;320.00
1763418092.7827723;0.00;0.00;1154.01;0.00;0.00;0.00;1154.01;674.01;0.00;0.00;0.00;1200.00;0.00;0.00;0.00;0.00;677.34;0.00;0.00;0.00;723.35;144.67;914.01;800.00;790.00;790.00;1100.00;1469.34;3128.00;2494.01;3123.35;3164.67;1058.68;1058.68;800.00;662.33;1314.67;780.00;930.00;310.00;0.00;630.00;0.00;0.00;0.00;0.00;320.00
1763418092.8306985;0.00;0.00;1154.01;0.00;0.00;0.00;1154.01;914.01;0.00;0.00;0.00;1200.00;0.00;0.00;0.00;0.00;677.34;0.00;0.00;0.00;723.35;144.67;914.01;800.00;790.00;790.00;1100.00;1629.34;3288.00;2654.01;3203.35;3244.67;1058.68;1058.68;800.00;982.33;1314.67;780.00;930.00;310.00;0.00;630.00;0.00;0.00;0.00;0.00;320.00
1763418092.8315988;0.00;0.00;1154.01;0.00;0.00;0.00;1154.01;914.01;0.00;0.00;0.00;1200.00;0.00;0.00;0.00;0.00;677.34;0.00;0.00;0.00;723.35;144.67;914.01;800.00;790.00;790.00;1100.00;1629.34;3288.00;2654.01;3203.35;3244.67;1058.68;1058.68;800.00;982.33;1314.67;780.00;930.00;310.00;0.00;630.00;0.00;0.00;0.00;0.00;320.00
1763418092.880778;0.00;0.00;1154.01;0.00;0.00;0.00;1154.01;1154.01;0.00;0.00;0.00;1200.00;0.00;0.00;0.00;0.00;677.34;0.00;0.00;0.00;723.35;144.67;914.01;800.00;790.00;790.00;1330.00;1709.34;3368.00;2734.01;3363.35;3404.67;1058.68;1058.68;800.00;982.33;1624.67;1100.00;930.00;310.00;0.00;630.00;0.00;0.00;0.00;0.00;320.00
1763418092.8816845;0.00;0.00;1154.01;0.00;0.00;0.00;1154.01;1154.01;0.00;0.00;0.00;1200.00;0.00;0.00;0.00;0.00;677.34;0.00;0.00;0.00;723.35;144.67;914.01;800.00;790.00;790.00;1330.00;1709.34;3368.00;2734.01;3363.35;3404.67;1058.68;1058.68;800.00;982.33;1624.67;1100.00;930.00;310.00;0.00;630.00;0.00;0.00;0.00;0.00;320.00
1763418095.147945;0.00;0.00;914.01;0.00;0.00;0.00;1154.01;1154.01;0.00;0.00;0.00;1200.00;0.00;0.00;0.00;0.00;677.34;0.00;0.00;0.00;868.02;0.00;0.00;400.00;640.00;640.00;1250.00;1709.34;2748.00;2168.68;2743.35;2860.00;400.00;400.00;400.00;982.33;620.00;780.00;930.00;310.00;0.00;630.00;0.00;0.00;0.00;0.00;320.00
1763418095.1488492;0.00;0.00;914.01;0.00;0.00;0.00;1154.01;1154.01;0.00;0.00;0.00;1200.00;0.00;0.00;0.00;0.00;677.34;0.00;0.00;0.00;868.02;0.00;0.00;400.00;640.00;640.00;1250.00;1709.34;2748.00;2168.68;2743.35;2860.00;400.00;400.00;400.00;982.33;620.00;780.00;930.00;310.00;0.00;630.00;0.00;0.00;0.00;0.00;320.00
1763418110.0077312;0.00;144.67;914.01;0.00;0.00;0.00;1009.34;1154.01;0.00;0.00;0.00;1200.00;0.00;0.00;0.00;0.00;580.34;0.00;0.00;0.00;868.02;0.00;0.00;400.00;640.00;640.00;1250.00;1644.67;2715.67;2088.68;2743.35;2860.00;400.00;400.00;400.00;982.33;620.00;780.00;930.00;310.00;0.00;630.00;0.00;0.00;0.00;0.00;320.00
1763418110.0086076;0.00;144.67;914.01;0.00;0.00;0.00;1009.34;1154.01;0.00;0.00;0.00;1200.00;0.00;0.00;0.00;0.00;580.34;0.00;0.00;0.00;868.02;0.00;0.00;400.00;640.00;640.00;1250.00;1644.67;2715.67;2088.68;2743.35;2860.00;400.00;400.00;400.00;982.33;620.00;780.00;930.00;310.00;0.00;630.00;0.00;0.00;0.00;0.00;320.00
1763418110.0532308;0.00;289.34;914.01;0.00;0.00;0.00;1009.34;1154.01;0.00;0.00;0.00;1200.00;0.00;0.00;0.00;0.00;580.34;0.00;0.00;0.00;868.02;0.00;0.00;400.00;640.00;640.00;1250.00;1644.67;2715.67;2088.68;2968.02;3100.00;400.00;400.00;400.00;982.33;620.00;780.00;930.00;310.00;0.00;630.00;0.00;0.00;0.00;0.00;320.00
1763418110.0541296;0.00;289.34;914.01;0.00;0.00;0.00;1009.34;1154.01;0.00;0.00;0.00;1200.00;0.00;0.00;0.00;0.00;580.34;0.00;0.00;0.00;868.02;0.00;0.00;400.00;640.00;640.00;1250.00;1644.67;2715.67;2088.68;2968.02;3100.00;400.00;400.00;400.00;982.33;620.00;780.00;930.00;310.00;0.00;630.00;0.00;0.00;0.00;0.00;320.00
1763418115.018796;0.00;289.34;914.01;0.00;0.00;0.00;769.34;1154.01;0.00;0.00;0.00;960.00;144.67;0.00;0.00;0.00;580.34;0.00;0.00;0.00;868.02;0.00;0.00;400.00;640.00;640.00;1250.00;1789.34;2635.67;2088.68;2668.02;3100.00;400.00;400.00;400.00;982.33;620.00;780.00;930.00;310.00;0.00;630.00;0.00;0.00;0.00;0.00;320.00
1763418115.0197146;0.00;289.34;914.01;0.00;0.00;0.00;769.34;1154.01;0.00;0.00;0.00;960.00;144.67;0.00;0.00;0.00;580.34;0.00;0.00;0.00;868.02;0.00;0.00;400.00;640.00;640.00;1250.00;1789.34;2635.67;2088.68;2668.02;3100.00;400.00;400.00;400.00;982.33;620.00;780.00;930.00;310.00;0.00;630.00;0.00;0.00;0.00;0.00;320.00
1763418115.0659761;0.00;434.01;914.01;0.00;0.00;0.00;769.34;1154.01;0.00;0.00;0.00;960.00;144.67;0.00;0.00;0.00;580.34;0.00;0.00;0.00;868.02;0.00;0.00;400.00;640.00;640.00;1250.00;1789.34;2635.67;2088.68;2818.02;3404.67;400.00;400.00;400.00;982.33;620.00;780.00;930.00;310.00;0.00;630.00;0.00;0.00;0.00;0.00;320.00
1763418115.066881;0.00;434.01;914.01;0.00;0.00;0.00;769.34;1154.01;0.00;0.00;0.00;960.00;144.67;0.00;0.00;0.00;580.34;0.00;0.00;0.00;868.02;0.00;0.00;400.00;640.00;640.00;1250.00;1789.34;2635.67;2088.68;2818.02;3404.67;400.00;400.00;400.00;982.33;620.00;780.00;930.00;310.00;0.00;630.00;0.00;0.00;0.00;0.00;320.00
1763418117.643155;0.00;434.01;914.01;0.00;0.00;0.00;769.34;1154.01;0.00;0.00;0.00;960.00;144.67;0.00;0.00;0.00;580.34;0.00;144.67;0.00;868.02;0.00;0.00;400.00;640.00;640.00;1250.00;1789.34;2635.67;2088.68;2968.02;3564.67;544.67;400.00;400.00;982.33;850.00;780.00;930.00;310.00;0.00;630.00;0.00;0.00;0.00;0.00;320.00
1763418117.643668;0.00;434.01;914.01;0.00;0.00;0.00;769.34;1154.01;0.00;0.00;0.00;960.00;144.67;0.00;0.00;0.00;580.34;0.00;144.67;0.00;868.02;0.00;0.00;400.00;640.00;640.00;1250.00;1789.34;2635.67;2088.68;2968.02;3564.67;544.67;400.00;400.00;982.33;850.00;780.00;930.00;310.00;0.00;630.00;0.00;0.00;0.00;0.00;320.00
1763418117.6856866;0.00;434.01;914.01;0.00;0.00;0.00;769.34;1154.01;0.00;0.00;0.00;960.00;144.67;0.00;0.00;0.00;580.34;0.00;289.34;0.00;868.02;0.00;0.00;400.00;640.00;640.00;1250.00;1789.34;2635.67;2088.68;3118.02;3724.67;689.34;400.00;400.00;982.33;1080.00;1090.00;930.00;310.00;0.00;630.00;0.00;0.00;0.00;0.00;320.00
1763418117.6862142;0.00;434.01;914.01;0.00;0.00;0.00;769.34;1154.01;0.00;0.00;0.00;960.00;144.67;0.00;0.00;0.00;580.34;0.00;289.34;0.00;868.02;0.00;0.00;400.00;640.00;640.00;1250.00;1789.34;2635.67;2088.68;3118.02;3724.67;689.34;400.00;400.00;982.33;1080.00;1090.00;930.00;310.00;0.00;630.00;0.00;0.00;0.00;0.00;320.00
1763418117.7413533;0.00;434.01;914.01;0.00;0.00;0.00;769.34;1154.01;0.00;0.00;0.00;960.00;144.67;0.00;0.00;0.00;580.34;0.00;529.34;0.00;868.02;0.00;0.00;400.00;640.00;640.00;1250.00;1789.34;2635.67;2088.68;3118.02;3724.67;929.34;400.00;400.00;982.33;1620.00;1090.00;930.00;310.00;0.00;630.00;0.00;0.00;0.00;0.00;320.00
1763418117.74224;0.00;434.01;914.01;0.00;0.00;0.00;769.34;1154.01;0.00;0.00;0.00;960.00;144.67;0.00;0.00;0.00;580.34;0.00;529.34;0.00;868.02;0.00;0.00;400.00;640.00;640.00;1250.00;1789.34;2635.67;2088.68;3118.02;3724.67;929.34;400.00;400.00;982.33;1620.00;1090.00;930.00;310.00;0.00;630.00;0.00;0.00;0.00;0.00;320.00
1763418117.7968028;0.00;434.01;914.01;0.00;0.00;0.00;769.34;1154.01;0.00;0.00;0.00;960.00;144.67;0.00;0.00;0.00;580.34;0.00;769.34;0.00;868.02;0.00;0.00;640.00;960.00;640.00;1250.00;1789.34;2635.67;2088.68;3118.02;3724.67;929.34;640.00;640.00;982.33;1620.00;1090.00;930.00;310.00;0.00;630.00;0.00;0.00;0.00;0.00;320.00
1763418117.797704;0.00;434.01;914.01;0.00;0.00;0.00;769.34;1154.01;0.00;0.00;0.00;960.00;144.67;0.00;0.00;0.00;580.34;0.00;769.34;0.00;868.02;0.00;0.00;640.00;960.00;640.00;1250.00;1789.34;2635.67;2088.68;3118.02;3724.67;929.34;640.00;640.00;982.33;1620.00;1090.00;930.00;310.00;0.00;630.00;0.00;0.00;0.00;0.00;320.00
1763418117.8468182;0.00;434.01;914.01;0.00;0.00;0.00;769.34;1154.01;0.00;0.00;0.00;960.00;144.67;0.00;0.00;0.00;580.34;0.00;1009.34;0.00;868.02;0.00;0.00;800.00;960.00;640.00;1250.00;1789.34;2635.67;2088.68;3118.02;3724.67;1009.34;800.00;800.00;982.33;1850.00;1090.00;930.00;310.00;0.00;630.00;0.00;0.00;0.00;0.00;320.00
1763418117.847712;0.00;434.01;914.01;0.00;0.00;0.00;769.34;1154.01;0.00;0.00;0.00;960.00;144.67;0.00;0.00;0.00;580.34;0.00;1009.34;0.00;868.02;0.00;0.00;800.00;960.00;640.00;1250.00;1789.34;2635.67;2088.68;3118.02;3724.67;1009.34;800.00;800.00;982.33;1850.00;1090.00;930.00;310.00;0.00;630.00;0.00;0.00;0.00;0.00;320.00
1763418117.901352;0.00;434.01;914.01;0.00;0.00;0.00;769.34;1154.01;0.00;0.00;0.00;960.00;144.67;0.00;0.00;0.00;580.34;0.00;1249.34;0.00;868.02;0.00;0.00;880.00;960.00;640.00;1250.00;1789.34;2635.67;2088.68;3268.02;3884.67;1169.34;1200.00;880.00;982.33;1850.00;1400.00;930.00;310.00;0.00;630.00;0.00;0.00;0.00;0.00;320.00
1763418117.902282;0.00;434.01;914.01;0.00;0.00;0.00;769.34;1154.01;0.00;0.00;0.00;960.00;144.67;0.00;0.00;0.00;580.34;0.00;1249.34;0.00;868.02;0.00;0.00;880.00;960.00;640.00;1250.00;1789.34;2635.67;2088.68;3268.02;3884.67;1169.34;1200.00;880.00;982.33;1850.00;1400.00;930.00;310.00;0.00;630.00;0.00;0.00;0.00;0.00;320.00
